KorEXO MEASUREMENT DATA FILE EXPORT,,,,,,,,,,,,,,,,,,,,,,,,,,,,
,,,,,,,,,,,,,,,,,,,,,,,,,,,,
FILE CREATED:,8/24/2021 17:42,,,,,,,,,,,,,,,,,,,,,,,,,,,
,,,,,,,,,,,,,,,,,,,,,,,,,,,,
,,,MEAN VALUE:,0.75,1.97,49241.9,1.872,10.56,5.13,44185.3,100.3,100.3,6.49,2.718,29.19,44693.7,2.31,12.56,29051,2.64,0,1.181,NA,-95.9,29.605,1.872,4.91,0
,,,STANDARD DEVIATION:,0.61,2.49,18544.9,0.824,7.81,2.6,16556.4,34.8,34.8,2.13,1.194,10.98,16752.6,2.02,6.85,10889,105.01,0,0.005,0.12,7.4,2.557,0.824,0.18,0
,,,,,,,,,,,,,,,,,,,,,,,,,,,,
,,,SENSOR SERIAL NUMBER:,19M102806,19M102806,19M102594,19L102911,19M102832,19M102832,19M102594,20A100850,20A100850,20A100850,19L102911,19M102594,19M102594,19M102806,19M102806,19M102594,20A100888,20A100888,20A100925,20A102072,20A102072,19M102594,19L102911,20A102230,20A102230
Date (MM/DD/YYYY),Time (HH:mm:ss),Time (Fract. Sec),Site Name,Chlorophyll RFU,Chlorophyll ug/L,Cond µS/cm,Depth m,fDOM QSU,fDOM RFU,nLF Cond µS/cm,ODO % sat,ODO % local,ODO mg/L,Pressure psi a,Sal psu,SpCond µS/cm,BGA PE RFU,BGA PE ug/L,TDS mg/L,Turbidity FNU,TSS mg/L,Wiper Position volt,pH,pH mV,Temp °C,Vertical Position m,Battery V,Cable Pwr V
7/22/2021,10:00:00,0,Piney Point,2.34,8.46,58710.5,2.7,6.79,3.87,51521.9,100.4,100.4,6.14,3.919,34.2,52251.4,6.5,26.77,33963,1.41,0,1.172,8.31,-96.5,31.472,2.699,5.21,0
7/22/2021,10:10:00,0,Piney Point,1.46,4.86,58720.5,2.708,6.64,3.82,51506.5,98.2,98.2,6.01,3.932,34.19,52238.7,4.28,19.25,33955,1.37,0,1.175,8.31,-96.4,31.496,2.707,5.21,0
7/22/2021,10:20:00,0,Piney Point,1.12,3.48,58734.4,2.705,6.69,3.83,51507,97.9,97.9,5.99,3.927,34.19,52240.7,3.25,15.74,33956,0.83,0,1.183,8.31,-96.6,31.508,2.706,5.22,0
7/22/2021,10:30:00,0,Piney Point,1.28,4.13,58757.1,2.704,6.63,3.81,51515.6,98.9,98.9,6.05,3.926,34.2,52250.8,3.56,16.79,33963,0.83,0,1.179,8.31,-96.6,31.519,2.704,5.21,0
7/22/2021,10:40:00,0,Piney Point,0.97,2.88,58775.8,2.7,7.13,3.98,51515.3,101,101,6.17,3.92,34.2,52252.6,2.78,14.15,33964,0.54,0,1.19,8.32,-96.8,31.536,2.697,5.21,0
7/22/2021,10:50:00,0,Piney Point,0.92,2.66,58789,2.698,6.99,3.94,51513.9,103.8,103.8,6.34,3.916,34.2,52252.7,2.51,13.22,33964,0.55,0,1.184,8.32,-97,31.549,2.697,5.22,0
7/22/2021,11:00:00,0,Piney Point,1.12,3.49,58802.4,2.696,6.92,3.91,51512.9,103.2,103.2,6.31,3.913,34.2,52253.3,3.09,15.19,33965,0.59,0,1.18,8.33,-97.2,31.562,2.695,5.21,0
7/22/2021,11:10:00,0,Piney Point,0.89,2.56,58800,2.691,6.85,3.89,51509.6,105.9,105.9,6.47,3.905,34.19,52250.1,2.59,13.51,33963,0.61,0,1.175,8.33,-97.6,31.563,2.69,5.22,0
7/22/2021,11:20:00,0,Piney Point,0.89,2.54,58807.5,2.679,6.93,3.91,51506.7,104.6,104.6,6.39,3.889,34.19,52248.3,2.35,12.68,33961,0.65,0,1.172,8.33,-97.3,31.573,2.682,5.21,0
7/22/2021,11:30:00,0,Piney Point,0.76,2.02,58810.5,2.669,7.04,3.95,51501.4,106.5,106.5,6.51,3.874,34.19,52243.9,2.31,12.55,33959,0.78,0,1.187,8.33,-97.5,31.581,2.672,5.21,0
7/22/2021,11:40:00,0,Piney Point,0.67,1.65,58819.8,2.656,7.68,4.16,51500.5,109.6,109.6,6.7,3.856,34.19,52244.1,1.82,10.89,33959,0.98,0,1.186,8.34,-97.8,31.59,2.655,5.22,0
7/22/2021,11:50:00,0,Piney Point,0.53,1.11,58837,2.641,7.74,4.19,51497.4,107.4,107.4,6.56,3.833,34.19,52243.2,1.63,10.24,33958,0.64,0,1.187,8.33,-97.5,31.608,2.637,5.22,0
7/22/2021,12:00:00,0,Piney Point,0.44,0.74,58857.6,2.624,7.98,4.27,51494.8,109.6,109.6,6.69,3.809,34.19,52243.1,1.3,9.11,33958,0.69,0,1.187,8.34,-98,31.629,2.624,5.22,0
7/22/2021,12:10:00,0,Piney Point,0.43,0.71,58879,2.605,7.89,4.24,51492.8,111.7,111.7,6.82,3.781,34.19,52243.7,1.43,9.55,33958,0.65,0,1.186,8.34,-98.2,31.65,2.604,5.22,0
7/22/2021,12:20:00,0,Piney Point,0.37,0.46,58901.7,2.584,7.88,4.23,51489.7,113.7,113.7,6.94,3.75,34.19,52243.4,1.32,9.18,33958,0.64,0,1.186,8.35,-98.8,31.673,2.584,5.21,0
7/22/2021,12:30:00,0,Piney Point,0.43,0.68,58935.8,2.557,8.3,4.37,51487.1,122.3,122.3,7.46,3.711,34.19,52244.7,1.39,9.42,33959,0.54,0,1.185,8.37,-99.8,31.705,2.554,5.22,0
7/22/2021,12:40:00,0,Piney Point,0.41,0.59,58960.6,2.526,8.12,4.31,51482.4,125.4,125.4,7.64,3.666,34.18,52243.3,1.3,9.13,33958,0.58,0,1.185,8.38,-100.3,31.732,2.524,5.22,0
7/22/2021,12:50:00,0,Piney Point,0.34,0.31,58979.8,2.495,7.99,4.27,51479.9,130.9,130.9,7.98,3.621,34.18,52243.1,1.37,9.37,33958,0.49,0,1.186,8.39,-100.9,31.751,2.495,5.22,0
7/22/2021,13:00:00,0,Piney Point,0.34,0.32,58991.3,2.466,8.44,4.42,51471.5,133,133,8.1,3.579,34.18,52236.9,1.1,8.44,33954,0.51,0,1.186,8.39,-101.2,31.77,2.464,5.22,0
7/22/2021,13:10:00,0,Piney Point,0.27,0.06,59008.3,2.436,8.45,4.42,51466.4,133.5,133.5,8.13,3.535,34.17,52234.2,1.05,8.27,33952,1.9,0,1.187,8.39,-101.3,31.79,2.433,5.22,0
7/22/2021,13:20:00,0,Piney Point,0.27,0.04,59033.2,2.405,8.61,4.47,51460.6,137.9,137.9,8.4,3.491,34.17,52231.7,1.11,8.47,33951,0.42,0,1.188,8.4,-101.5,31.818,2.405,5.22,0
7/22/2021,13:30:00,0,Piney Point,0.23,-0.12,59055.6,2.375,8.67,4.5,51449.7,141.8,141.8,8.63,3.446,34.16,52224.4,0.97,7.99,33946,0.49,0,1.188,8.4,-102,31.848,2.373,5.22,0
7/22/2021,13:40:00,0,Piney Point,0.29,0.13,59074.7,2.339,8.85,4.56,51433,144.6,144.6,8.79,3.395,34.15,52211.6,1.16,8.65,33938,0.42,0,1.189,8.41,-102.5,31.882,2.34,5.22,0
7/22/2021,13:50:00,0,Piney Point,0.19,-0.29,59105.4,2.304,8.89,4.57,51423.2,148,148,9,3.343,34.15,52206.2,0.96,7.96,33934,0.4,0,1.189,8.42,-103,31.919,2.303,5.22,0
7/22/2021,14:00:00,0,Piney Point,0.26,-0.02,59130.9,2.266,8.68,4.5,51402.6,153.3,153.3,9.32,3.289,34.14,52190.7,1.02,8.17,33924,0.66,0,1.181,8.43,-103.6,31.962,2.266,5.22,0
7/22/2021,14:10:00,0,Piney Point,0.21,-0.21,59157.4,2.228,8.88,4.57,51387,159.2,159.2,9.67,3.234,34.13,52179.7,0.9,7.76,33917,0.68,0,1.172,8.44,-104.4,32.001,2.227,5.22,0
7/22/2021,14:20:00,0,Piney Point,0.23,-0.11,59152.5,2.191,9.54,4.79,51336.4,162.1,162.1,9.84,3.18,34.09,52134.1,0.82,7.51,33887,0.35,0,1.174,8.45,-104.7,32.048,2.19,5.22,0
7/22/2021,14:30:00,0,Piney Point,0.27,0.05,59163.9,2.151,9.08,4.63,51307.1,166.6,166.6,10.11,3.121,34.07,52109.3,1.01,8.14,33871,1.21,0,1.178,8.45,-105.1,32.088,2.151,5.22,0
7/22/2021,14:40:00,0,Piney Point,0.25,-0.06,59173.7,2.114,9.35,4.72,51280.1,169,169,10.25,3.068,34.05,52086.4,1.01,8.15,33856,0.52,0,1.174,8.47,-105.8,32.124,2.113,5.22,0
7/22/2021,14:50:00,0,Piney Point,0.21,-0.23,59183.2,2.074,9.64,4.82,51253.7,176.4,176.4,10.69,3.009,34.04,52063.9,0.77,7.33,33842,0.41,0,1.191,8.47,-106.3,32.159,2.074,5.22,0
7/22/2021,15:00:00,0,Piney Point,0.27,0.03,59184.4,2.036,9.7,4.84,51218.2,176.3,176.3,10.68,2.954,34.01,52032.4,1.01,8.13,33821,0.31,0,1.191,8.48,-106.6,32.197,2.035,5.22,0
7/22/2021,15:10:00,0,Piney Point,0.27,0.04,59164,1.995,9.46,4.76,51159.5,178.8,178.8,10.82,2.895,33.97,51978,0.89,7.75,33786,0.31,0,1.178,8.48,-106.9,32.238,1.995,5.22,0
7/22/2021,15:20:00,0,Piney Point,0.23,-0.13,59165.5,1.958,9.61,4.81,51106.1,180.1,180.1,10.89,2.841,33.93,51930.6,0.85,7.6,33755,0.37,0,1.173,8.49,-107.4,32.294,1.956,5.23,0
7/22/2021,15:30:00,0,Piney Point,0.19,-0.3,58979.8,1.92,10.4,5.07,50899.7,172.4,172.4,10.43,2.786,33.78,51726.7,0.69,7.04,33622,0.48,0,1.185,8.48,-106.9,32.341,1.921,5.22,0
7/22/2021,15:40:00,0,Piney Point,0.28,0.09,58900.4,1.883,10.28,5.03,50788.7,173.5,173.5,10.49,2.732,33.7,51619.3,0.84,7.55,33553,0.33,0,1.188,8.49,-107.3,32.385,1.882,5.22,0
7/22/2021,15:50:00,0,Piney Point,0.22,-0.18,58851.2,1.845,10.22,5.01,50702.9,174.3,174.3,10.54,2.677,33.64,51537.6,0.86,7.64,33499,0.28,0,1.19,8.49,-107.1,32.43,1.844,5.22,0
7/22/2021,16:00:00,0,Piney Point,0.31,0.18,58620.7,1.81,10.88,5.23,50474.6,169.4,169.4,10.25,2.625,33.47,51309.3,0.84,7.55,33351,0.3,0,1.178,8.47,-106.4,32.461,1.811,5.23,0
7/22/2021,16:10:00,0,Piney Point,0.32,0.24,58624.7,1.774,11.05,5.29,50453.9,169.6,169.6,10.26,2.573,33.45,51291.3,0.98,8.04,33339,1.53,0,1.172,8.48,-106.8,32.486,1.773,5.23,0
7/22/2021,16:20:00,0,Piney Point,0.24,-0.08,58665.5,1.741,10.66,5.16,50471.5,172.7,172.7,10.44,2.525,33.47,51311.5,0.79,7.38,33352,0.24,0,1.187,8.49,-107.5,32.504,1.738,5.22,0
7/22/2021,16:30:00,0,Piney Point,0.24,-0.07,58470.5,1.707,11.13,5.32,50292.6,167.8,167.8,10.15,2.475,33.34,51131,0.78,7.36,33235,0.2,0,1.189,8.48,-107,32.515,1.706,5.22,0
7/22/2021,16:40:00,0,Piney Point,0.29,0.13,58358,1.673,11.9,5.57,50184.6,164.4,164.4,9.95,2.426,33.26,51022.7,0.97,8,33165,0.23,0,1.178,8.48,-107,32.527,1.672,5.23,0
7/22/2021,16:50:00,0,Piney Point,0.23,-0.11,58311.6,1.643,11.87,5.56,50117.6,167.1,167.1,10.11,2.382,33.21,50958,0.53,6.51,33123,0.29,0,1.172,8.49,-107.5,32.555,1.643,5.22,0
7/22/2021,17:00:00,0,Piney Point,0.22,-0.16,58201.9,1.613,11.76,5.53,49995.8,166.7,166.7,10.08,2.338,33.12,50837.7,0.67,6.99,33045,0.21,0,1.178,8.49,-107.7,32.584,1.611,5.23,0
7/22/2021,17:10:00,0,Piney Point,0.2,-0.23,58141.8,1.586,12.03,5.61,49919.3,167.8,167.8,10.15,2.299,33.06,50763,0.61,6.78,32996,0.32,0,1.179,8.5,-107.9,32.61,1.584,5.22,0
7/22/2021,17:20:00,0,Piney Point,0.16,-0.4,58263.7,1.561,12.41,5.74,49999.1,173.6,173.6,10.49,2.263,33.12,50847.4,0.49,6.38,33051,0.18,0,1.183,8.51,-108.5,32.636,1.56,5.22,0
7/22/2021,17:30:00,0,Piney Point,0.19,-0.31,58254.1,1.537,12.58,5.8,49959,176.8,176.8,10.68,2.228,33.09,50810.7,0.56,6.63,33027,0.2,0,1.178,8.51,-108.9,32.67,1.538,5.22,0
7/22/2021,17:40:00,0,Piney Point,0.17,-0.37,58242.1,1.514,12.48,5.77,49925.4,179.5,179.5,10.84,2.195,33.07,50779.5,0.52,6.48,33007,0.19,0,1.183,8.52,-109.2,32.694,1.514,5.22,0
7/22/2021,17:50:00,0,Piney Point,0.19,-0.28,58219.8,1.493,13.08,5.96,49884.6,180.3,180.3,10.89,2.165,33.04,50740.8,0.77,7.31,32982,0.23,0,1.179,8.52,-109.2,32.717,1.494,5.23,0
7/22/2021,18:00:00,0,Piney Point,0.21,-0.2,58204.2,1.474,13.32,6.05,49856.8,180.9,180.9,10.92,2.138,33.02,50714.4,0.82,7.49,32964,0.21,0,1.183,8.52,-109.1,32.732,1.475,5.22,0
7/22/2021,18:10:00,0,Piney Point,0.17,-0.38,58176.2,1.457,13.35,6.05,49809.2,183.7,183.7,11.09,2.113,32.99,50669,0.79,7.38,32935,0.24,0,1.178,8.52,-109.4,32.757,1.457,5.24,0
7/22/2021,18:20:00,0,Piney Point,0.24,-0.07,58058.4,1.443,13.53,6.12,49690.2,182.7,182.7,11.03,2.091,32.9,50550.2,0.84,7.57,32858,0.16,0,1.183,8.52,-109.5,32.776,1.443,5.22,0
7/22/2021,18:30:00,0,Piney Point,0.22,-0.16,58099.9,1.431,13.51,6.11,49717,183.7,183.7,11.09,2.074,32.92,50578.6,0.8,7.41,32876,0.2,0,1.179,8.53,-109.6,32.786,1.429,5.24,0
7/22/2021,18:40:00,0,Piney Point,0.22,-0.17,58135.9,1.422,13.73,6.18,49740.1,184.3,184.3,11.13,2.061,32.94,50603.2,0.79,7.38,32892,0.2,0,1.183,8.53,-109.7,32.794,1.423,5.23,0
7/22/2021,18:50:00,0,Piney Point,0.22,-0.18,58099.4,1.416,13.96,6.26,49702.4,182.6,182.6,11.02,2.053,32.91,50565.6,0.83,7.53,32868,0.23,0,1.179,8.52,-109.6,32.8,1.416,5.23,0
7/22/2021,19:00:00,0,Piney Point,0.25,-0.04,58075.3,1.415,13.83,6.22,49674.3,181.7,181.7,10.96,2.051,32.89,50538,1.01,8.15,32850,0.24,0,1.183,8.52,-109.5,32.808,1.413,5.22,0
7/22/2021,19:10:00,0,Piney Point,0.19,-0.27,58069.7,1.422,14.1,6.3,49663.5,179.6,179.6,10.84,2.062,32.88,50527.8,0.74,7.24,32843,0.25,0,1.179,8.52,-109.4,32.815,1.423,5.23,0
7/22/2021,19:20:00,0,Piney Point,0.2,-0.25,58024.2,1.432,14.49,6.43,49626.9,177.7,177.7,10.73,2.076,32.85,50490.3,0.8,7.41,32819,0.32,0,1.183,8.52,-109,32.812,1.432,5.23,0
7/22/2021,19:30:00,0,Piney Point,0.21,-0.21,57973.4,1.447,16.47,7.09,49580.2,178.4,178.4,10.77,2.098,32.82,50443.1,0.81,7.47,32788,0.17,0,1.179,8.52,-109.4,32.816,1.447,5.22,0
7/22/2021,19:40:00,0,Piney Point,0.21,-0.22,57963.6,1.464,14.65,6.49,49572.9,178.1,178.1,10.75,2.122,32.81,50435.6,0.81,7.45,32783,0.14,0,1.183,8.52,-109.3,32.815,1.464,5.22,0
7/22/2021,19:50:00,0,Piney Point,0.18,-0.34,57845.7,1.488,14.89,6.57,49507.8,168,168,10.15,2.156,32.76,50364.8,0.78,7.36,32737,0.16,0,1.179,8.5,-108.1,32.777,1.489,5.23,0
7/22/2021,20:00:00,0,Piney Point,0.18,-0.32,57659.2,1.508,14.65,6.49,49374.5,164.5,164.5,9.95,2.186,32.66,50225.8,0.49,6.37,32647,0.14,0,1.183,8.5,-108.3,32.749,1.507,5.23,0
7/22/2021,20:10:00,0,Piney Point,0.15,-0.44,57594.7,1.53,14.68,6.5,49339.6,160.4,160.4,9.71,2.218,32.64,50187.7,0.64,6.9,32622,0.25,0,1.178,8.49,-107.6,32.727,1.53,5.23,0
7/22/2021,20:20:00,0,Piney Point,0.26,-0.01,57321.1,1.556,14.56,6.46,49154.8,155.6,155.6,9.43,2.255,32.5,49993.3,0.72,7.14,32496,0.13,0,1.183,8.49,-107.5,32.674,1.556,5.22,0
7/22/2021,20:30:00,0,Piney Point,0.36,0.39,56987.6,1.581,15.71,6.84,48929.4,153.7,153.7,9.33,2.29,32.33,49756.3,1.01,8.15,32342,0.45,0,1.179,8.5,-108.3,32.609,1.579,5.22,0
7/22/2021,20:40:00,0,Piney Point,0.25,-0.06,57160.3,1.608,14.72,6.51,49078.9,148,148,8.98,2.33,32.44,49908.1,0.86,7.61,32440,0.17,0,1.183,8.48,-107,32.608,1.606,5.23,0
7/22/2021,20:50:00,0,Piney Point,0.28,0.08,57117.9,1.638,14.66,6.49,49070.7,146.3,146.3,8.88,2.373,32.43,49896.2,0.94,7.89,32433,0.23,0,1.179,8.48,-106.9,32.578,1.638,5.23,0
7/22/2021,21:00:00,0,Piney Point,0.42,0.65,57182,1.664,14.02,6.28,49206.1,145.9,145.9,8.87,2.412,32.53,50023.6,1.09,8.41,32515,0.14,0,1.183,8.49,-107.2,32.492,1.663,5.23,0
7/22/2021,21:10:00,0,Piney Point,0.44,0.74,57225.6,1.697,13.98,6.26,49253,144.4,144.4,8.77,2.459,32.56,50070.1,1.16,8.66,32546,0.22,0,1.179,8.48,-107.1,32.482,1.696,5.22,0
7/22/2021,21:20:00,0,Piney Point,0.51,1.03,57239.6,1.727,13.68,6.16,49312.7,143.1,143.1,8.7,2.503,32.6,50124.8,1.25,8.95,32581,0.21,0,1.183,8.48,-107,32.432,1.729,5.22,0
7/22/2021,21:30:00,0,Piney Point,0.58,1.31,57486.5,1.755,13.21,6.01,49608.9,143.9,143.9,8.75,2.544,32.82,50415.2,1.59,10.12,32770,0.29,0,1.179,8.48,-106.8,32.344,1.755,5.23,0
7/22/2021,21:40:00,0,Piney Point,0.63,1.51,57630,1.787,12.92,5.91,49746.6,141.1,141.1,8.58,2.59,32.92,50553.4,1.7,10.49,32860,0.28,0,1.183,8.47,-106.2,32.329,1.787,5.22,0
7/22/2021,21:50:00,0,Piney Point,0.75,2,57981.3,1.82,12.04,5.62,50079.6,137.9,137.9,8.38,2.639,33.17,50888,2.02,11.58,33077,0.42,0,1.179,8.45,-105.1,32.298,1.82,5.23,0
7/22/2021,22:00:00,0,Piney Point,0.95,2.79,58121.8,1.852,11.69,5.5,50207.6,134.8,134.8,8.18,2.686,33.26,51017.2,2.61,13.57,33161,0.39,0,1.183,8.44,-104.4,32.291,1.85,5.22,0
7/22/2021,22:10:00,0,Piney Point,0.98,2.91,58215.5,1.882,11.53,5.45,50300.1,131,131,7.95,2.729,33.33,51109.8,2.66,13.73,33221,0.68,0,1.179,8.43,-103.7,32.279,1.881,5.22,0
7/22/2021,22:20:00,0,Piney Point,0.9,2.6,58297.3,1.913,11.15,5.32,50390,127.8,127.8,7.76,2.774,33.39,51198.7,2.85,14.4,33279,0.53,0,1.183,8.42,-103.1,32.259,1.912,5.22,0
7/22/2021,22:30:00,0,Piney Point,1.1,3.42,58450.3,1.939,10.74,5.19,50546.5,124.9,124.9,7.58,2.813,33.51,51354.7,2.82,14.27,33381,0.5,0,1.179,8.41,-102.6,32.234,1.94,5.22,0
7/22/2021,22:40:00,0,Piney Point,1.26,4.06,58574,1.971,10.38,5.07,50688.2,122.5,122.5,7.44,2.86,33.61,51494.2,2.91,14.58,33471,0.49,0,1.183,8.4,-102,32.198,1.97,5.22,0
7/22/2021,22:50:00,0,Piney Point,1.62,5.51,58777.2,2.004,9.9,4.9,50932.6,121.5,121.5,7.38,2.907,33.79,51733.9,3.93,18.06,33627,0.65,0,1.179,8.39,-101.5,32.128,2.002,5.22,0
7/22/2021,23:00:00,0,Piney Point,1.91,6.69,58867.9,2.034,9.58,4.8,51033.8,119.4,119.4,7.25,2.951,33.87,51833.8,4.55,20.15,33692,0.6,0,1.183,8.39,-101.1,32.105,2.035,5.22,0
7/22/2021,23:10:00,0,Piney Point,1.76,6.1,58919,2.064,9.31,4.71,51099,118.4,118.4,7.19,2.995,33.92,51897.4,4.48,19.91,33733,0.85,0,1.179,8.38,-100.7,32.084,2.066,5.22,0
7/22/2021,23:20:00,0,Piney Point,1.47,4.9,58954,2.091,9.26,4.69,51133,115.9,115.9,7.03,3.035,33.94,51931.4,3.78,17.53,33755,0.61,0,1.183,8.37,-100.3,32.08,2.091,5.22,0
7/22/2021,23:30:00,0,Piney Point,1.7,5.86,58980.3,2.115,9.15,4.65,51165.5,114.3,114.3,6.94,3.07,33.96,51963.3,4.14,18.77,33776,0.81,0,1.179,8.37,-100,32.07,2.114,5.22,0
7/22/2021,23:40:00,0,Piney Point,1.17,3.69,59001,2.139,9.22,4.68,51189.4,112.2,112.2,6.81,3.104,33.98,51986.8,3.09,15.18,33791,0.87,0,1.183,8.36,-99.6,32.064,2.139,5.22,0
7/22/2021,23:50:00,0,Piney Point,1.6,5.44,59010.2,2.159,8.95,4.59,51211.6,111,111,6.74,3.133,34,52007.5,4.3,19.31,33805,0.8,0,1.178,8.36,-99.4,32.05,2.16,5.22,0
7/23/2021,0:00:00,0,Piney Point,1.41,4.64,59005.6,2.181,9.2,4.67,51225.8,109.7,109.7,6.66,3.165,34.01,52019.7,3.47,16.5,33813,0.67,0,1.183,8.35,-98.9,32.031,2.181,5.22,0
7/23/2021,0:10:00,0,Piney Point,1.57,5.32,58982.5,2.205,9.13,4.65,51231.1,108.9,108.9,6.62,3.2,34.01,52021.9,3.63,17.03,33814,0.75,0,1.179,8.35,-99,32.005,2.205,5.22,0
7/23/2021,0:20:00,0,Piney Point,2.13,7.58,58955.7,2.226,9.13,4.65,51235.2,107.5,107.5,6.54,3.23,34.01,52022.6,5.36,22.89,33815,0.63,0,1.183,8.35,-98.8,31.977,2.226,5.22,0
7/23/2021,0:30:00,0,Piney Point,1.91,6.68,58949.7,2.237,9.07,4.63,51256.8,108.4,108.4,6.59,3.247,34.03,52041.2,4.64,20.46,33827,0.68,0,1.179,8.35,-98.9,31.95,2.236,5.22,0
7/23/2021,0:40:00,0,Piney Point,2.07,7.35,58947.7,2.25,8.49,4.44,51260.1,107.7,107.7,6.55,3.265,34.03,52043.9,5.47,23.27,33829,0.66,0,1.183,8.35,-98.7,31.945,2.25,5.22,0
7/23/2021,0:50:00,0,Piney Point,1.57,5.3,58939.4,2.258,9.09,4.64,51260.2,105.3,105.3,6.4,3.277,34.03,52043.1,4.15,18.79,33828,0.73,0,1.179,8.34,-98.3,31.938,2.258,5.22,0
7/23/2021,1:00:00,0,Piney Point,2.4,8.68,58939.7,2.27,8.86,4.56,51270.8,106.5,106.5,6.48,3.294,34.04,52052.5,6.34,26.24,33834,0.69,0,1.183,8.35,-98.6,31.927,2.269,5.22,0
7/23/2021,1:10:00,0,Piney Point,1.85,6.43,58941.7,2.277,7.71,4.17,51274.3,101.2,101.2,6.15,3.305,34.04,52055.9,4.92,21.41,33836,0.74,0,1.179,8.34,-98.1,31.926,2.276,5.22,0
7/23/2021,1:20:00,0,Piney Point,1.98,6.96,58937.1,2.288,7.98,4.26,51289.9,100.2,100.2,6.09,3.32,34.05,52069.3,5.54,23.51,33845,0.7,0,1.183,8.34,-98.1,31.906,2.289,5.22,0
7/23/2021,1:30:00,0,Piney Point,2.35,8.46,58937.8,2.298,8.21,4.34,51300.3,100,100,6.09,3.335,34.06,52078.6,5.87,24.64,33851,0.71,0,1.179,8.33,-97.8,31.896,2.297,5.22,0
7/23/2021,1:40:00,0,Piney Point,2.32,8.37,58937.8,2.298,8.2,4.34,51315.2,104.7,104.7,6.37,3.335,34.07,52091.9,6.07,25.32,33860,1,0,1.183,8.34,-98.3,31.881,2.299,5.22,0
7/23/2021,1:50:00,0,Piney Point,2.41,8.74,58928,2.292,8.46,4.43,51311.9,100.3,100.3,6.11,3.326,34.06,52087.9,6.05,25.23,33857,0.88,0,1.179,8.33,-97.8,31.875,2.292,5.22,0
7/23/2021,2:00:00,0,Piney Point,2.07,7.35,58917,2.285,7.84,4.22,51317.3,101.5,101.5,6.18,3.316,34.07,52091.5,5.14,22.17,33860,1.24,0,1.183,8.34,-97.9,31.86,2.285,5.22,0
7/23/2021,2:10:00,0,Piney Point,1.74,6.01,58901.4,2.277,8.03,4.28,51312.5,100.1,100.1,6.09,3.305,34.06,52085.5,4.61,20.37,33856,0.61,0,1.178,8.33,-97.7,31.851,2.278,5.22,0
7/23/2021,2:20:00,0,Piney Point,1.72,5.94,58886.6,2.27,8.41,4.41,51308.4,99,99,6.03,3.294,34.06,52080.2,4.64,20.47,33852,0.58,0,1.183,8.33,-97.4,31.842,2.27,5.21,0
7/23/2021,2:30:00,0,Piney Point,1.6,5.43,58877.3,2.255,8.29,4.37,51306.9,95.1,95.1,5.79,3.272,34.06,52077.9,4.04,18.42,33851,0.66,0,1.179,8.32,-96.7,31.836,2.256,5.22,0
7/23/2021,2:40:00,0,Piney Point,2.87,10.59,58839,2.242,8.41,4.41,51298.4,99.6,99.6,6.07,3.254,34.05,52066.2,7.4,29.83,33843,0.59,0,1.183,8.33,-97.6,31.81,2.24,5.22,0
7/23/2021,2:50:00,0,Piney Point,1.54,5.19,58834.9,2.225,8.23,4.35,51297.1,97.1,97.1,5.91,3.229,34.05,52064.6,4.24,19.1,33842,0.57,0,1.179,8.32,-97.1,31.808,2.225,5.22,0
7/23/2021,3:00:00,0,Piney Point,3.03,11.23,58802.8,2.21,8.6,4.47,51288.7,96.4,96.4,5.87,3.207,34.04,52053.7,7.09,28.77,33835,0.75,0,1.183,8.32,-97,31.788,2.21,5.22,0
7/23/2021,3:10:00,0,Piney Point,3.29,12.3,58770.3,2.196,8.39,4.4,51280.2,96.5,96.5,5.88,3.187,34.03,52042.6,8.25,32.72,33828,0.65,0,1.179,8.32,-97.2,31.768,2.195,5.21,0
7/23/2021,3:20:00,0,Piney Point,2.45,8.9,58754.6,2.181,8.19,4.33,51279.1,95.5,95.5,5.82,3.165,34.03,52039.8,6.82,27.87,33826,0.67,0,1.183,8.32,-97,31.756,2.18,5.22,0
7/23/2021,3:30:00,0,Piney Point,2.2,7.88,58734.3,2.161,8.41,4.41,51272.4,92.8,92.8,5.66,3.136,34.03,52031.7,5.64,23.85,33821,0.65,0,1.179,8.31,-96.6,31.744,2.16,5.21,0
7/23/2021,3:40:00,0,Piney Point,2.16,7.7,58702.7,2.142,8.7,4.51,51266,92.7,92.7,5.65,3.108,34.02,52022.6,6.66,27.33,33815,0.8,0,1.183,8.32,-96.6,31.723,2.141,5.22,0
7/23/2021,3:50:00,0,Piney Point,2.45,8.89,58665.3,2.124,8.59,4.47,51260,93.1,93.1,5.68,3.083,34.01,52013.2,5.95,24.9,33809,0.68,0,1.179,8.32,-96.7,31.696,2.125,5.22,0
7/23/2021,4:00:00,0,Piney Point,1.97,6.94,58634.9,2.112,9.25,4.69,51252.2,92.1,92.1,5.63,3.066,34.01,52002.9,4.96,21.56,33802,0.44,0,1.183,8.31,-96.5,31.677,2.112,5.22,0
7/23/2021,4:10:00,0,Piney Point,1.21,3.87,58636.5,2.098,8.5,4.44,51252.8,88.6,88.6,5.41,3.045,34.01,52003.7,3.24,15.7,33802,0.65,0,1.179,8.31,-96,31.678,2.098,5.21,0
7/23/2021,4:20:00,0,Piney Point,1.37,4.52,58619.1,2.084,9.17,4.66,51242.2,84.6,84.6,5.16,3.025,34,51992.3,3.61,16.98,33795,0.59,0,1.183,8.29,-95.4,31.673,2.082,5.22,0
7/23/2021,4:30:00,0,Piney Point,0.88,2.52,58618.1,2.073,9.38,4.73,51244.7,81.4,81.4,4.97,3.008,34,51994.4,2.39,12.84,33796,0.53,0,1.179,8.28,-94.7,31.67,2.072,5.21,0
7/23/2021,4:40:00,0,Piney Point,0.91,2.62,58587.3,2.071,9.65,4.82,51234.9,78,78,4.76,3.006,33.99,51982.3,2.47,13.11,33789,0.5,0,1.183,8.28,-94.2,31.652,2.073,5.22,0
7/23/2021,4:50:00,0,Piney Point,1.52,5.12,58460.6,2.067,9.44,4.75,51190.9,83.9,83.9,5.13,3,33.96,51929.4,3.77,17.5,33754,0.55,0,1.178,8.3,-95.4,31.585,2.065,5.22,0
7/23/2021,5:00:00,0,Piney Point,1.28,4.13,58412,2.067,9.63,4.81,51185.8,85.8,85.8,5.25,3,33.95,51919.6,3.34,16.05,33748,0.51,0,1.183,8.3,-95.6,31.547,2.066,5.22,0
7/23/2021,5:10:00,0,Piney Point,1.11,3.43,58402.4,2.066,9.68,4.83,51179.7,80.7,80.7,4.94,2.998,33.95,51913.2,3.08,15.15,33744,0.63,0,1.179,8.28,-94.7,31.545,2.068,5.22,0
7/23/2021,5:20:00,0,Piney Point,0.95,2.81,58393.3,2.069,9.75,4.86,51177.3,79,79,4.84,3.002,33.94,51910.1,2.55,13.37,33742,0.47,0,1.183,8.28,-94.5,31.539,2.068,5.22,0
7/23/2021,5:30:00,0,Piney Point,0.78,2.13,58400.7,2.068,9.64,4.82,51179.9,74.6,74.6,4.56,3.001,33.95,51913.2,2.21,12.23,33744,0.46,0,1.179,8.27,-93.9,31.543,2.069,5.22,0
7/23/2021,5:40:00,0,Piney Point,0.72,1.86,58396.3,2.067,9.87,4.89,51181,71.8,71.8,4.39,3,33.95,51913.7,2,11.5,33744,0.54,0,1.183,8.26,-93.2,31.538,2.068,5.22,0
7/23/2021,5:50:00,0,Piney Point,0.7,1.8,58380.4,2.064,9.8,4.87,51173.9,69,69,4.22,2.995,33.94,51905.6,1.95,11.32,33739,0.69,0,1.179,8.26,-93,31.531,2.063,5.22,0
7/23/2021,6:00:00,0,Piney Point,0.73,1.92,58365.5,2.074,9.98,4.93,51169.8,67.5,67.5,4.13,3.01,33.94,51900.4,2.03,11.61,33735,0.54,0,1.183,8.25,-92.7,31.522,2.072,5.22,0
7/23/2021,6:10:00,0,Piney Point,0.72,1.84,58335.2,2.071,9.84,4.88,51160,69.9,69.9,4.28,3.005,33.93,51888.3,2.09,11.8,33727,0.54,0,1.179,8.26,-93.2,31.505,2.073,5.22,0
7/23/2021,6:20:00,0,Piney Point,0.66,1.6,58327.7,2.074,9.83,4.88,51158.6,68.1,68.1,4.17,3.011,33.93,51886.3,1.96,11.37,33726,0.54,0,1.183,8.25,-92.8,31.5,2.075,5.22,0
7/23/2021,6:30:00,0,Piney Point,0.61,1.4,58329.4,2.092,10.04,4.95,51158.7,64.9,64.9,3.98,3.035,33.93,51886.6,1.86,11.02,33726,0.61,0,1.178,8.24,-92.2,31.501,2.09,5.22,0
7/23/2021,6:40:00,0,Piney Point,0.61,1.41,58327.4,2.106,10,4.94,51157.6,61,61,3.74,3.056,33.93,51885.3,2.02,11.57,33725,0.62,0,1.183,8.23,-91.7,31.5,2.102,5.21,0
7/23/2021,6:50:00,0,Piney Point,0.61,1.42,58321.5,2.122,10.28,5.03,51154.4,55.6,55.6,3.41,3.08,33.93,51881.9,1.8,10.81,33723,0.68,0,1.179,8.21,-90.5,31.498,2.124,5.21,0
7/23/2021,7:00:00,0,Piney Point,0.62,1.47,58279.4,2.141,10.43,5.08,51129.3,54.6,54.6,3.34,3.107,33.91,51855,1.84,10.95,33706,0.56,0,1.183,8.21,-90.2,31.487,2.142,5.21,0
7/23/2021,7:10:00,0,Piney Point,1.07,3.26,58162.5,2.168,10.55,5.12,51066.4,68.6,68.6,4.21,3.147,33.86,51786.3,2.75,14.06,33661,0.54,0,1.179,8.25,-92.9,31.446,2.17,5.21,0
7/23/2021,7:20:00,0,Piney Point,1.18,3.74,58103.4,2.192,10.51,5.11,51039.7,76.4,76.4,4.69,3.181,33.84,51756.2,3.28,15.83,33642,0.66,0,1.183,8.28,-94.3,31.421,2.194,5.22,0
7/23/2021,7:30:00,0,Piney Point,1.38,4.52,58103.3,2.215,10.43,5.08,51059.6,82.3,82.3,5.05,3.214,33.85,51773.8,3.79,17.58,33653,0.57,0,1.179,8.29,-95.2,31.401,2.211,5.21,0
7/23/2021,7:40:00,0,Piney Point,1.37,4.5,58116.8,2.235,10.32,5.04,51079.5,79.9,79.9,4.9,3.244,33.86,51793.1,3.7,17.27,33665,0.49,0,1.183,8.29,-94.8,31.393,2.236,5.21,0
7/23/2021,7:50:00,0,Piney Point,1.2,3.82,58120,2.259,10.23,5.02,51095.2,80.1,80.1,4.92,3.278,33.87,51807.3,3.43,16.34,33675,0.55,0,1.179,8.28,-94.7,31.38,2.256,5.21,0
7/23/2021,8:00:00,0,Piney Point,1.36,4.45,58099.9,2.281,10.21,5.01,51109,82.3,82.3,5.06,3.311,33.88,51817.5,3.65,17.09,33681,0.6,0,1.183,8.29,-94.9,31.348,2.281,5.21,0
7/23/2021,8:10:00,0,Piney Point,2.06,7.3,58101,2.314,10.08,4.96,51141.6,85.1,85.1,5.23,3.358,33.91,51846.7,5.3,22.7,33700,0.76,0,1.178,8.29,-95.3,31.316,2.317,5.21,0
7/23/2021,8:20:00,0,Piney Point,2.13,7.58,58089.5,2.342,9.98,4.93,51138.6,85.4,85.4,5.25,3.4,33.9,51842.8,5.49,23.35,33698,0.61,0,1.183,8.3,-95.3,31.309,2.342,5.22,0
7/23/2021,8:30:00,0,Piney Point,1.26,4.04,58089.9,2.372,10.11,4.97,51129.7,83.9,83.9,5.16,3.443,33.9,51834.9,3.63,17.04,33693,0.67,0,1.179,8.29,-95.1,31.318,2.376,5.21,0
7/23/2021,8:40:00,0,Piney Point,1.32,4.29,58045.2,2.398,10.13,4.98,51093.4,84,84,5.16,3.481,33.87,51797.7,3.71,17.3,33668,0.64,0,1.183,8.3,-95.3,31.315,2.398,5.21,0
7/23/2021,8:50:00,0,Piney Point,1.56,5.28,58029.9,2.43,10.01,4.94,51097.1,83.9,83.9,5.16,3.526,33.87,51799.4,4.2,18.95,33670,0.76,0,1.179,8.29,-95.3,31.297,2.431,5.21,0
7/23/2021,9:00:00,0,Piney Point,1.95,6.84,58077,2.456,9.66,4.83,51166.4,90,90,5.54,3.564,33.92,51866.2,5.03,21.79,33713,0.68,0,1.183,8.31,-95.9,31.269,2.451,5.21,0
7/23/2021,9:10:00,0,Piney Point,1.28,4.14,58112.2,2.487,9.54,4.78,51192.3,89.4,89.4,5.49,3.609,33.94,51893,3.82,17.68,33730,0.61,0,1.179,8.3,-95.7,31.275,2.486,5.21,0
7/23/2021,9:20:00,0,Piney Point,1.1,3.4,58158.8,2.515,9.29,4.7,51222.5,89.5,89.5,5.5,3.65,33.96,51925,3.13,15.33,33751,0.52,0,1.183,8.3,-95.7,31.286,2.507,5.21,0
7/23/2021,9:30:00,0,Piney Point,1.03,3.13,58249.1,2.542,8.98,4.6,51293,91.7,91.7,5.63,3.69,34.02,51997.6,3.13,15.35,33798,0.68,0,1.179,8.3,-95.7,31.295,2.543,5.21,0
7/23/2021,9:40:00,0,Piney Point,1.26,4.05,58337.8,2.568,8.57,4.46,51382.1,93.2,93.2,5.72,3.728,34.08,52086.6,3.5,16.59,33856,0.65,0,1.183,8.3,-95.7,31.284,2.571,5.21,0
7/23/2021,9:50:00,0,Piney Point,1.32,4.29,58334.7,2.595,8.21,4.34,51402.8,93.9,93.9,5.77,3.767,34.1,52104.7,3.76,17.48,33868,0.79,0,1.179,8.3,-95.8,31.26,2.595,5.2,0
7/23/2021,10:00:00,0,Piney Point,1.01,3.04,58325.5,2.616,8.44,4.42,51382,95,95,5.83,3.798,34.08,52085.2,2.61,13.56,33855,0.6,0,1.183,8.31,-95.9,31.273,2.62,5.21,0
7/23/2021,10:10:00,0,Piney Point,0.82,2.25,58319.6,2.631,8.25,4.35,51364.6,95.3,95.3,5.85,3.82,34.07,52069,2.28,12.45,33845,0.6,0,1.179,8.31,-96.1,31.285,2.631,5.21,0
7/23/2021,10:20:00,0,Piney Point,0.48,0.89,58348.4,2.647,8.27,4.36,51365.9,96.9,96.9,5.95,3.842,34.07,52073.2,1.5,9.82,33848,0.54,0,1.183,8.31,-96.2,31.309,2.646,5.21,0
7/23/2021,10:30:00,0,Piney Point,0.65,1.57,58331.5,2.662,8.4,4.4,51341,98.7,98.7,6.06,3.865,34.06,52049.3,2.02,11.58,33832,0.54,0,1.178,8.31,-96.5,31.319,2.664,5.21,0
7/23/2021,10:40:00,0,Piney Point,0.64,1.53,58315.2,2.669,8.54,4.45,51321,97.4,97.4,5.98,3.874,34.04,52029.7,1.79,10.8,33819,0.5,0,1.183,8.31,-96.3,31.325,2.67,5.21,0
7/23/2021,10:50:00,0,Piney Point,0.45,0.76,58343.8,2.681,8.62,4.48,51315.8,98.3,98.3,6.03,3.891,34.04,52028.1,1.44,9.61,33818,0.7,0,1.179,8.31,-96.4,31.355,2.687,5.21,0
7/23/2021,11:00:00,0,Piney Point,0.44,0.73,58335.7,2.678,8.6,4.47,51300.6,94.9,94.9,5.82,3.887,34.03,52013.7,1.56,10.01,33809,1.03,0,1.183,8.31,-96,31.364,2.674,5.21,0
7/23/2021,11:10:00,0,Piney Point,0.68,1.71,58341.9,2.687,8.53,4.45,51298.2,100.2,100.2,6.15,3.901,34.03,52012.2,2.15,12.02,33808,0.65,0,1.178,8.32,-96.9,31.372,2.689,5.21,0
7/23/2021,11:20:00,0,Piney Point,0.52,1.07,58379.1,2.68,8.41,4.41,51293.3,102.7,102.7,6.29,3.89,34.02,52011.9,1.62,10.22,33808,0.55,0,1.183,8.32,-97.1,31.409,2.676,5.21,0
7/23/2021,11:30:00,0,Piney Point,0.67,1.64,58401.8,2.673,8.53,4.45,51288.6,104.6,104.6,6.41,3.879,34.02,52010.1,1.86,11.02,33807,0.58,0,1.178,8.33,-97.5,31.434,2.67,5.21,0
7/23/2021,11:40:00,0,Piney Point,0.7,1.77,58445.5,2.669,8.4,4.4,51305,106.3,106.3,6.51,3.874,34.04,52029.4,1.96,11.36,33819,0.58,0,1.183,8.33,-97.7,31.456,2.676,5.21,0
7/23/2021,11:50:00,0,Piney Point,0.83,2.32,58580.6,2.655,8.08,4.3,51386.3,108.9,108.9,6.67,3.854,34.1,52116.5,2.62,13.61,33876,0.72,0,1.178,8.33,-97.7,31.494,2.654,5.21,0
7/23/2021,12:00:00,0,Piney Point,1.2,3.83,58692,2.643,7.7,4.17,51440.5,105.6,105.6,6.46,3.836,34.14,52176.9,3.17,15.47,33915,0.63,0,1.183,8.32,-97,31.538,2.64,5.21,0
7/23/2021,12:10:00,0,Piney Point,0.83,2.32,58696.6,2.628,7.44,4.09,51430.3,105.2,105.2,6.44,3.814,34.13,52168.2,2.27,12.42,33909,0.72,0,1.179,8.32,-97.1,31.552,2.625,5.2,0
7/23/2021,12:20:00,0,Piney Point,0.63,1.5,58722.6,2.612,7.61,4.14,51427.6,106.5,106.5,6.51,3.791,34.13,52168.7,1.72,10.54,33910,0.94,0,1.183,8.32,-97.1,31.577,2.611,5.21,0
7/23/2021,12:30:00,0,Piney Point,0.53,1.1,58737.4,2.597,7.67,4.16,51408.5,108.9,108.9,6.65,3.77,34.12,52153.2,1.59,10.11,33900,0.7,0,1.179,8.33,-97.5,31.61,2.596,5.21,0
7/23/2021,12:40:00,0,Piney Point,0.5,0.99,58773.3,2.58,7.82,4.21,51403.7,114.5,114.5,6.99,3.745,34.12,52152.8,1.46,9.66,33899,0.47,0,1.183,8.35,-98.5,31.646,2.579,5.21,0
7/23/2021,12:50:00,0,Piney Point,0.36,0.41,58808.8,2.555,8.11,4.31,51402.1,120.5,120.5,7.36,3.709,34.12,52155.3,1.28,9.05,33901,0.53,0,1.178,8.36,-99.4,31.679,2.555,5.21,0
7/23/2021,13:00:00,0,Piney Point,0.47,0.84,58834.6,2.529,7.97,4.26,51385.5,125,125,7.63,3.671,34.11,52143.3,1.37,9.35,33893,0.9,0,1.183,8.37,-99.7,31.719,2.528,5.2,0
7/23/2021,13:10:00,0,Piney Point,0.42,0.64,58825.8,2.508,8.05,4.29,51353.6,129.8,129.8,7.92,3.64,34.09,52113.9,1.38,9.39,33874,0.53,0,1.178,8.38,-100.5,31.743,2.51,5.2,0
7/23/2021,13:20:00,0,Piney Point,0.35,0.34,58833.6,2.481,8.18,4.33,51342.5,131.5,131.5,8.02,3.601,34.08,52104.9,1.18,8.71,33868,0.45,0,1.183,8.39,-100.9,31.761,2.482,5.21,0
7/23/2021,13:30:00,0,Piney Point,0.41,0.59,58843.6,2.453,8.39,4.4,51313,136.4,136.4,8.31,3.561,34.06,52079.7,1.36,9.34,33852,0.54,0,1.179,8.39,-101.2,31.8,2.454,5.2,0
7/23/2021,13:40:00,0,Piney Point,0.34,0.31,58913,2.428,8.51,4.44,51327.5,143.4,143.4,8.73,3.524,34.07,52100.2,1.01,8.15,33865,0.36,0,1.183,8.41,-102.1,31.846,2.429,5.21,0
7/23/2021,13:50:00,0,Piney Point,0.38,0.49,58924.6,2.397,8.59,4.47,51306.6,147.6,147.6,8.98,3.479,34.06,52082.8,1.13,8.53,33854,0.48,0,1.178,8.42,-102.8,31.878,2.396,5.2,0
7/23/2021,14:00:00,0,Piney Point,0.39,0.53,58946.7,2.366,8.7,4.51,51298.3,151.7,151.7,9.23,3.434,34.05,52077.8,1.07,8.34,33851,0.44,0,1.183,8.42,-103.2,31.906,2.364,5.21,0
7/23/2021,14:10:00,0,Piney Point,0.47,0.85,58982.2,2.337,8.92,4.58,51292.2,152.6,152.6,9.28,3.391,34.05,52076.3,1.26,8.97,33850,0.51,0,1.178,8.43,-103.7,31.943,2.336,5.2,0
7/23/2021,14:20:00,0,Piney Point,0.32,0.26,59019.9,2.301,8.79,4.53,51282,160.2,160.2,9.73,3.34,34.05,52071.3,1.01,8.14,33846,0.32,0,1.183,8.44,-104.3,31.987,2.301,5.21,0
7/23/2021,14:30:00,0,Piney Point,0.43,0.69,58985.1,2.271,9.34,4.72,51229.2,157.4,157.4,9.56,3.296,34.01,52020.5,1.24,8.92,33813,0.48,0,1.178,8.43,-103.7,32.01,2.269,5.2,0
7/23/2021,14:40:00,0,Piney Point,0.22,-0.17,59068,2.237,9.3,4.7,51259,168.4,168.4,10.22,3.246,34.03,52056,0.78,7.34,33836,0.28,0,1.183,8.46,-105.4,32.052,2.234,5.2,0
7/23/2021,14:50:00,0,Piney Point,0.29,0.1,59081.9,2.203,9.58,4.8,51229.8,173.8,173.8,10.54,3.196,34.01,52031.6,0.82,7.51,33821,0.47,0,1.178,8.47,-105.9,32.094,2.201,5.2,0
7/23/2021,15:00:00,0,Piney Point,0.29,0.1,59082.2,2.169,9.6,4.81,51188.8,179.7,179.7,10.89,3.147,33.99,51995.1,0.84,7.57,33797,0.44,0,1.183,8.48,-106.7,32.136,2.167,5.21,0
7/23/2021,15:10:00,0,Piney Point,0.23,-0.11,59061.8,2.135,9.76,4.86,51128.3,178.9,178.9,10.84,3.098,33.94,51939,0.71,7.13,33760,0.45,0,1.179,8.48,-106.9,32.18,2.133,5.21,0
7/23/2021,15:20:00,0,Piney Point,0.37,0.45,58969.1,2.096,10.04,4.95,51004.6,169.7,169.7,10.28,3.041,33.85,51818.9,1.02,8.17,33682,0.3,0,1.183,8.46,-105.8,32.224,2.095,5.21,0
7/23/2021,15:30:00,0,Piney Point,0.34,0.32,58921.2,2.059,10.2,5.01,50909.9,159.5,159.5,9.66,2.987,33.78,51729.4,0.9,7.77,33624,0.37,0,1.178,8.46,-105.5,32.279,2.056,5.21,0
7/23/2021,15:40:00,0,Piney Point,0.31,0.19,58950.4,2.021,10.23,5.02,50880.9,162.5,162.5,9.84,2.931,33.77,51706.8,0.95,7.93,33609,0.25,0,1.183,8.47,-106,32.335,2.018,5.2,0
7/23/2021,15:50:00,0,Piney Point,0.33,0.28,58902.2,1.983,10.26,5.02,50780.6,164,164,9.92,2.877,33.69,51612.3,0.99,8.07,33548,0.32,0,1.178,8.47,-106,32.395,1.981,5.2,0
7/23/2021,16:00:00,0,Piney Point,0.29,0.13,58923,1.949,10.3,5.04,50760.1,166.1,166.1,10.04,2.828,33.68,51596.4,0.69,7.04,33538,0.22,0,1.183,8.48,-106.6,32.434,1.951,5.2,0
7/23/2021,16:10:00,0,Piney Point,0.32,0.23,58801.6,1.916,10.54,5.12,50614.3,164,164,9.91,2.779,33.57,51453.4,0.82,7.49,33445,0.3,0,1.178,8.48,-106.6,32.477,1.919,5.21,0
7/23/2021,16:20:00,0,Piney Point,0.3,0.17,58780.6,1.878,10.81,5.21,50568.8,166.7,166.7,10.07,2.724,33.54,51410.6,0.7,7.07,33417,0.35,0,1.183,8.49,-107.1,32.506,1.878,5.21,0
7/23/2021,16:30:00,0,Piney Point,0.32,0.22,58654.6,1.845,10.95,5.26,50426.1,161.8,161.8,9.78,2.675,33.44,51269.9,0.85,7.6,33325,0.3,0,1.178,8.48,-106.8,32.541,1.843,5.21,0
7/23/2021,16:40:00,0,Piney Point,0.33,0.28,58623.6,1.81,11.15,5.32,50365.1,161.2,161.2,9.74,2.625,33.39,51212.3,0.88,7.7,33288,0.29,0,1.183,8.49,-107.2,32.577,1.81,5.21,0
7/23/2021,16:50:00,0,Piney Point,0.28,0.06,58619.3,1.775,12.33,5.71,50330.6,163.9,163.9,9.9,2.574,33.37,51181.1,0.67,6.98,33268,0.31,0,1.178,8.5,-107.8,32.609,1.774,5.2,0
7/23/2021,17:00:00,0,Piney Point,0.32,0.23,58520.2,1.745,11.51,5.44,50228.9,165.6,165.6,10,2.531,33.29,51079.8,0.68,7.03,33202,0.27,0,1.183,8.5,-108.1,32.626,1.746,5.21,0
7/23/2021,17:10:00,0,Piney Point,0.28,0.07,58459.5,1.711,11.72,5.51,50147.2,166.4,166.4,10.05,2.48,33.23,51000.6,0.74,7.22,33150,0.33,0,1.178,8.51,-108.5,32.657,1.711,5.21,0
7/23/2021,17:20:00,0,Piney Point,0.28,0.06,58437.5,1.681,11.86,5.56,50099,169.3,169.3,10.22,2.437,33.2,50955.3,0.85,7.59,33121,0.21,0,1.183,8.51,-108.9,32.688,1.682,5.21,0
7/23/2021,17:30:00,0,Piney Point,0.28,0.08,58306.3,1.65,12.17,5.66,49950.5,166.2,166.2,10.04,2.392,33.09,50808.9,0.68,7.02,33026,0.33,0,1.178,8.52,-109.1,32.726,1.648,5.21,0
7/23/2021,17:40:00,0,Piney Point,0.29,0.12,58279,1.623,12.33,5.72,49906.2,168.7,168.7,10.18,2.352,33.06,50766.5,0.8,7.42,32998,0.18,0,1.183,8.52,-109.5,32.748,1.625,5.2,0
7/23/2021,17:50:00,0,Piney Point,0.23,-0.12,58212.1,1.592,12.61,5.81,49822.1,167.9,167.9,10.13,2.308,33,50684.4,0.61,6.8,32945,0.26,0,1.179,8.53,-109.8,32.776,1.59,5.21,0
7/23/2021,18:00:00,0,Piney Point,0.17,-0.38,58126.2,1.568,12.87,5.89,49729.7,168.8,168.8,10.19,2.272,32.93,50592.8,0.66,6.95,32885,0.21,0,1.183,8.53,-110.1,32.796,1.563,5.21,0
7/23/2021,18:10:00,0,Piney Point,0.17,-0.36,58102.9,1.542,12.79,5.87,49697.9,169.2,169.2,10.21,2.236,32.91,50562,0.64,6.87,32865,0.27,0,1.178,8.54,-110.2,32.808,1.541,5.21,0
7/23/2021,18:20:00,0,Piney Point,0.19,-0.28,58080.6,1.519,13.15,5.99,49665.4,169.7,169.7,10.24,2.201,32.88,50530.6,0.62,6.8,32845,0.15,0,1.182,8.54,-110.5,32.823,1.516,5.21,0
7/23/2021,18:30:00,0,Piney Point,0.23,-0.13,57974.5,1.496,13.38,6.06,49558.7,167.7,167.7,10.12,2.168,32.81,50424.2,0.54,6.54,32776,0.31,0,1.179,8.54,-110.6,32.84,1.494,5.2,0
7/23/2021,18:40:00,0,Piney Point,0.16,-0.4,57986.5,1.476,13.38,6.07,49563.9,167.8,167.8,10.12,2.139,32.81,50430.1,0.45,6.24,32780,0.14,0,1.183,8.54,-110.5,32.845,1.475,5.21,0
7/23/2021,18:50:00,0,Piney Point,0.17,-0.36,57896.6,1.457,13.49,6.1,49474.2,167.4,167.4,10.1,2.112,32.74,50340.5,0.5,6.39,32721,0.35,0,1.178,8.54,-110.7,32.859,1.458,5.21,0
7/23/2021,19:00:00,0,Piney Point,0.19,-0.29,57924.6,1.437,13.68,6.16,49502.6,165.6,165.6,9.99,2.083,32.76,50368.8,0.67,7,32740,0.2,0,1.183,8.54,-110.4,32.854,1.434,5.21,0
7/23/2021,19:10:00,0,Piney Point,0.14,-0.48,57885.5,1.423,13.8,6.21,49470.9,162.7,162.7,9.82,2.062,32.74,50336.3,0.51,6.44,32719,0.29,0,1.179,8.54,-110.2,32.852,1.421,5.21,0
7/23/2021,19:20:00,0,Piney Point,0.2,-0.23,57847.3,1.41,14.05,6.29,49444.3,160.1,160.1,9.66,2.043,32.72,50308.5,0.56,6.62,32701,0.37,0,1.183,8.53,-109.8,32.846,1.411,5.2,0
7/23/2021,19:30:00,0,Piney Point,0.17,-0.39,57826,1.403,14.06,6.29,49426.3,157.5,157.5,9.51,2.034,32.71,50290.2,0.54,6.55,32689,0.63,0,1.179,8.53,-109.7,32.845,1.403,5.21,0
7/23/2021,19:40:00,0,Piney Point,0.19,-0.3,57823.7,1.398,14.15,6.32,49435.9,152.5,152.5,9.21,2.027,32.71,50298.5,0.6,6.74,32694,0.2,0,1.183,8.51,-108.7,32.833,1.4,5.21,0
7/23/2021,19:50:00,0,Piney Point,0.16,-0.41,57798.5,1.396,14.65,6.49,49421.7,148.5,148.5,8.97,2.023,32.7,50283,0.48,6.33,32684,0.34,0,1.178,8.5,-108,32.825,1.395,5.2,0
7/23/2021,20:00:00,0,Piney Point,0.22,-0.16,57783,1.397,14.23,6.35,49405.4,148.2,148.2,8.95,2.025,32.69,50266.9,0.55,6.59,32673,0.44,0,1.183,8.5,-108.2,32.828,1.396,5.21,0
7/23/2021,20:10:00,0,Piney Point,0.18,-0.35,57757.7,1.404,14.41,6.41,49389,139.1,139.1,8.4,2.034,32.68,50249.5,0.58,6.68,32662,0.44,0,1.179,8.49,-107.4,32.823,1.401,5.2,0
7/23/2021,20:20:00,0,Piney Point,0.17,-0.38,57762.9,1.416,14.46,6.42,49393.6,139.7,139.7,8.44,2.052,32.68,50254.1,0.4,6.05,32665,0.21,0,1.183,8.48,-107.1,32.823,1.42,5.21,0
7/23/2021,20:30:00,0,Piney Point,0.18,-0.34,57739.5,1.432,14.78,6.53,49381.1,140.2,140.2,8.47,2.075,32.67,50240.4,0.53,6.52,32656,0.15,0,1.178,8.49,-107.3,32.815,1.432,5.21,0
7/23/2021,20:40:00,0,Piney Point,0.16,-0.42,57695.5,1.45,14.79,6.54,49364.7,136.2,136.2,8.24,2.102,32.66,50221,0.49,6.36,32644,0.06,0,1.183,8.48,-106.6,32.792,1.451,5.2,0
7/23/2021,20:50:00,0,Piney Point,0.18,-0.32,57562.9,1.473,14.84,6.55,49283.1,132.9,132.9,8.04,2.135,32.6,50133.9,0.53,6.51,32587,0.68,0,1.178,8.49,-107.4,32.758,1.473,5.21,0
7/23/2021,21:00:00,0,Piney Point,0.26,0,57283.2,1.497,14.59,6.47,49097.2,139.7,139.7,8.46,2.169,32.45,49938,0.66,6.95,32460,0.15,0,1.183,8.53,-110.1,32.701,1.497,5.2,0
7/23/2021,21:10:00,0,Piney Point,0.3,0.18,57037.1,1.527,14.72,6.51,48942.6,146.7,146.7,8.9,2.212,32.34,49773.5,0.74,7.24,32353,0.17,0,1.179,8.56,-111.8,32.64,1.526,5.21,0
7/23/2021,21:20:00,0,Piney Point,0.29,0.13,57042.1,1.552,14.71,6.51,48973.6,144.6,144.6,8.78,2.248,32.36,49801.6,0.59,6.72,32371,0.13,0,1.183,8.55,-111.3,32.612,1.55,5.21,0
7/23/2021,21:30:00,0,Piney Point,0.24,-0.08,57067.4,1.581,14.59,6.47,49011.7,141.9,141.9,8.62,2.29,32.39,49838.2,0.61,6.76,32395,0.23,0,1.178,8.54,-110.6,32.594,1.581,5.2,0
7/23/2021,21:40:00,0,Piney Point,0.28,0.08,57088.6,1.607,14.38,6.4,49085.3,144.1,144.1,8.75,2.328,32.44,49906,0.67,6.99,32439,0.22,0,1.183,8.54,-110.6,32.535,1.608,5.2,0
7/23/2021,21:50:00,0,Piney Point,0.25,-0.06,57114.4,1.637,14.42,6.41,49122.1,142.7,142.7,8.67,2.372,32.46,49941.5,0.62,6.81,32462,0.25,0,1.179,8.54,-110.3,32.52,1.636,5.2,0
7/23/2021,22:00:00,0,Piney Point,0.33,0.28,57172.5,1.666,14.31,6.37,49211,141.4,141.4,8.59,2.414,32.53,50026.9,0.81,7.45,32518,0.18,0,1.183,8.53,-110,32.478,1.666,5.21,0
7/23/2021,22:10:00,0,Piney Point,0.4,0.55,57235,1.695,13.95,6.25,49312.9,141.3,141.3,8.59,2.457,32.6,50124.4,0.84,7.57,32581,0.31,0,1.178,8.53,-109.7,32.427,1.694,5.2,0
7/23/2021,22:20:00,0,Piney Point,0.49,0.92,57489.4,1.726,13.5,6.1,49594.6,138.3,138.3,8.41,2.502,32.81,50402.8,0.89,7.74,32762,0.32,0,1.183,8.51,-108.4,32.361,1.725,5.2,0
7/23/2021,22:30:00,0,Piney Point,0.44,0.74,57647.3,1.755,13,5.94,49738.6,137.1,137.1,8.33,2.544,32.91,50548.2,1.02,8.17,32856,0.39,0,1.178,8.5,-107.8,32.353,1.755,5.2,0
7/23/2021,22:40:00,0,Piney Point,0.43,0.69,57743.9,1.788,12.99,5.94,49817.4,134.7,134.7,8.18,2.592,32.97,50628.8,0.79,7.4,32909,0.32,0,1.183,8.49,-107.2,32.358,1.788,5.2,0
7/23/2021,22:50:00,0,Piney Point,0.47,0.85,57875.1,1.817,12.75,5.86,49931.4,132.4,132.4,8.04,2.634,33.06,50744.6,1.12,8.51,32984,0.42,0,1.179,8.47,-106.4,32.357,1.816,5.21,0
7/23/2021,23:00:00,0,Piney Point,0.63,1.5,58073.5,1.84,12.24,5.68,50111.5,130.5,130.5,7.92,2.668,33.19,50926.5,1.46,9.68,33102,0.6,0,1.183,8.47,-105.8,32.348,1.839,5.2,0
7/23/2021,23:10:00,0,Piney Point,0.8,2.18,58184.4,1.865,12.13,5.65,50214.1,129,129,7.83,2.705,33.27,51029.8,1.91,11.21,33169,0.6,0,1.179,8.46,-105.3,32.34,1.865,5.2,0
7/23/2021,23:20:00,0,Piney Point,0.65,1.59,58261.6,1.893,11.79,5.54,50290.8,126.8,126.8,7.69,2.746,33.32,51106.6,1.65,10.3,33219,0.47,0,1.183,8.44,-104.5,32.33,1.892,5.2,0
7/23/2021,23:30:00,0,Piney Point,0.64,1.53,58399.6,1.915,11.49,5.43,50440.2,125.4,125.4,7.61,2.777,33.43,51254.5,1.75,10.65,33315,0.67,0,1.178,8.44,-104.1,32.299,1.915,5.2,0
7/23/2021,23:40:00,0,Piney Point,1.56,5.27,58808.6,1.947,10.65,5.15,50839.8,125.5,125.5,7.61,2.824,33.73,51654.7,3.82,17.69,33576,0.77,0,1.183,8.42,-103.1,32.251,1.946,5.19,0
7/23/2021,23:50:00,0,Piney Point,1.82,6.33,59068.4,1.975,10.15,4.99,51058.7,124.2,124.2,7.52,2.866,33.89,51877.8,4.4,19.66,33721,0.71,0,1.179,8.41,-102.6,32.257,1.975,5.2,0
7/24/2021,0:00:00,0,Piney Point,1.5,5.04,59208.9,1.996,9.94,4.92,51173.5,124.5,124.5,7.54,2.897,33.98,51995.3,4.13,18.73,33797,0.68,0,1.183,8.41,-102.5,32.264,1.998,5.2,0
7/24/2021,0:10:00,0,Piney Point,1.51,5.05,59242.1,2.02,9.63,4.82,51220.9,124,124,7.51,2.931,34.02,52041.1,3.49,16.55,33827,0.71,0,1.178,8.41,-102.3,32.245,2.02,5.2,0
7/24/2021,0:20:00,0,Piney Point,1.19,3.78,59241.7,2.042,9.65,4.82,51242.6,121.4,121.4,7.35,2.964,34.03,52060.4,2.93,14.67,33839,0.62,0,1.183,8.4,-101.9,32.222,2.042,5.2,0
7/24/2021,0:30:00,0,Piney Point,1.22,3.9,59249.9,2.07,9.6,4.8,51289.4,120.7,120.7,7.31,3.003,34.06,52102.9,2.91,14.59,33867,0.7,0,1.178,8.4,-101.6,32.182,2.068,5.19,0
7/24/2021,0:40:00,0,Piney Point,1.68,5.75,59266.7,2.103,9.55,4.79,51325.7,118.4,118.4,7.17,3.051,34.09,52137,4.01,18.31,33889,0.82,0,1.182,8.39,-101.1,32.16,2.102,5.2,0
7/24/2021,0:50:00,0,Piney Point,1.69,5.78,59278.8,2.115,9.44,4.75,51350,117.7,117.7,7.13,3.07,34.11,52160,4.17,18.87,33904,0.74,0,1.178,8.39,-101,32.146,2.115,5.2,0
7/24/2021,1:00:00,0,Piney Point,1.43,4.76,59274.1,2.129,9.53,4.78,51352.1,115.9,115.9,7.02,3.09,34.11,52161.4,3.71,17.29,33905,0.68,0,1.183,8.38,-100.9,32.139,2.129,5.2,0
7/24/2021,1:10:00,0,Piney Point,1.35,4.43,59262.8,2.149,9.54,4.79,51351.1,114.7,114.7,6.95,3.119,34.11,52159.2,3.35,16.09,33903,0.75,0,1.178,8.38,-100.7,32.13,2.15,5.2,0
7/24/2021,1:20:00,0,Piney Point,0.99,2.95,59251.5,2.154,9.68,4.83,51353.6,113.7,113.7,6.89,3.126,34.11,52160.2,2.36,12.71,33904,0.84,0,1.183,8.38,-100.5,32.118,2.155,5.2,0
7/24/2021,1:30:00,0,Piney Point,1.76,6.08,59218.1,2.175,9.54,4.79,51346.8,113.6,113.6,6.89,3.156,34.1,52150.5,4.62,20.4,33898,0.69,0,1.178,8.38,-100.7,32.095,2.175,5.2,0
7/24/2021,1:40:00,0,Piney Point,1.99,7.02,59154.7,2.186,9.05,4.62,51335.6,114.4,114.4,6.94,3.172,34.09,52133.7,5.52,23.46,33887,0.75,0,1.183,8.38,-100.6,32.051,2.186,5.19,0
7/24/2021,1:50:00,0,Piney Point,2.05,7.24,59135.4,2.188,8.69,4.5,51327.7,111.9,111.9,6.79,3.176,34.08,52124.5,5.46,23.25,33881,0.91,0,1.178,8.38,-100.4,32.042,2.188,5.2,0
7/24/2021,2:00:00,0,Piney Point,1.39,4.6,59126.6,2.195,8.99,4.6,51324.2,108.4,108.4,6.58,3.185,34.08,52120.5,4.58,20.27,33878,0.92,0,1.183,8.37,-99.9,32.038,2.197,5.19,0
7/24/2021,2:10:00,0,Piney Point,1.16,3.66,59107.5,2.204,8.65,4.49,51320.5,105.6,105.6,6.41,3.198,34.08,52115.1,2.83,14.3,33875,0.66,0,1.178,8.36,-99.4,32.025,2.204,5.2,0
7/24/2021,2:20:00,0,Piney Point,1.67,5.71,59068.8,2.193,8.16,4.32,51301.6,102.9,102.9,6.25,3.182,34.06,52094.1,2.95,14.73,33861,1.18,0,1.183,8.36,-99.6,32.01,2.192,5.2,0
7/24/2021,2:30:00,0,Piney Point,1.87,6.55,59025.2,2.173,8.51,4.44,51294.4,104.3,104.3,6.34,3.153,34.06,52082.8,4.9,21.34,33854,1.23,0,1.179,8.36,-99.5,31.979,2.171,5.19,0
7/24/2021,2:40:00,0,Piney Point,2.03,7.17,59026,2.16,8.49,4.43,51299.3,100.8,100.8,6.12,3.134,34.06,52087.3,5.43,23.15,33857,0.99,0,1.183,8.36,-99.2,31.974,2.159,5.2,0
7/24/2021,2:50:00,0,Piney Point,1.72,5.93,59024,2.163,9.74,4.85,51314.6,105.2,105.2,6.39,3.139,34.07,52100.7,4.11,18.66,33865,0.61,0,1.178,8.36,-99.5,31.957,2.164,5.19,0
7/24/2021,3:00:00,0,Piney Point,1.4,4.62,59012.5,2.192,9.6,4.81,51322.2,105.4,105.4,6.41,3.181,34.07,52106.3,3.78,17.53,33869,0.56,0,1.183,8.36,-99.3,31.939,2.19,5.2,0
7/24/2021,3:10:00,0,Piney Point,1.44,4.77,59009.2,2.195,8.25,4.36,51321.3,102.6,102.6,6.24,3.186,34.07,52105.1,3.65,17.08,33868,0.77,0,1.178,8.36,-99.1,31.937,2.197,5.2,0
7/24/2021,3:20:00,0,Piney Point,1.84,6.39,58986.9,2.206,8.63,4.48,51311.7,100.4,100.4,6.1,3.201,34.07,52094.1,4.16,18.84,33861,0.95,0,1.183,8.35,-98.8,31.927,2.206,5.19,0
7/24/2021,3:30:00,0,Piney Point,1.72,5.91,58959.7,2.184,8.42,4.41,51300.7,98.5,98.5,5.99,3.17,34.06,52081.4,3.67,17.18,33853,0.63,0,1.179,8.35,-98.9,31.915,2.183,5.19,0
7/24/2021,3:40:00,0,Piney Point,1.71,5.88,58936.3,2.163,8.95,4.59,51298.1,97.7,97.7,5.94,3.139,34.05,52076.5,3.89,17.92,33850,1.04,0,1.183,8.35,-98.7,31.897,2.163,5.19,0
7/24/2021,3:50:00,0,Piney Point,1.73,5.94,58929.8,2.135,8.39,4.4,51307.7,98.8,98.8,6.01,3.098,34.06,52084.4,4.68,20.59,33855,0.98,0,1.178,8.35,-98.8,31.881,2.132,5.2,0
7/24/2021,4:00:00,0,Piney Point,1.92,6.73,58948.5,2.104,9.26,4.69,51330.9,99.1,99.1,6.03,3.054,34.08,52107.1,4.34,19.46,33870,0.66,0,1.183,8.35,-98.7,31.874,2.103,5.19,0
7/24/2021,4:10:00,0,Piney Point,1.46,4.87,58959.2,2.084,8.59,4.47,51338.6,99.4,99.4,6.05,3.024,34.08,52115.1,3.56,16.79,33875,0.72,0,1.179,8.35,-98.8,31.876,2.084,5.19,0
7/24/2021,4:20:00,0,Piney Point,1.81,6.29,58960.2,2.054,9.04,4.62,51340.5,97.7,97.7,5.95,2.981,34.08,52116.8,4.74,20.8,33876,0.61,0,1.183,8.35,-98.6,31.875,2.053,5.19,0
7/24/2021,4:30:00,0,Piney Point,1.59,5.38,58948.7,2.05,8.71,4.51,51335.9,97.5,97.5,5.93,2.976,34.08,52111.5,3.15,15.42,33872,0.67,0,1.178,8.35,-98.7,31.869,2.05,5.19,0
7/24/2021,4:40:00,0,Piney Point,1.84,6.39,58933.6,2.041,8.75,4.52,51334.9,97.8,97.8,5.95,2.961,34.08,52109,5.07,21.9,33871,0.59,0,1.183,8.35,-98.8,31.857,2.039,5.2,0
7/24/2021,4:50:00,0,Piney Point,1.64,5.61,58911.5,2.029,8.61,4.48,51330.5,95.4,95.4,5.81,2.945,34.08,52102.7,4.38,19.56,33867,0.65,0,1.178,8.35,-98.5,31.842,2.028,5.19,0
7/24/2021,5:00:00,0,Piney Point,1.24,3.95,58884,2.022,8.51,4.44,51323.8,96,96,5.84,2.935,34.07,52093.7,2.84,14.34,33861,0.55,0,1.183,8.35,-98.5,31.824,2.021,5.19,0
7/24/2021,5:10:00,0,Piney Point,0.89,2.55,58888.8,2.021,9.97,4.93,51331.1,93.7,93.7,5.71,2.933,34.07,52100.8,2.13,11.94,33865,0.42,0,1.181,8.33,-97.7,31.821,2.021,5.19,0
7/24/2021,5:20:00,0,Piney Point,0.62,1.47,58889.3,2.028,10.05,4.96,51331.6,88.9,88.9,5.42,2.943,34.08,52101.3,1.81,10.84,33866,0.52,0,1.183,8.32,-96.8,31.821,2.027,5.19,0
7/24/2021,5:30:00,0,Piney Point,0.78,2.12,58892.1,2.022,9.3,4.71,51332.9,82.6,82.6,5.03,2.934,34.08,52102.7,2.02,11.58,33867,0.57,0,1.178,8.31,-96.2,31.822,2.022,5.2,0
7/24/2021,5:40:00,0,Piney Point,0.94,2.74,58878.8,2.012,8.82,4.54,51323.7,81,81,4.93,2.92,34.07,52093,2.08,11.77,33860,0.62,0,1.185,8.3,-95.9,31.82,2.012,5.19,0
7/24/2021,5:50:00,0,Piney Point,0.57,1.26,58859.5,1.993,10.21,5.01,51315.7,82.3,82.3,5.01,2.893,34.06,52083.8,1.33,9.24,33854,0.52,0,1.179,8.32,-96.8,31.811,1.994,5.19,0
7/24/2021,6:00:00,0,Piney Point,0.6,1.36,58863.5,1.98,9.8,4.87,51321.4,78.6,78.6,4.78,2.873,34.07,52089.3,1.53,9.9,33858,0.78,0,1.183,8.29,-95.1,31.809,1.98,5.19,0
7/24/2021,6:10:00,0,Piney Point,0.54,1.12,58866.4,1.976,10,4.94,51321.8,74.5,74.5,4.54,2.868,34.07,52090,1.37,9.37,33858,0.47,0,1.187,8.29,-94.9,31.811,1.975,5.19,0
7/24/2021,6:20:00,0,Piney Point,0.53,1.11,58858.4,1.974,10.33,5.05,51321.7,68.7,68.7,4.19,2.865,34.07,52089.1,1.3,9.11,33858,0.42,0,1.191,8.28,-94.7,31.804,1.974,5.2,0
7/24/2021,6:30:00,0,Piney Point,0.48,0.89,58853.9,1.971,10.45,5.09,51319.5,66.9,66.9,4.07,2.861,34.07,52086.6,1.55,9.96,33856,0.61,0,1.179,8.27,-93.7,31.802,1.971,5.19,0
7/24/2021,6:40:00,0,Piney Point,0.51,1.01,58849.4,1.965,9.41,4.74,51318.4,65,65,3.96,2.851,34.06,52085.1,1.52,9.87,33855,0.52,0,1.172,8.26,-93.6,31.799,1.965,5.19,0
7/24/2021,6:50:00,0,Piney Point,0.62,1.44,58845.8,1.958,9.98,4.93,51318.6,66.7,66.7,4.07,2.841,34.06,52084.9,1.62,10.22,33855,0.42,0,1.178,8.27,-93.7,31.796,1.957,5.19,0
7/24/2021,7:00:00,0,Piney Point,0.5,0.99,58824.4,1.971,10.76,5.19,51312.4,72.6,72.6,4.43,2.861,34.06,52077.1,1.41,9.49,33850,0.49,0,1.178,8.28,-94.3,31.784,1.97,5.19,0
7/24/2021,7:10:00,0,Piney Point,0.79,2.16,58824.1,1.988,10.46,5.09,51317.4,77.3,77.3,4.71,2.885,34.06,52081.5,1.75,10.67,33853,0.43,0,1.183,8.29,-95.2,31.778,1.989,5.19,0
7/24/2021,7:20:00,0,Piney Point,0.76,2.01,58808.9,2.014,10.36,5.06,51314.8,78.5,78.5,4.78,2.923,34.06,52077.5,1.96,11.36,33850,0.52,0,1.177,8.29,-95.2,31.767,2.013,5.19,0
7/24/2021,7:30:00,0,Piney Point,0.53,1.1,58792.4,2.04,10.45,5.09,51310,77.4,77.4,4.72,2.961,34.06,52071.5,1.48,9.73,33846,0.47,0,1.183,8.29,-95.1,31.758,2.039,5.19,0
7/24/2021,7:40:00,0,Piney Point,0.85,2.38,58724.4,2.057,10.51,5.11,51283.5,81.8,81.8,4.99,2.985,34.03,52040.5,2.65,13.7,33826,0.56,0,1.178,8.3,-95.8,31.724,2.057,5.19,0
7/24/2021,7:50:00,0,Piney Point,0.69,1.76,58709.7,2.079,10.66,5.16,51278.5,78,78,4.76,3.017,34.03,52034.4,2.07,11.73,33822,0.88,0,1.183,8.3,-95.5,31.717,2.078,5.19,0
7/24/2021,8:00:00,0,Piney Point,0.74,1.94,58618.4,2.098,10.54,5.12,51238.4,81.7,81.7,4.99,3.045,34,51988.9,2.13,11.95,33793,0.49,0,1.178,8.3,-95.9,31.676,2.1,5.19,0
7/24/2021,8:10:00,0,Piney Point,0.74,1.94,58522.9,2.114,10.8,5.21,51192.4,81.6,81.6,4.99,3.068,33.96,51937.6,2.27,12.42,33759,0.51,0,1.183,8.31,-96.4,31.638,2.114,5.19,0
7/24/2021,8:20:00,0,Piney Point,1.12,3.47,58202.6,2.13,11.06,5.29,51069.1,88.9,88.9,5.45,3.091,33.86,51793,2.97,14.79,33665,0.54,0,1.178,8.34,-97.8,31.479,2.128,5.19,0
7/24/2021,8:30:00,0,Piney Point,1.01,3.05,58167.9,2.149,10.97,5.26,51079.1,88.2,88.2,5.41,3.118,33.87,51798.2,2.9,14.55,33669,0.54,0,1.183,8.33,-97.5,31.438,2.148,5.19,0
7/24/2021,8:40:00,0,Piney Point,1.27,4.09,58155.7,2.172,10.83,5.21,51114.4,92,92,5.65,3.153,33.89,51828.4,4.87,21.26,33688,0.66,0,1.178,8.34,-98,31.392,2.173,5.19,0
7/24/2021,8:50:00,0,Piney Point,1.19,3.79,58193.2,2.201,10.71,5.18,51150.9,92,92,5.65,3.195,33.92,51865,3.35,16.08,33712,0.57,0,1.183,8.34,-98,31.388,2.199,5.19,0
7/24/2021,9:00:00,0,Piney Point,2.01,7.08,58333.8,2.225,10.28,5.03,51265.6,93.6,93.6,5.74,3.23,34,51982.3,4.89,21.31,33788,0.71,0,1.178,8.33,-97.6,31.397,2.224,5.19,0
7/24/2021,9:10:00,0,Piney Point,1.4,4.6,58418.4,2.248,9.97,4.93,51315.4,92.9,92.9,5.69,3.263,34.04,52035.8,3.9,17.93,33823,0.58,0,1.183,8.33,-97.4,31.422,2.249,5.18,0
7/24/2021,9:20:00,0,Piney Point,1.29,4.17,58404.4,2.269,10,4.94,51300.7,93.2,93.2,5.71,3.294,34.03,52021.2,3.44,16.4,33814,0.68,0,1.178,8.33,-97.5,31.424,2.273,5.18,0
7/24/2021,9:30:00,0,Piney Point,0.79,2.13,58408.7,2.292,10.12,4.98,51295.6,94.6,94.6,5.8,3.327,34.03,52017.1,2.28,12.44,33811,0.52,0,1.183,8.33,-97.5,31.433,2.291,5.19,0
7/24/2021,9:40:00,0,Piney Point,0.66,1.63,58399.5,2.312,10.18,5,51279.3,95,95,5.82,3.356,34.02,52001.6,2.07,11.75,33801,0.61,0,1.178,8.33,-97.5,31.442,2.312,5.18,0
7/24/2021,9:50:00,0,Piney Point,0.87,2.46,58372.7,2.339,10.19,5,51254.4,95.8,95.8,5.87,3.394,34,51976.5,2.51,13.25,33785,0.52,0,1.183,8.33,-97.7,31.443,2.338,5.19,0
7/24/2021,10:00:00,0,Piney Point,1.22,3.91,58350.8,2.368,10.08,4.97,51236.8,96.4,96.4,5.91,3.437,33.98,51958.5,3.02,14.95,33773,0.75,0,1.178,8.33,-97.7,31.441,2.367,5.18,0
7/24/2021,10:10:00,0,Piney Point,1.03,3.13,58409.9,2.395,9.92,4.91,51288.6,96.6,96.6,5.92,3.477,34.02,52011,2.39,12.82,33807,0.58,0,1.183,8.33,-97.6,31.441,2.393,5.19,0
7/24/2021,10:20:00,0,Piney Point,1.12,3.47,58509.9,2.423,9.34,4.72,51359.2,97.9,97.9,6,3.516,34.08,52084.7,2.88,14.5,33855,1.62,0,1.178,8.33,-97.5,31.459,2.423,5.18,0
7/24/2021,10:30:00,0,Piney Point,1.14,3.58,58576.9,2.447,9.27,4.7,51402.1,99.4,99.4,6.08,3.551,34.11,52130.2,3.16,15.44,33885,0.69,0,1.183,8.33,-97.7,31.475,2.448,5.18,0
7/24/2021,10:40:00,0,Piney Point,1.25,4.01,58627.4,2.475,9.18,4.67,51425,99.9,99.9,6.12,3.593,34.13,52156.1,3.17,15.49,33901,0.72,0,1.178,8.33,-97.7,31.496,2.474,5.18,0
7/24/2021,10:50:00,0,Piney Point,1.23,3.91,58684.9,2.507,9.29,4.7,51451.4,101.4,101.4,6.2,3.639,34.15,52185.8,3.16,15.43,33921,0.91,0,1.183,8.34,-97.9,31.52,2.506,5.19,0
7/24/2021,11:00:00,0,Piney Point,1.42,4.69,58698.9,2.534,8.83,4.55,51451,101.3,101.3,6.19,3.679,34.15,52186.9,4.53,20.08,33921,0.78,0,1.178,8.33,-97.7,31.533,2.532,5.18,0
7/24/2021,11:10:00,0,Piney Point,1.13,3.53,58692.6,2.555,8.58,4.47,51447.4,100.5,100.5,6.15,3.709,34.15,52183.1,3.06,15.09,33919,0.68,0,1.183,8.33,-97.5,31.531,2.561,5.18,0
7/24/2021,11:20:00,0,Piney Point,1.28,4.13,58731.8,2.577,8.73,4.51,51479.7,100.7,100.7,6.16,3.741,34.17,52216.1,3.34,16.06,33940,0.78,0,1.178,8.33,-97.3,31.533,2.576,5.18,0
7/24/2021,11:30:00,0,Piney Point,1.32,4.31,58820.8,2.589,8.32,4.38,51545,101.5,101.5,6.2,3.759,34.22,52283.9,3.58,16.88,33985,0.73,0,1.183,8.33,-97.2,31.546,2.59,5.18,0
7/24/2021,11:40:00,0,Piney Point,0.95,2.81,58885.6,2.607,8.46,4.43,51579.4,102.3,102.3,6.25,3.785,34.25,52321.6,2.42,12.92,34009,0.91,0,1.178,8.33,-97.3,31.568,2.607,5.18,0
7/24/2021,11:50:00,0,Piney Point,1.08,3.34,58945.2,2.612,7.93,4.25,51609.4,102.7,102.7,6.27,3.792,34.27,52354.7,2.89,14.52,34031,0.61,0,1.183,8.33,-97.3,31.591,2.615,5.18,0
7/24/2021,12:00:00,0,Piney Point,0.98,2.94,58967,2.624,7.95,4.26,51623.6,104.2,104.2,6.36,3.808,34.28,52369.8,2.61,13.57,34040,0.78,0,1.178,8.32,-97.1,31.596,2.623,5.18,0
7/24/2021,12:10:00,0,Piney Point,0.99,2.95,58985.4,2.629,7.3,4.04,51617.7,105.5,105.5,6.44,3.816,34.28,52366.5,2.72,13.93,34038,0.72,0,1.183,8.33,-97.6,31.618,2.628,5.18,0
7/24/2021,12:20:00,0,Piney Point,0.79,2.15,58998.5,2.634,7.24,4.02,51610.7,107.6,107.6,6.56,3.823,34.27,52361.7,2.62,13.61,34035,0.79,0,1.178,8.34,-97.9,31.636,2.633,5.18,0
7/24/2021,12:30:00,0,Piney Point,0.73,1.91,59010.9,2.641,7.74,4.19,51604.9,109.4,109.4,6.68,3.834,34.27,52357.8,2.13,11.94,34033,0.77,0,1.183,8.34,-98.2,31.653,2.639,5.18,0
7/24/2021,12:40:00,0,Piney Point,0.53,1.07,59036.1,2.645,8.11,4.31,51606.2,113.5,113.5,6.92,3.84,34.27,52361.7,1.38,9.38,34035,0.54,0,1.178,8.35,-98.6,31.674,2.646,5.18,0
7/24/2021,12:50:00,0,Piney Point,0.62,1.46,59044.6,2.639,7.23,4.01,51595.2,111.4,111.4,6.79,3.83,34.27,52352.8,1.69,10.43,34029,0.57,0,1.183,8.35,-98.5,31.692,2.638,5.18,0
7/24/2021,13:00:00,0,Piney Point,0.6,1.38,59057.5,2.638,7.13,3.98,51591.6,114.3,114.3,6.97,3.829,34.26,52351,1.49,9.76,34028,0.58,0,1.178,8.35,-99,31.707,2.636,5.18,0
7/24/2021,13:10:00,0,Piney Point,0.5,0.97,59074.9,2.633,7.58,4.13,51586,118.5,118.5,7.22,3.822,34.26,52347.9,1.44,9.58,34026,0.53,0,1.183,8.36,-99.5,31.728,2.633,5.18,0
7/24/2021,13:20:00,0,Piney Point,0.58,1.28,59076.7,2.615,7.59,4.13,51578.8,116.3,116.3,7.09,3.795,34.26,52341.7,1.62,10.2,34022,0.7,0,1.178,8.36,-99.1,31.737,2.616,5.18,0
7/24/2021,13:30:00,0,Piney Point,0.42,0.64,59113.6,2.604,7.87,4.23,51577.7,124,124,7.55,3.78,34.26,52344.7,1.15,8.61,34024,0.55,0,1.183,8.37,-100.1,31.77,2.603,5.18,0
7/24/2021,13:40:00,0,Piney Point,0.42,0.63,59146.5,2.579,7.79,4.2,51577.5,125.4,125.4,7.63,3.744,34.26,52348.1,0.98,8.04,34026,0.69,0,1.178,8.38,-100.3,31.799,2.582,5.18,0
7/24/2021,13:50:00,0,Piney Point,0.48,0.89,59156.4,2.566,8.14,4.32,51581.9,127.7,127.7,7.77,3.724,34.26,52353.1,1.29,9.08,34030,0.43,0,1.183,8.38,-100.6,31.804,2.563,5.18,0
7/24/2021,14:00:00,0,Piney Point,0.46,0.81,59196.5,2.546,8.02,4.28,51583.7,130.7,130.7,7.95,3.695,34.26,52359.1,1.32,9.2,34033,0.68,0,1.178,8.39,-101,31.837,2.546,5.18,0
7/24/2021,14:10:00,0,Piney Point,0.51,1.01,59227,2.522,7.83,4.21,51590.7,128.1,128.1,7.79,3.661,34.27,52368.6,1.05,8.26,34040,0.55,0,1.183,8.38,-100.6,31.857,2.521,5.18,0
7/24/2021,14:20:00,0,Piney Point,0.49,0.93,59249.1,2.499,7.89,4.23,51592.5,132,132,8.02,3.628,34.27,52372.6,1.47,9.7,34042,0.58,0,1.178,8.39,-101.1,31.874,2.5,5.18,0
7/24/2021,14:30:00,0,Piney Point,0.37,0.45,59268,2.476,7.82,4.21,51598.6,131,131,7.96,3.595,34.28,52380.1,1.02,8.16,34047,0.49,0,1.183,8.38,-100.8,31.885,2.477,5.19,0
7/24/2021,14:40:00,0,Piney Point,0.54,1.13,59305.7,2.449,7.47,4.1,51599.3,131.7,131.7,8,3.554,34.28,52384.8,1.5,9.82,34050,0.62,0,1.178,8.39,-101,31.917,2.447,5.19,0
7/24/2021,14:50:00,0,Piney Point,0.48,0.91,59334.6,2.418,7.8,4.21,51599.5,134.1,134.1,8.14,3.509,34.28,52388.2,1.3,9.14,34052,0.7,0,1.183,8.39,-101.5,31.942,2.42,5.18,0
7/24/2021,15:00:00,0,Piney Point,0.53,1.1,59361.6,2.382,7.54,4.12,51598.3,136.3,136.3,8.27,3.457,34.28,52390,1.29,9.09,34054,0.63,0,1.178,8.4,-101.7,31.967,2.379,5.18,0
7/24/2021,15:10:00,0,Piney Point,0.55,1.16,59389.9,2.343,7.64,4.15,51597.6,138.6,138.6,8.41,3.4,34.28,52392.5,1.42,9.51,34055,0.48,0,1.183,8.4,-102.1,31.993,2.343,5.18,0
7/24/2021,15:20:00,0,Piney Point,0.33,0.28,59421.9,2.309,7.59,4.13,51594.2,142.6,142.6,8.65,3.351,34.28,52392.9,0.81,7.44,34055,0.58,0,1.178,8.41,-102.7,32.024,2.309,5.18,0
7/24/2021,15:30:00,0,Piney Point,0.35,0.37,59444,2.272,7.99,4.27,51591.5,147.2,147.2,8.92,3.298,34.28,52392.9,1.05,8.28,34055,0.61,0,1.183,8.42,-103,32.046,2.276,5.18,0
7/24/2021,15:40:00,0,Piney Point,0.32,0.24,59459.1,2.239,8.05,4.29,51585.4,147.3,147.3,8.93,3.25,34.28,52389.2,0.99,8.07,34053,0.65,0,1.178,8.42,-103.1,32.065,2.237,5.18,0
7/24/2021,15:50:00,0,Piney Point,0.31,0.21,59488.4,2.202,8.07,4.3,51583,151.7,151.7,9.19,3.195,34.28,52390.2,0.93,7.88,34054,0.43,0,1.183,8.43,-103.8,32.094,2.201,5.18,0
7/24/2021,16:00:00,0,Piney Point,0.31,0.21,59509.5,2.172,7.96,4.26,51582.2,156.9,156.9,9.5,3.152,34.28,52391.8,0.79,7.41,34055,0.48,0,1.178,8.44,-104.3,32.113,2.167,5.18,0
7/24/2021,16:10:00,0,Piney Point,0.29,0.12,59530.6,2.14,8.34,4.38,51580.1,157.2,157.2,9.51,3.106,34.28,52392.2,0.93,7.87,34055,0.42,0,1.183,8.44,-104.2,32.133,2.136,5.18,0
7/24/2021,16:20:00,0,Piney Point,0.28,0.07,59539.3,2.106,8.57,4.46,51573.6,161.1,161.1,9.75,3.056,34.27,52387.4,0.8,7.42,34052,0.47,0,1.178,8.45,-104.8,32.148,2.103,5.19,0
7/24/2021,16:30:00,0,Piney Point,0.29,0.13,59550.6,2.064,8.9,4.57,51571.7,160.8,160.8,9.73,2.996,34.27,52386.9,0.82,7.48,34052,0.38,0,1.183,8.45,-104.6,32.159,2.06,5.18,0
7/24/2021,16:40:00,0,Piney Point,0.24,-0.09,59550.6,2.026,9.06,4.63,51565.5,165.2,165.2,10,2.94,34.27,52381.5,0.75,7.24,34048,0.47,0,1.178,8.45,-104.9,32.166,2.025,5.18,0
7/24/2021,16:50:00,0,Piney Point,0.29,0.11,59566.1,1.986,9.31,4.71,51553.9,166.6,166.6,10.08,2.882,34.26,52372.8,0.89,7.73,34042,0.39,0,1.183,8.46,-105.3,32.191,1.984,5.18,0
7/24/2021,17:00:00,0,Piney Point,0.3,0.14,59569.9,1.946,9.33,4.72,51514.4,168.5,168.5,10.19,2.824,34.23,52338.1,0.89,7.73,34020,0.54,0,1.178,8.46,-105.7,32.234,1.947,5.18,0
7/24/2021,17:10:00,0,Piney Point,0.27,0.04,59587.9,1.904,9.44,4.75,51486.6,173.3,173.3,10.47,2.762,34.22,52315.3,0.76,7.3,34005,0.37,0,1.183,8.47,-106.4,32.278,1.903,5.18,0
7/24/2021,17:20:00,0,Piney Point,0.29,0.1,59563.7,1.868,9.68,4.83,51436.5,174.4,174.4,10.53,2.71,34.18,52268.1,0.92,7.82,33974,0.46,0,1.178,8.48,-106.8,32.308,1.866,5.18,0
7/24/2021,17:30:00,0,Piney Point,0.26,0,59513.9,1.829,10.09,4.97,51350.9,174.7,174.7,10.55,2.654,34.12,52186.5,0.88,7.69,33921,0.39,0,1.183,8.49,-107.2,32.351,1.826,5.18,0
7/24/2021,17:40:00,0,Piney Point,0.24,-0.07,59439.3,1.791,10.28,5.03,51241.5,175.3,175.3,10.58,2.598,34.04,52081.1,0.77,7.33,33853,0.45,0,1.178,8.5,-107.7,32.397,1.793,5.18,0
7/24/2021,17:50:00,0,Piney Point,0.27,0.03,59340,1.754,10.69,5.17,51110,175,175,10.56,2.544,33.94,51953.2,0.85,7.58,33770,0.26,0,1.183,8.51,-108.3,32.444,1.757,5.18,0
7/24/2021,18:00:00,0,Piney Point,0.27,0.05,59328.8,1.722,10.77,5.2,51083.7,174.1,174.1,10.5,2.498,33.92,51928.6,0.85,7.6,33754,0.4,0,1.178,8.51,-108.3,32.461,1.724,5.19,0
7/24/2021,18:10:00,0,Piney Point,0.28,0.06,59214.7,1.687,11.1,5.31,50950.1,172.4,172.4,10.4,2.447,33.83,51797.3,0.94,7.89,33668,0.27,0,1.183,8.51,-108.8,32.497,1.687,5.18,0
7/24/2021,18:20:00,0,Piney Point,0.32,0.23,59092.2,1.658,11.56,5.46,50826.6,171,171,10.32,2.405,33.73,51674,0.85,7.6,33588,0.32,0,1.178,8.52,-109.2,32.516,1.658,5.18,0
7/24/2021,18:30:00,0,Piney Point,0.31,0.2,59108.9,1.63,11.47,5.43,50829.2,169.7,169.7,10.24,2.365,33.74,51678.1,0.65,6.92,33591,0.38,0,1.183,8.52,-109.1,32.528,1.631,5.18,0
7/24/2021,18:40:00,0,Piney Point,0.26,-0.01,58989.4,1.6,11.91,5.57,50715.6,167.2,167.2,10.09,2.32,33.65,51564.1,0.73,7.2,33517,0.28,0,1.178,8.52,-109.1,32.539,1.601,5.18,0
7/24/2021,18:50:00,0,Piney Point,0.25,-0.02,58928.8,1.569,12.06,5.62,50654.4,165,165,9.96,2.276,33.61,51503,0.74,7.22,33477,0.24,0,1.183,8.52,-109,32.549,1.571,5.19,0
7/24/2021,19:00:00,0,Piney Point,0.26,0.01,58871.5,1.543,12.31,5.71,50604.7,162.6,162.6,9.82,2.238,33.57,51452.5,0.77,7.33,33444,0.35,0,1.178,8.52,-109,32.549,1.543,5.18,0
7/24/2021,19:10:00,0,Piney Point,0.3,0.14,58752.7,1.517,12.54,5.78,50501.8,158.9,158.9,9.6,2.201,33.49,51348,0.82,7.48,33376,0.33,0,1.183,8.52,-109.5,32.55,1.517,5.18,0
7/24/2021,19:20:00,0,Piney Point,0.22,-0.18,58718.8,1.493,12.67,5.83,50479,155.2,155.2,9.38,2.165,33.48,51324,0.73,7.19,33361,0.31,0,1.178,8.51,-108.7,32.544,1.49,5.18,0
7/24/2021,19:30:00,0,Piney Point,0.27,0.06,58616,1.474,12.85,5.89,50392.8,151.7,151.7,9.17,2.138,33.41,51236.1,0.83,7.53,33303,0.19,0,1.183,8.51,-108.7,32.541,1.474,5.18,0
7/24/2021,19:40:00,0,Piney Point,0.27,0.06,58526.6,1.451,13,5.94,50329.9,147.1,147.1,8.9,2.105,33.36,51170.4,0.69,7.06,33261,0.33,0,1.178,8.51,-108.5,32.527,1.452,5.19,0
7/24/2021,19:50:00,0,Piney Point,0.26,-0.01,58523.7,1.435,13,5.94,50332.1,143.2,143.2,8.66,2.081,33.37,51172,0.7,7.07,33262,0.24,0,1.183,8.51,-108.3,32.522,1.433,5.18,0
7/24/2021,20:00:00,0,Piney Point,0.19,-0.3,58473.5,1.421,12.91,5.91,50294.9,137.1,137.1,8.29,2.06,33.34,51133.4,0.62,6.81,33237,0.31,0,1.178,8.49,-107.6,32.516,1.42,5.19,0
7/24/2021,20:10:00,0,Piney Point,0.23,-0.13,58485.9,1.406,12.54,5.78,50309.6,131.7,131.7,7.97,2.04,33.35,51147.9,0.52,6.46,33246,1.05,0,1.183,8.47,-106.2,32.511,1.407,5.19,0
7/24/2021,20:20:00,0,Piney Point,0.15,-0.46,58486.3,1.399,12.57,5.79,50314.5,130.4,130.4,7.89,2.029,33.35,51152.2,0.5,6.41,33249,0.27,0,1.178,8.47,-106.1,32.507,1.399,5.18,0
7/24/2021,20:30:00,0,Piney Point,0.2,-0.23,58488.9,1.394,12.27,5.69,50321.3,124.1,124.1,7.51,2.022,33.36,51158.6,0.53,6.52,33253,0.16,0,1.183,8.46,-105.6,32.502,1.394,5.19,0
7/24/2021,20:40:00,0,Piney Point,0.27,0.04,58461.6,1.393,12.77,5.86,50301.5,121.1,121.1,7.33,2.02,33.34,51138,0.78,7.36,33240,0.17,0,1.178,8.45,-104.9,32.498,1.392,5.18,0
7/24/2021,20:50:00,0,Piney Point,0.22,-0.19,58464,1.393,12.8,5.87,50303.3,120,120,7.26,2.02,33.34,51139.9,0.95,7.95,33241,0.08,0,1.183,8.44,-104.6,32.498,1.393,5.18,0
7/24/2021,21:00:00,0,Piney Point,0.18,-0.34,58443.2,1.4,12.69,5.83,50285.2,121.9,121.9,7.38,2.03,33.33,51121.5,0.49,6.37,33229,0.2,0,1.178,8.44,-104.6,32.499,1.4,5.18,0
7/24/2021,21:10:00,0,Piney Point,0.15,-0.43,58465,1.414,13.21,6.01,50294.8,122.9,122.9,7.43,2.051,33.34,51132.4,0.54,6.53,33236,0.1,0,1.183,8.46,-105.6,32.508,1.412,5.19,0
7/24/2021,21:20:00,0,Piney Point,0.19,-0.31,58436.7,1.435,13.71,6.17,50273.8,120.8,120.8,7.31,2.081,33.32,51110.6,0.42,6.12,33222,0.11,0,1.178,8.45,-104.7,32.505,1.435,5.18,0
7/24/2021,21:30:00,0,Piney Point,0.2,-0.26,58306.5,1.463,14.19,6.34,50207,119.3,119.3,7.22,2.121,33.27,51036.9,0.6,6.74,33174,0.06,0,1.183,8.45,-104.8,32.457,1.463,5.18,0
7/24/2021,21:40:00,0,Piney Point,0.22,-0.16,58083.4,1.491,14.41,6.41,50069.2,124.5,124.5,7.55,2.162,33.16,50889.9,0.62,6.81,33078,0.13,0,1.178,8.49,-107.6,32.401,1.491,5.18,0
7/24/2021,21:50:00,0,Piney Point,0.42,0.66,57640.8,1.523,14.43,6.41,49784.5,140.3,140.3,8.53,2.208,32.95,50588.3,1.66,10.35,32882,0.19,0,1.183,8.55,-111,32.299,1.522,5.18,0
7/24/2021,22:00:00,0,Piney Point,0.41,0.59,57606.1,1.553,14.51,6.44,49797.6,143.1,143.1,8.71,2.252,32.95,50596.2,1.36,9.33,32888,0.3,0,1.178,8.55,-111.2,32.254,1.552,5.18,0
7/24/2021,22:10:00,0,Piney Point,0.41,0.59,57610.4,1.579,14.37,6.39,49827.3,138.8,138.8,8.45,2.289,32.97,50623.1,1.09,8.41,32905,0.17,0,1.183,8.54,-110.6,32.227,1.579,5.18,0
7/24/2021,22:20:00,0,Piney Point,0.47,0.83,57589,1.607,14.14,6.32,49848.8,139.1,139.1,8.47,2.33,32.99,50639.8,1.01,8.15,32916,0.31,0,1.178,8.55,-110.7,32.185,1.606,5.18,0
7/24/2021,22:30:00,0,Piney Point,0.51,0.99,57601,1.638,14.28,6.36,49890.6,135.2,135.2,8.24,2.375,33.02,50678.3,1.39,9.44,32941,0.31,0,1.183,8.53,-109.9,32.152,1.637,5.18,0
7/24/2021,22:40:00,0,Piney Point,0.54,1.13,57630,1.669,13.97,6.26,49943.3,134.6,134.6,8.2,2.421,33.05,50728.4,1.2,8.79,32973,0.33,0,1.178,8.53,-109.7,32.123,1.669,5.18,0
7/24/2021,22:50:00,0,Piney Point,0.56,1.22,57642.3,1.702,13.83,6.22,49981.3,134.5,134.5,8.2,2.468,33.08,50763.5,1.22,8.85,32996,0.25,0,1.183,8.53,-109.8,32.095,1.701,5.18,0
7/24/2021,23:00:00,0,Piney Point,0.64,1.53,57642.8,1.734,13.69,6.17,50015.7,134.7,134.7,8.21,2.514,33.11,50794.2,1.54,9.94,33016,0.4,0,1.178,8.53,-109.8,32.059,1.733,5.18,0
7/24/2021,23:10:00,0,Piney Point,0.61,1.43,57705.4,1.765,13.58,6.13,50103.5,131.4,131.4,8.02,2.56,33.17,50879.2,1.37,9.37,33071,0.35,0,1.183,8.52,-109.1,32.024,1.767,5.18,0
7/24/2021,23:20:00,0,Piney Point,0.62,1.44,57764.5,1.796,13.35,6.05,50186.4,129,129,7.87,2.605,33.23,50959.4,1.42,9.51,33124,0.48,0,1.178,8.51,-108.4,31.992,1.796,5.18,0
7/24/2021,23:30:00,0,Piney Point,0.63,1.48,57830.1,1.822,12.75,5.86,50288,127.2,127.2,7.76,2.643,33.3,51056.9,1.61,10.17,33187,0.63,0,1.183,8.5,-107.8,31.945,1.823,5.18,0
7/24/2021,23:40:00,0,Piney Point,0.75,1.98,57884.9,1.847,12.6,5.8,50368.9,126,126,7.69,2.679,33.36,51134.9,1.71,10.5,33238,0.9,0,1.178,8.49,-107.3,31.911,1.846,5.18,0
7/24/2021,23:50:00,0,Piney Point,0.82,2.26,57943.8,1.862,12.31,5.71,50448.7,125.4,125.4,7.66,2.701,33.42,51212.5,1.83,10.93,33288,0.44,0,1.183,8.49,-106.9,31.882,1.863,5.17,0
7/25/2021,0:00:00,0,Piney Point,0.78,2.11,58005.3,1.887,12.02,5.61,50524.1,123.6,123.6,7.55,2.738,33.47,51286.3,1.91,11.18,33336,0.46,0,1.178,8.48,-106.4,31.859,1.887,5.17,0
7/25/2021,0:10:00,0,Piney Point,0.75,1.98,58107.4,1.911,11.55,5.45,50628.7,122.8,122.8,7.5,2.772,33.55,51390.4,1.71,10.52,33404,0.55,0,1.183,8.47,-105.8,31.843,1.908,5.18,0
7/25/2021,0:20:00,0,Piney Point,0.64,1.54,58196,1.934,11.52,5.45,50714.6,121.4,121.4,7.41,2.805,33.61,51476.5,1.53,9.91,33460,0.55,0,1.178,8.46,-105.3,31.834,1.933,5.18,0
7/25/2021,0:30:00,0,Piney Point,0.82,2.27,58281.8,1.956,11.63,5.48,50791.8,120.3,120.3,7.34,2.838,33.67,51554.6,1.93,11.24,33511,0.54,0,1.183,8.45,-104.8,31.832,1.956,5.18,0
7/25/2021,0:40:00,0,Piney Point,0.99,2.96,58391.5,1.977,11.37,5.4,50918.3,119.8,119.8,7.31,2.869,33.77,51679.2,2.31,12.55,33591,0.58,0,1.191,8.45,-104.5,31.8,1.977,5.17,0
7/25/2021,0:50:00,0,Piney Point,0.83,2.32,58459,2,11.09,5.3,51008.4,119.1,119.1,7.27,2.902,33.83,51766.7,1.97,11.41,33648,0.88,0,1.174,8.44,-104.1,31.768,2.001,5.17,0
7/25/2021,1:00:00,0,Piney Point,0.91,2.64,58494.6,2.021,10.92,5.24,51071.5,117.8,117.8,7.19,2.933,33.88,51826.7,2.23,12.28,33687,0.82,0,1.173,8.43,-103.8,31.736,2.02,5.17,0
7/25/2021,1:10:00,0,Piney Point,0.96,2.82,58511.1,2.042,11,5.27,51099.1,116.3,116.3,7.1,2.963,33.9,51853.2,2.38,12.78,33705,0.63,0,1.178,8.43,-103.5,31.722,2.04,5.17,0
7/25/2021,1:20:00,0,Piney Point,0.75,2,58535.9,2.06,10.83,5.22,51138.6,114.8,114.8,7.01,2.989,33.92,51891,1.94,11.29,33729,0.93,0,1.181,8.42,-103.1,31.704,2.059,5.18,0
7/25/2021,1:30:00,0,Piney Point,0.9,2.59,58556.9,2.075,10.72,5.18,51179,112.9,112.9,6.9,3.011,33.95,51929.3,2.48,13.14,33754,0.56,0,1.186,8.41,-102.6,31.682,2.073,5.17,0
7/25/2021,1:40:00,0,Piney Point,0.78,2.09,58579.5,2.086,10.75,5.19,51209.9,110,110,6.72,3.028,33.98,51959.3,1.85,11.01,33774,0.66,0,1.191,8.41,-102.2,31.671,2.085,5.17,0
7/25/2021,1:50:00,0,Piney Point,0.8,2.17,58612.1,2.098,10.1,4.97,51274.3,110.6,110.6,6.76,3.045,34.02,52020.2,1.99,11.46,33813,0.6,0,1.181,8.41,-102.2,31.635,2.099,5.17,0
7/25/2021,2:00:00,0,Piney Point,0.92,2.67,58656.9,2.108,10.33,5.05,51336.8,110.2,110.2,6.73,3.06,34.07,52080.6,2.57,13.42,33852,0.69,0,1.175,8.4,-101.9,31.611,2.108,5.17,0
7/25/2021,2:10:00,0,Piney Point,1.09,3.36,58702.1,2.122,10.07,4.96,51407.8,110.2,110.2,6.74,3.08,34.12,52148.8,2.54,13.32,33897,0.7,0,1.177,8.4,-101.6,31.579,2.123,5.18,0
7/25/2021,2:20:00,0,Piney Point,1.06,3.24,58710.9,2.133,9.86,4.89,51433.9,108.1,108.1,6.61,3.096,34.14,52173,2.4,12.85,33912,1.14,0,1.185,8.39,-101.2,31.561,2.131,5.17,0
7/25/2021,2:30:00,0,Piney Point,0.7,1.79,58717.6,2.136,9.88,4.9,51456,106.8,106.8,6.53,3.1,34.15,52193.4,2.01,11.54,33926,0.81,0,1.18,8.39,-101,31.544,2.136,5.17,0
7/25/2021,2:40:00,0,Piney Point,0.69,1.73,58699.5,2.151,10.07,4.96,51458.3,106.5,106.5,6.51,3.122,34.15,52193.5,2.18,12.11,33926,0.84,0,1.174,8.39,-101,31.526,2.152,5.17,0
7/25/2021,2:50:00,0,Piney Point,0.89,2.55,58672.6,2.148,10.04,4.95,51451.2,106.4,106.4,6.51,3.118,34.15,52184.3,2.42,12.92,33920,0.65,0,1.179,8.39,-101.2,31.51,2.147,5.17,0
7/25/2021,3:00:00,0,Piney Point,0.8,2.18,58665.5,2.153,9.07,4.63,51448.4,103,103,6.3,3.125,34.15,52181,2.3,12.51,33918,0.71,0,1.177,8.39,-100.8,31.506,2.153,5.17,0
7/25/2021,3:10:00,0,Piney Point,0.73,1.88,58665.8,2.152,9,4.61,51446.4,100.3,100.3,6.14,3.124,34.14,52179.3,1.76,10.68,33917,0.61,0,1.183,8.38,-100.4,31.508,2.151,5.17,0
7/25/2021,3:20:00,0,Piney Point,0.46,0.8,58665.2,2.15,8.77,4.53,51445.1,96.7,96.7,5.92,3.12,34.14,52178.1,1.23,8.88,33916,1.05,0,1.177,8.37,-99.9,31.509,2.149,5.17,0
7/25/2021,3:30:00,0,Piney Point,0.48,0.89,58667,2.143,9.73,4.85,51447.3,91.5,91.5,5.6,3.111,34.15,52180.2,1.27,9.02,33917,0.82,0,1.183,8.36,-99.2,31.509,2.143,5.17,0
7/25/2021,3:40:00,0,Piney Point,0.49,0.93,58667.3,2.134,9.27,4.7,51445.2,86.6,86.6,5.3,3.098,34.14,52178.4,1.41,9.51,33916,1.69,0,1.178,8.34,-98.3,31.511,2.134,5.17,0
7/25/2021,3:50:00,0,Piney Point,0.46,0.81,58666.9,2.129,9.38,4.73,51445.1,86.7,86.7,5.3,3.09,34.14,52178.3,1.26,9,33916,0.58,0,1.183,8.34,-98.1,31.511,2.128,5.17,0
7/25/2021,4:00:00,0,Piney Point,0.38,0.5,58672.4,2.127,10.11,4.97,51448.6,84.1,84.1,5.15,3.088,34.15,52181.9,1.19,8.75,33918,0.55,0,1.178,8.33,-97.4,31.512,2.126,5.17,0
7/25/2021,4:10:00,0,Piney Point,0.77,2.08,58664.4,2.12,9.53,4.78,51442,80.1,80.1,4.9,3.077,34.14,52175.2,1.5,9.79,33914,0.72,0,1.183,8.33,-97.4,31.512,2.118,5.17,0
7/25/2021,4:20:00,0,Piney Point,0.36,0.41,58662.9,2.112,9.2,4.67,51442.1,76.9,76.9,4.71,3.066,34.14,52175.1,1.03,8.21,33914,0.88,0,1.178,8.33,-97.2,31.51,2.111,5.17,0
7/25/2021,4:30:00,0,Piney Point,0.42,0.65,58658.5,2.103,9.35,4.72,51440.8,74.3,74.3,4.54,3.052,34.14,52173.5,1.06,8.3,33913,1.46,0,1.183,8.32,-96.6,31.508,2.102,5.17,0
7/25/2021,4:40:00,0,Piney Point,0.41,0.59,58656.6,2.093,9.65,4.82,51442.2,71.4,71.4,4.37,3.038,34.14,52174.5,1.06,8.32,33913,0.63,0,1.178,8.3,-95.6,31.505,2.091,5.17,0
7/25/2021,4:50:00,0,Piney Point,0.52,1.04,58640.1,2.083,9.77,4.86,51435,72.9,72.9,4.46,3.023,34.14,52166.3,1.78,10.74,33908,0.85,0,1.183,8.3,-95.7,31.497,2.081,5.17,0
7/25/2021,5:00:00,0,Piney Point,0.28,0.07,58648.2,2.075,9.99,4.94,51438.4,69.5,69.5,4.25,3.012,34.14,52170.3,0.76,7.29,33911,0.45,0,1.177,8.29,-95,31.501,2.074,5.17,0
7/25/2021,5:10:00,0,Piney Point,0.45,0.79,58643.7,2.068,10.17,5,51436.4,67.2,67.2,4.11,3.002,34.14,52167.9,1,8.11,33909,0.45,0,1.183,8.28,-94.7,31.499,2.068,5.17,0
7/25/2021,5:20:00,0,Piney Point,0.34,0.32,58635.9,2.05,9.61,4.81,51432.8,65.7,65.7,4.02,2.976,34.13,52164,0.93,7.88,33907,0.48,0,1.18,8.29,-94.8,31.496,2.05,5.18,0
7/25/2021,5:30:00,0,Piney Point,0.31,0.18,58631.1,2.043,10.24,5.02,51432,65.5,65.5,4.01,2.965,34.13,52162.7,0.88,7.71,33906,0.44,0,1.18,8.28,-94.2,31.492,2.042,5.17,0
7/25/2021,5:40:00,0,Piney Point,0.26,0.01,58632.5,2.028,9.68,4.83,51432.7,62.1,62.1,3.8,2.943,34.13,52163.5,0.71,7.12,33906,0.46,0,1.177,8.27,-93.8,31.493,2.027,5.18,0
7/25/2021,5:50:00,0,Piney Point,0.29,0.11,58631.2,2.013,9.92,4.91,51432.6,58.4,58.4,3.58,2.922,34.13,52163.2,0.81,7.47,33906,0.79,0,1.181,8.26,-93.4,31.492,2.012,5.17,0
7/25/2021,6:00:00,0,Piney Point,0.3,0.18,58628.6,1.995,10.13,4.98,51432.9,57.8,57.8,3.54,2.896,34.13,52163.3,0.77,7.33,33906,0.52,0,1.188,8.26,-93.1,31.489,1.994,5.17,0
7/25/2021,6:10:00,0,Piney Point,0.32,0.24,58624.6,1.985,10.7,5.17,51432.2,55,55,3.37,2.881,34.13,52162.1,0.75,7.26,33905,0.38,0,1.181,8.24,-92.3,31.486,1.984,5.18,0
7/25/2021,6:20:00,0,Piney Point,0.28,0.06,58617.3,1.971,9.94,4.92,51430,51.8,51.8,3.17,2.861,34.13,52159.4,1,8.09,33904,0.44,0,1.179,8.24,-91.9,31.482,1.97,5.17,0
7/25/2021,6:30:00,0,Piney Point,0.27,0.03,58602.3,1.966,10.43,5.08,51426.4,52.7,52.7,3.22,2.853,34.13,52154.6,0.92,7.85,33901,0.55,0,1.175,8.24,-91.8,31.473,1.965,5.17,0
7/25/2021,6:40:00,0,Piney Point,0.3,0.17,58589.5,1.955,9.83,4.88,51420.9,49.2,49.2,3.01,2.838,34.12,52148.3,0.88,7.71,33896,0.44,0,1.172,8.23,-91.5,31.467,1.954,5.17,0
7/25/2021,6:50:00,0,Piney Point,0.25,-0.06,58575.9,1.947,10.11,4.97,51417.4,46.6,46.6,2.86,2.826,34.12,52143.7,0.65,6.91,33893,0.4,0,1.191,8.22,-91,31.458,1.946,5.17,0
7/25/2021,7:00:00,0,Piney Point,0.28,0.06,58532.9,1.937,10.44,5.08,51398.7,45.4,45.4,2.78,2.811,34.11,52122.5,0.75,7.26,33880,0.43,0,1.181,8.22,-90.9,31.439,1.936,5.18,0
7/25/2021,7:10:00,0,Piney Point,0.32,0.23,58527.7,1.938,10.54,5.12,51398.8,41.9,41.9,2.57,2.813,34.1,52121.9,0.65,6.93,33879,0.45,0,1.176,8.21,-90.1,31.435,1.938,5.17,0
7/25/2021,7:20:00,0,Piney Point,0.27,0.03,58500.8,1.937,10.91,5.24,51384.8,39.4,39.4,2.42,2.812,34.09,52106.6,0.72,7.16,33869,0.43,0,1.173,8.2,-89.7,31.425,1.937,5.17,0
7/25/2021,7:30:00,0,Piney Point,0.23,-0.13,58506.7,1.94,10.81,5.21,51390.5,36.3,36.3,2.22,2.816,34.1,52112.2,0.67,6.98,33873,0.34,0,1.187,8.19,-89.1,31.424,1.94,5.17,0
7/25/2021,7:40:00,0,Piney Point,0.32,0.25,58481.1,1.94,11.22,5.34,51377,34.2,34.2,2.1,2.816,34.09,52097.5,0.73,7.19,33863,0.29,0,1.191,8.19,-88.8,31.415,1.939,5.17,0
7/25/2021,7:50:00,0,Piney Point,0.28,0.09,58456.7,1.944,10.92,5.24,51367.1,32.9,32.9,2.02,2.821,34.08,52086.1,1.02,8.17,33856,0.37,0,1.182,8.18,-88.4,31.404,1.944,5.18,0
7/25/2021,8:00:00,0,Piney Point,0.24,-0.08,58450.2,1.956,11.77,5.53,51364.7,31.8,31.8,1.95,2.838,34.08,52083.2,0.68,7.02,33854,0.49,0,1.175,8.17,-88,31.4,1.954,5.17,0
7/25/2021,8:10:00,0,Piney Point,0.34,0.31,58445.3,1.972,12.07,5.63,51359.1,29.9,29.9,1.83,2.862,34.07,52077.6,1.27,9.02,33850,0.43,0,1.18,8.17,-87.7,31.402,1.97,5.17,0
7/25/2021,8:20:00,0,Piney Point,0.24,-0.07,58447.1,1.992,12.08,5.63,51356.3,29,29,1.78,2.892,34.07,52075.3,0.66,6.96,33849,0.48,0,1.183,8.16,-87.3,31.406,1.992,5.17,0
7/25/2021,8:30:00,0,Piney Point,0.2,-0.23,58379.1,2.023,12.21,5.68,51325.7,33.1,33.1,2.03,2.937,34.05,52040.7,0.67,6.98,33826,0.38,0,1.178,8.18,-88.3,31.377,2.024,5.17,0
7/25/2021,8:40:00,0,Piney Point,0.28,0.08,58222.7,2.047,12.19,5.67,51242.9,40,40,2.45,2.97,33.98,51950.1,0.64,6.88,33768,0.37,0,1.187,8.2,-89.6,31.322,2.046,5.18,0
7/25/2021,8:50:00,0,Piney Point,0.27,0.03,57871.5,2.067,12.94,5.92,51072.1,63.5,63.5,3.91,3.001,33.85,51760,0.81,7.46,33644,0.38,0,1.181,8.3,-95.8,31.182,2.067,5.17,0
7/25/2021,9:00:00,0,Piney Point,0.32,0.23,57654,2.091,13.04,5.95,50951.2,66.9,66.9,4.13,3.035,33.75,51628.8,0.99,8.09,33559,0.58,0,1.175,8.34,-98.2,31.11,2.092,5.17,0
7/25/2021,9:10:00,0,Piney Point,0.42,0.63,57360.2,2.117,14,6.27,50827.6,83.9,83.9,5.19,3.072,33.65,51487.1,1.12,8.5,33467,0.49,0,1.18,8.37,-99.8,30.972,2.116,5.17,0
7/25/2021,9:20:00,0,Piney Point,0.5,0.99,57283.4,2.143,12.67,5.83,50812.1,90,90,5.57,3.11,33.64,51465.1,1.54,9.94,33452,0.74,0,1.185,8.39,-100.7,30.919,2.141,5.17,0
7/25/2021,9:30:00,0,Piney Point,0.53,1.11,57311.2,2.171,12.22,5.68,50841.5,92.7,92.7,5.74,3.15,33.66,51494.2,1.36,9.33,33471,0.65,0,1.179,8.39,-101.2,30.914,2.169,5.17,0
7/25/2021,9:40:00,0,Piney Point,0.8,2.19,57399.3,2.198,11.96,5.59,50905.8,96.4,96.4,5.97,3.19,33.71,51561,1.79,10.79,33515,0.6,0,1.177,8.4,-101.3,30.928,2.197,5.17,0
7/25/2021,9:50:00,0,Piney Point,0.92,2.67,57579.4,2.224,11.23,5.35,51034.9,98.1,98.1,6.07,3.228,33.81,51695.5,2.62,13.61,33602,0.83,0,1.175,8.39,-101.1,30.959,2.223,5.17,0
7/25/2021,10:00:00,0,Piney Point,0.78,2.1,57675.7,2.249,11.19,5.33,51079.3,98.9,98.9,6.11,3.265,33.84,51745.4,1.74,10.61,33635,0.72,0,1.173,8.39,-100.9,31,2.248,5.17,0
7/25/2021,10:10:00,0,Piney Point,0.5,0.96,57729.8,2.274,11.07,5.29,51080.3,98.1,98.1,6.05,3.301,33.85,51752.1,1.46,9.67,33639,0.74,0,1.178,8.39,-100.7,31.047,2.272,5.17,0
7/25/2021,10:20:00,0,Piney Point,0.43,0.67,57754,2.307,11.43,5.42,51072.4,98.9,98.9,6.1,3.348,33.84,51747.7,0.97,8,33636,0.64,0,1.184,8.38,-100.6,31.077,2.305,5.17,0
7/25/2021,10:30:00,0,Piney Point,0.38,0.5,57720.1,2.336,11.19,5.33,51022.4,99.2,99.2,6.12,3.391,33.81,51699.5,1.08,8.37,33605,0.62,0,1.19,8.38,-100.7,31.097,2.336,5.17,0
7/25/2021,10:40:00,0,Piney Point,0.55,1.16,57657.9,2.371,11.14,5.32,50968.1,99.3,99.3,6.13,3.441,33.77,51644.4,1.46,9.66,33569,0.68,0,1.182,8.38,-100.4,31.096,2.371,5.17,0
7/25/2021,10:50:00,0,Piney Point,0.7,1.8,57622.9,2.408,11.22,5.34,50942.2,98.6,98.6,6.08,3.494,33.75,51617.5,1.76,10.67,33551,0.79,0,1.179,8.38,-100.3,31.091,2.409,5.17,0
7/25/2021,11:00:00,0,Piney Point,0.6,1.38,57646.9,2.443,11.04,5.28,50943.3,98.5,98.5,6.07,3.546,33.75,51621,1.64,10.28,33554,0.67,0,1.191,8.37,-100,31.112,2.445,5.17,0
7/25/2021,11:10:00,0,Piney Point,0.79,2.15,57694.3,2.477,11.06,5.29,50947.7,98.8,98.8,6.09,3.595,33.75,51630,2.1,11.83,33560,0.95,0,1.187,8.37,-99.9,31.15,2.481,5.17,0
7/25/2021,11:20:00,0,Piney Point,0.52,1.07,57770.5,2.509,10.82,5.21,50975.5,98.8,98.8,6.09,3.641,33.78,51663.1,1.5,9.82,33581,0.82,0,1.182,8.36,-99.5,31.189,2.507,5.17,0
7/25/2021,11:30:00,0,Piney Point,0.73,1.91,57873.7,2.545,10.53,5.12,51024.7,97.9,97.9,6.03,3.693,33.81,51718,1.9,11.17,33617,0.78,0,1.179,8.36,-98.9,31.232,2.543,5.16,0
7/25/2021,11:40:00,0,Piney Point,0.62,1.47,57920.6,2.577,10.67,5.16,51040.8,99.4,99.4,6.12,3.741,33.83,51737.4,1.85,11,33629,0.8,0,1.177,8.36,-99,31.257,2.578,5.17,0
7/25/2021,11:50:00,0,Piney Point,0.51,1,57923.3,2.609,10.99,5.27,51034.8,98.9,98.9,6.08,3.787,33.82,51732.4,1.49,9.77,33626,0.95,0,1.171,8.35,-98.8,31.266,2.609,5.17,0
7/25/2021,12:00:00,0,Piney Point,0.5,0.97,57860.4,2.638,10.39,5.07,50988,99.8,99.8,6.14,3.828,33.79,51683.9,1.38,9.39,33595,0.84,0,1.172,8.35,-98.9,31.257,2.635,5.17,0
7/25/2021,12:10:00,0,Piney Point,0.48,0.89,57837.3,2.661,10.44,5.09,50958.3,101.3,101.3,6.23,3.861,33.77,51654.9,1.27,9.01,33576,0.66,0,1.187,8.36,-99.2,31.266,2.662,5.17,0
7/25/2021,12:20:00,0,Piney Point,0.41,0.59,57850.1,2.676,10.47,5.1,50945,105.8,105.8,6.51,3.884,33.76,51644.4,1.12,8.51,33569,0.79,0,1.177,8.37,-99.8,31.291,2.678,5.17,0
7/25/2021,12:30:00,0,Piney Point,0.4,0.58,57856.3,2.68,10.69,5.17,50928,106,106,6.52,3.89,33.75,51630,1.26,8.98,33559,0.98,0,1.173,8.37,-99.9,31.314,2.676,5.17,0
7/25/2021,12:40:00,0,Piney Point,0.39,0.53,57890.1,2.686,11.92,5.58,50931.7,109.6,109.6,6.74,3.897,33.75,51636.9,1.17,8.67,33564,0.83,0,1.189,8.38,-100.5,31.34,2.684,5.17,0
7/25/2021,12:50:00,0,Piney Point,0.51,1.02,57906.2,2.692,11.43,5.42,50929.8,108.6,108.6,6.68,3.907,33.75,51636.9,1.4,9.46,33564,0.8,0,1.19,8.38,-100.5,31.357,2.688,5.17,0
7/25/2021,13:00:00,0,Piney Point,0.43,0.7,57941.3,2.692,10.38,5.06,50923.3,111.3,111.3,6.84,3.907,33.75,51634.9,1.27,9.01,33563,0.99,0,1.191,8.38,-100.7,31.395,2.69,5.17,0
7/25/2021,13:10:00,0,Piney Point,0.5,0.97,57947.6,2.688,10.42,5.08,50911.3,109.7,109.7,6.74,3.901,33.74,51624.9,1.36,9.31,33556,0.93,0,1.18,8.38,-100.6,31.412,2.684,5.16,0
7/25/2021,13:20:00,0,Piney Point,0.45,0.79,57980.4,2.679,13,5.94,50905,110.9,110.9,6.8,3.887,33.74,51622.8,1.32,9.2,33555,1.12,0,1.172,8.39,-100.8,31.448,2.672,5.16,0
7/25/2021,13:30:00,0,Piney Point,0.44,0.73,58020.9,2.67,11.57,5.46,50899.6,117.3,117.3,7.2,3.874,33.73,51622.3,1.28,9.04,33555,5.65,0,1.177,8.4,-101.6,31.489,2.671,5.16,0
7/25/2021,13:40:00,0,Piney Point,0.52,1.07,58045.6,2.657,19.35,8.06,50893.3,114.5,114.5,7.02,3.855,33.73,51619.4,1.29,9.09,33553,14.41,0,1.183,8.39,-101.1,31.518,2.659,5.17,0
7/25/2021,13:50:00,0,Piney Point,0.5,0.97,58058,2.646,9.95,4.92,50882.9,115.7,115.7,7.09,3.839,33.72,51611.5,1.9,11.17,33547,0.67,0,1.244,8.39,-100.9,31.54,2.644,5.17,0
7/25/2021,14:00:00,0,Piney Point,0.52,1.07,58080.8,2.63,13.13,5.98,50879,116,116,7.11,3.816,33.72,51610.5,1.36,9.34,33547,1.4,0,1.18,8.4,-101.5,31.564,2.627,5.16,0
7/25/2021,14:10:00,0,Piney Point,0.4,0.58,58091.3,2.605,15.53,6.78,50870.6,119.9,119.9,7.34,3.78,33.72,51604.1,1.16,8.65,33543,13,0,1.183,8.4,-102,31.582,2.606,5.17,0
7/25/2021,14:20:00,0,Piney Point,0.51,1,58109.9,2.592,10.36,5.06,50859.3,122.6,122.6,7.51,3.76,33.71,51596.1,1.35,9.3,33537,0.6,0,1.182,8.41,-102.5,31.61,2.589,5.16,0
7/25/2021,14:30:00,0,Piney Point,0.45,0.76,58111.1,2.569,10.27,5.03,50843.9,121.4,121.4,7.43,3.727,33.7,51582.5,1.25,8.94,33529,0.75,0,1.171,8.41,-102.1,31.626,2.57,5.17,0
7/25/2021,14:40:00,0,Piney Point,0.43,0.67,58133.4,2.549,10.43,5.08,50835.3,124.8,124.8,7.64,3.699,33.7,51577.3,1.12,8.5,33525,0.69,0,1.173,8.42,-102.9,31.655,2.55,5.17,0
7/25/2021,14:50:00,0,Piney Point,0.39,0.53,58153.3,2.527,10.44,5.09,50824.3,125.7,125.7,7.69,3.666,33.69,51569.6,1.2,8.8,33520,0.81,0,1.178,8.42,-102.7,31.684,2.529,5.16,0
7/25/2021,15:00:00,0,Piney Point,0.49,0.91,58157.9,2.504,10.61,5.14,50811.6,125.6,125.6,7.68,3.633,33.68,51558.8,1.32,9.21,33513,0.59,0,1.179,8.42,-102.7,31.701,2.506,5.17,0
7/25/2021,15:10:00,0,Piney Point,0.42,0.63,58185.2,2.481,10.57,5.13,50800.8,126.6,126.6,7.73,3.599,33.67,51552.2,1.46,9.68,33509,0.79,0,1.18,8.42,-102.8,31.736,2.481,5.16,0
7/25/2021,15:20:00,0,Piney Point,0.42,0.66,58199.3,2.455,10.46,5.09,50786,128.8,128.8,7.87,3.562,33.66,51540.5,1.09,8.41,33501,0.71,0,1.175,8.42,-103,31.764,2.458,5.16,0
7/25/2021,15:30:00,0,Piney Point,0.44,0.73,58203.7,2.427,10.54,5.12,50765.9,127.9,127.9,7.81,3.521,33.65,51523.1,1.33,9.23,33490,0.65,0,1.184,8.42,-103,31.789,2.426,5.16,0
7/25/2021,15:40:00,0,Piney Point,0.37,0.46,58222.1,2.398,10.65,5.16,50751.2,130.2,130.2,7.95,3.479,33.64,51512,1.18,8.71,33483,0.67,0,1.187,8.43,-103.5,31.82,2.392,5.17,0
7/25/2021,15:50:00,0,Piney Point,0.37,0.46,58246.4,2.363,10.77,5.2,50740.4,133.9,133.9,8.17,3.428,33.63,51505,1,8.1,33478,0.74,0,1.186,8.43,-103.8,31.853,2.359,5.16,0
7/25/2021,16:00:00,0,Piney Point,0.4,0.57,58245.2,2.331,10.86,5.22,50716.8,132.1,132.1,8.06,3.382,33.62,51483.9,1,8.12,33465,0.63,0,1.186,8.43,-103.7,31.876,2.331,5.17,0
7/25/2021,16:10:00,0,Piney Point,0.38,0.49,58255.3,2.299,10.9,5.24,50696,133,133,8.11,3.335,33.6,51466.4,1.14,8.57,33453,0.65,0,1.184,8.44,-104,31.906,2.3,5.16,0
7/25/2021,16:20:00,0,Piney Point,0.35,0.36,58285.4,2.261,11.02,5.28,50690.5,136.7,136.7,8.33,3.28,33.6,51464.8,0.92,7.82,33452,0.75,0,1.185,8.45,-104.7,31.939,2.262,5.17,0
7/25/2021,16:30:00,0,Piney Point,0.43,0.7,58270.9,2.225,11.13,5.31,50654.1,138.6,138.6,8.44,3.228,33.58,51430.9,1.07,8.34,33430,0.78,0,1.185,8.46,-105.2,31.963,2.223,5.16,0
7/25/2021,16:40:00,0,Piney Point,0.55,1.16,58263,2.188,10.98,5.26,50625.7,138.2,138.2,8.42,3.174,33.56,51404.7,1.11,8.46,33413,0.6,0,1.184,8.46,-105.6,31.985,2.186,5.16,0
7/25/2021,16:50:00,0,Piney Point,0.54,1.14,58269.5,2.151,11.21,5.34,50608.4,140.2,140.2,8.54,3.121,33.54,51390,1.37,9.35,33403,0.71,0,1.183,8.47,-106.3,32.009,2.15,5.16,0
7/25/2021,17:00:00,0,Piney Point,0.6,1.37,58272.8,2.116,11.2,5.34,50591.5,142.7,142.7,8.69,3.069,33.53,51375.3,1.49,9.78,33394,0.61,0,1.184,8.48,-106.9,32.029,2.114,5.17,0
7/25/2021,17:10:00,0,Piney Point,0.61,1.41,58282.8,2.079,12.4,5.74,50583.3,144.5,144.5,8.8,3.015,33.53,51369.1,1.46,9.68,33390,0.4,0,1.183,8.49,-107.5,32.046,2.077,5.16,0
7/25/2021,17:20:00,0,Piney Point,0.58,1.28,58288.2,2.045,11.26,5.36,50573.6,146.1,146.1,8.89,2.967,33.52,51361.1,1.36,9.31,33385,0.44,0,1.183,8.5,-107.8,32.061,2.046,5.16,0
7/25/2021,17:30:00,0,Piney Point,0.66,1.62,58275.5,2.013,11.3,5.37,50556.5,146.8,146.8,8.93,2.92,33.51,51344.5,1.62,10.21,33374,0.41,0,1.183,8.51,-108.2,32.068,2.008,5.16,0
7/25/2021,17:40:00,0,Piney Point,0.73,1.91,58267.7,1.975,11.36,5.39,50542.3,147.4,147.4,8.97,2.865,33.5,51331,1.83,10.91,33365,0.54,0,1.183,8.51,-108.5,32.075,1.978,5.16,0
7/25/2021,17:50:00,0,Piney Point,0.73,1.9,58247.1,1.938,11.38,5.4,50523,148.1,148.1,9.01,2.811,33.48,51311.6,1.72,10.55,33353,0.77,0,1.182,8.52,-109,32.077,1.941,5.17,0
7/25/2021,18:00:00,0,Piney Point,0.71,1.84,58216.3,1.899,11.93,5.58,50500.3,148.2,148.2,9.02,2.755,33.47,51288,1.49,9.76,33337,0.35,0,1.182,8.52,-109.3,32.072,1.899,5.16,0
7/25/2021,18:10:00,0,Piney Point,0.73,1.89,58171.2,1.861,11.58,5.47,50468.1,148,148,9.01,2.699,33.44,51254.4,1.68,10.4,33315,0.42,0,1.182,8.53,-109.5,32.065,1.862,5.16,0
7/25/2021,18:20:00,0,Piney Point,0.74,1.96,58122.1,1.825,11.64,5.49,50435.7,147,147,8.95,2.648,33.42,51220.3,1.73,10.58,33293,0.35,0,1.181,8.53,-109.6,32.055,1.824,5.16,0
7/25/2021,18:30:00,0,Piney Point,0.7,1.78,58092,1.792,11.6,5.47,50415.2,146.1,146.1,8.9,2.6,33.4,51198.7,1.45,9.62,33279,0.45,0,1.182,8.53,-109.5,32.049,1.791,5.16,0
7/25/2021,18:40:00,0,Piney Point,0.59,1.32,58060,1.756,11.81,5.54,50398.6,145.5,145.5,8.86,2.547,33.39,51180.5,1.34,9.24,33267,0.41,0,1.182,8.53,-109.6,32.038,1.754,5.17,0
7/25/2021,18:50:00,0,Piney Point,0.54,1.12,58033.1,1.722,12.04,5.62,50384.4,146,146,8.89,2.498,33.38,51164.9,1.21,8.83,33257,0.49,0,1.183,8.53,-109.7,32.028,1.722,5.16,0
7/25/2021,19:00:00,0,Piney Point,0.61,1.4,58000.9,1.687,11.95,5.59,50371.7,145.8,145.8,8.89,2.447,33.37,51150.1,1.41,9.49,33248,0.46,0,1.183,8.53,-109.9,32.012,1.685,5.16,0
7/25/2021,19:10:00,0,Piney Point,0.5,0.98,57977.2,1.654,11.82,5.55,50363,146.3,146.3,8.92,2.4,33.36,51139.7,1.12,8.51,33241,0.37,0,1.183,8.54,-110.1,32,1.652,5.16,0
7/25/2021,19:20:00,0,Piney Point,0.54,1.14,57933.1,1.625,12.07,5.63,50341.9,146.7,146.7,8.94,2.357,33.34,51116.2,1.31,9.16,33226,0.25,0,1.183,8.54,-110.4,31.982,1.625,5.16,0
7/25/2021,19:30:00,0,Piney Point,0.46,0.82,57829.3,1.598,12.32,5.71,50278.8,146.7,146.7,8.96,2.318,33.3,51048.7,1.05,8.28,33182,0.32,0,1.183,8.55,-110.7,31.954,1.597,5.17,0
7/25/2021,19:40:00,0,Piney Point,0.47,0.86,57753.3,1.572,12.55,5.79,50229.3,143.1,143.1,8.74,2.28,33.26,50996.4,0.91,7.81,33148,0.37,0,1.184,8.55,-110.6,31.937,1.567,5.16,0
7/25/2021,19:50:00,0,Piney Point,0.38,0.48,57693.3,1.549,12.51,5.78,50191.7,141.4,141.4,8.64,2.246,33.23,50956.3,0.79,7.39,33122,0.59,0,1.183,8.54,-110.3,31.922,1.551,5.16,0
7/25/2021,20:00:00,0,Piney Point,0.29,0.13,57631.5,1.534,12.75,5.85,50150.4,139.9,139.9,8.55,2.225,33.2,50912.8,0.72,7.14,33093,0.33,0,1.185,8.54,-110.3,31.909,1.535,5.16,0
7/25/2021,20:10:00,0,Piney Point,0.28,0.09,57608,1.517,12.87,5.89,50140.7,135.9,135.9,8.31,2.2,33.19,50901.7,0.57,6.66,33086,0.24,0,1.184,8.53,-109.8,31.898,1.516,5.16,0
7/25/2021,20:20:00,0,Piney Point,0.27,0.04,57549.8,1.504,13.26,6.02,50105.5,131.5,131.5,8.04,2.182,33.16,50864.1,0.54,6.55,33062,0.45,0,1.185,8.53,-109.4,31.882,1.502,5.16,0
7/25/2021,20:30:00,0,Piney Point,0.53,1.11,57484.8,1.497,13.36,6.06,50073.4,129.4,129.4,7.92,2.171,33.14,50828.4,1.91,11.19,33038,0.39,0,1.186,8.52,-109,31.857,1.497,5.16,0
7/25/2021,20:40:00,0,Piney Point,0.29,0.13,57422.6,1.49,13.41,6.07,50049.3,127.7,127.7,7.82,2.161,33.12,50800.2,0.71,7.13,33020,0.91,0,1.185,8.52,-109,31.825,1.488,5.16,0
7/25/2021,20:50:00,0,Piney Point,0.31,0.21,57320.5,1.488,13.66,6.16,50000.7,127,127,7.78,2.158,33.08,50745.8,0.77,7.33,32985,0.67,0,1.186,8.53,-109.6,31.783,1.491,5.16,0
7/25/2021,21:00:00,0,Piney Point,0.35,0.35,57200.1,1.484,13.74,6.19,49949.8,130.3,130.3,7.99,2.152,33.04,50687.5,0.79,7.38,32947,0.32,0,1.187,8.53,-109.9,31.727,1.48,5.16,0
7/25/2021,21:10:00,0,Piney Point,0.32,0.22,57231.2,1.491,14.15,6.32,49973.6,121,121,7.42,2.162,33.06,50712,0.78,7.35,32963,1.08,0,1.187,8.51,-108.4,31.73,1.491,5.16,0
7/25/2021,21:20:00,0,Piney Point,0.24,-0.1,57287.5,1.505,13.99,6.27,50014.9,112.3,112.3,6.89,2.183,33.09,50754.9,-0.02,4.64,32991,0.28,0,1.186,8.49,-107.1,31.739,1.505,5.16,0
7/25/2021,21:30:00,0,Piney Point,0.37,0.43,57067.1,1.53,13.97,6.26,49948.2,132.2,132.2,8.13,2.218,33.03,50671.6,0.97,7.99,32937,0.17,0,1.187,8.55,-110.7,31.608,1.529,5.16,0
7/25/2021,21:40:00,0,Piney Point,0.48,0.9,57021.6,1.55,13.91,6.24,49955.2,136.1,136.1,8.37,2.248,33.03,50672.9,0.98,8.03,32937,0.25,0,1.186,8.56,-111.3,31.56,1.55,5.16,0
7/25/2021,21:50:00,0,Piney Point,0.34,0.33,57009.7,1.569,14.02,6.28,49958.8,133.7,133.7,8.22,2.276,33.04,50674.8,0.69,7.06,32939,0.22,0,1.187,8.55,-110.8,31.545,1.57,5.16,0
7/25/2021,22:00:00,0,Piney Point,0.35,0.38,56977.9,1.589,14.17,6.33,49952.2,132.3,132.3,8.14,2.304,33.03,50665.5,0.94,7.9,32933,0.24,0,1.187,8.55,-110.8,31.523,1.587,5.16,0
7/25/2021,22:10:00,0,Piney Point,0.39,0.53,56951.3,1.611,14.11,6.31,49954.7,132.3,132.3,8.14,2.336,33.03,50664.9,1.01,8.12,32932,0.34,0,1.188,8.55,-110.6,31.496,1.612,5.16,0
7/25/2021,22:20:00,0,Piney Point,0.3,0.17,56957.7,1.633,14.18,6.33,49978.9,131.3,131.3,8.09,2.368,33.05,50687.1,1.16,8.66,32947,0.39,0,1.188,8.54,-110.4,31.477,1.632,5.16,0
7/25/2021,22:30:00,0,Piney Point,0.38,0.48,56986.1,1.655,14.11,6.31,50021.9,129.8,129.8,7.99,2.4,33.08,50728.5,1.2,8.8,32974,0.29,0,1.187,8.54,-110.1,31.458,1.656,5.16,0
7/25/2021,22:40:00,0,Piney Point,0.34,0.31,57017.9,1.684,14.08,6.3,50064.2,128.4,128.4,7.91,2.442,33.11,50769.7,0.7,7.1,33000,0.29,0,1.186,8.53,-109.7,31.443,1.684,5.16,0
7/25/2021,22:50:00,0,Piney Point,0.33,0.27,57067.5,1.712,13.53,6.11,50125.8,127.1,127.1,7.83,2.483,33.15,50829.9,0.96,7.98,33039,0.34,0,1.185,8.53,-109.3,31.425,1.711,5.16,0
7/25/2021,23:00:00,0,Piney Point,0.42,0.66,57098.7,1.741,13.51,6.11,50174.3,126,126,7.76,2.525,33.19,50876.5,0.97,8.01,33070,0.42,0,1.186,8.52,-109,31.403,1.741,5.15,0
7/25/2021,23:10:00,0,Piney Point,0.46,0.79,57103.9,1.768,13.62,6.15,50201.6,126.9,126.9,7.82,2.565,33.21,50901.4,0.95,7.95,33086,0.38,0,1.187,8.52,-109.1,31.38,1.768,5.15,0
7/25/2021,23:20:00,0,Piney Point,0.52,1.07,57134.9,1.801,13.54,6.12,50238.6,124.8,124.8,7.69,2.612,33.24,50937.7,1.13,8.54,33110,0.38,0,1.189,8.52,-108.8,31.37,1.8,5.16,0
7/25/2021,23:30:00,0,Piney Point,0.71,1.84,57185.9,1.833,13.52,6.11,50291.2,124.1,124.1,7.65,2.659,33.27,50990,1.54,9.94,33144,0.47,0,1.189,8.52,-108.6,31.362,1.833,5.16,0
7/25/2021,23:40:00,0,Piney Point,0.56,1.19,57227.3,1.864,13.17,6,50342.7,124.9,124.9,7.7,2.705,33.31,51040.4,1.23,8.88,33176,0.49,0,1.19,8.51,-108.5,31.346,1.865,5.16,0
7/25/2021,23:50:00,0,Piney Point,0.69,1.75,57230,1.899,13.25,6.02,50358.3,125.1,125.1,7.71,2.754,33.32,51054.6,1.5,9.82,33186,0.65,0,1.19,8.51,-108.4,31.333,1.898,5.15,0
7/26/2021,0:00:00,0,Piney Point,0.78,2.1,57266.8,1.931,13.18,6,50401.3,124.9,124.9,7.7,2.801,33.35,51096.9,1.94,11.31,33213,0.52,0,1.19,8.51,-108.3,31.322,1.93,5.15,0
7/26/2021,0:10:00,0,Piney Point,0.86,2.44,57320.6,1.962,12.94,5.92,50450.6,125,125,7.7,2.847,33.39,51146.6,1.93,11.25,33245,0.48,0,1.191,8.51,-108.1,31.32,1.962,5.16,0
7/26/2021,0:20:00,0,Piney Point,0.51,1,57376.4,1.989,12.72,5.84,50500.1,123.3,123.3,7.59,2.885,33.43,51196.8,1.44,9.61,33278,0.53,0,1.191,8.5,-107.6,31.32,1.988,5.15,0
7/26/2021,0:30:00,0,Piney Point,0.85,2.38,57458.4,2.017,12.68,5.83,50573.7,121.8,121.8,7.5,2.927,33.48,51271.2,1.78,10.74,33326,0.44,0,1.191,8.49,-107,31.318,2.017,5.16,0
7/26/2021,0:40:00,0,Piney Point,0.7,1.8,57587.3,2.044,12.26,5.69,50716,121.2,121.2,7.46,2.966,33.59,51412,1.94,11.31,33418,0.58,0,1.191,8.47,-106.1,31.289,2.044,5.15,0
7/26/2021,0:50:00,0,Piney Point,0.74,1.95,57689.5,2.073,11.91,5.58,50820.6,119.3,119.3,7.35,3.009,33.66,51516.2,1.73,10.58,33486,0.74,0,1.189,8.46,-105.3,31.274,2.074,5.15,0
7/26/2021,1:00:00,0,Piney Point,0.74,1.96,57790,2.098,11.53,5.45,50905.2,119,119,7.33,3.044,33.73,51602.5,1.46,9.67,33542,1.08,0,1.186,8.46,-104.9,31.278,2.097,5.16,0
7/26/2021,1:10:00,0,Piney Point,0.77,2.07,57884.2,2.12,11.2,5.34,50986.7,119.7,119.7,7.36,3.077,33.79,51685.3,1.62,10.22,33595,0.68,0,1.186,8.45,-104.7,31.279,2.121,5.15,0
7/26/2021,1:20:00,0,Piney Point,0.94,2.77,57987.1,2.144,10.88,5.23,51103.4,120.2,120.2,7.4,3.112,33.87,51800.3,2.1,11.85,33670,0.68,0,1.185,8.45,-104.5,31.253,2.145,5.16,0
7/26/2021,1:30:00,0,Piney Point,1.07,3.29,58099.2,2.165,10.87,5.23,51221.2,119.5,119.5,7.35,3.142,33.96,51917.5,2.73,13.99,33746,2.33,0,1.183,8.44,-104.2,31.234,2.164,5.16,0
7/26/2021,1:40:00,0,Piney Point,0.97,2.86,58117.8,2.188,10.68,5.17,51242.5,118,118,7.26,3.176,33.98,51938.4,2.29,12.49,33760,0.8,0,1.182,8.44,-104,31.229,2.188,5.16,0
7/26/2021,1:50:00,0,Piney Point,0.66,1.6,58124.4,2.203,10.79,5.2,51247.1,114,114,7.01,3.197,33.98,51943.2,1.68,10.4,33763,0.55,0,1.191,8.43,-103.3,31.23,2.202,5.15,0
7/26/2021,2:00:00,0,Piney Point,0.82,2.27,58116,2.217,10.72,5.18,51250.8,114.7,114.7,7.06,3.218,33.98,51945.7,1.95,11.32,33765,0.71,0,1.184,8.43,-103.2,31.219,2.216,5.16,0
7/26/2021,2:10:00,0,Piney Point,0.87,2.47,58082.9,2.234,10.7,5.17,51235.8,114,114,7.02,3.242,33.97,51928.8,2.32,12.6,33754,0.9,0,1.18,8.42,-103,31.205,2.236,5.15,0
7/26/2021,2:20:00,0,Piney Point,0.56,1.23,58052,2.245,10.7,5.17,51218.6,111.1,111.1,6.84,3.258,33.96,51910.1,1.24,8.91,33742,1.43,0,1.174,8.42,-102.6,31.195,2.244,5.16,0
7/26/2021,2:30:00,0,Piney Point,0.53,1.09,58053.6,2.241,9.48,4.76,51217.9,105.4,105.4,6.48,3.253,33.96,51909.6,1.33,9.22,33741,1.24,0,1.175,8.41,-102.3,31.197,2.24,5.15,0
7/26/2021,2:40:00,0,Piney Point,0.56,1.22,58010.4,2.242,10.22,5.01,51195.5,104,104,6.41,3.254,33.94,51885,1.38,9.39,33725,0.75,0,1.188,8.41,-102.2,31.181,2.241,5.15,0
7/26/2021,2:50:00,0,Piney Point,0.52,1.03,57955.1,2.236,10.21,5.01,51166.6,106.3,106.3,6.55,3.246,33.92,51853.3,1.31,9.14,33705,0.65,0,1.18,8.41,-101.9,31.161,2.237,5.15,0
7/26/2021,3:00:00,0,Piney Point,0.35,0.37,57973.1,2.236,9.99,4.94,51182.5,100.1,100.1,6.17,3.246,33.93,51869.4,0.82,7.49,33715,0.67,0,1.175,8.4,-101.3,31.161,2.236,5.15,0
7/26/2021,3:10:00,0,Piney Point,0.61,1.42,57852.3,2.236,10.44,5.09,51126.7,105.6,105.6,6.51,3.246,33.88,51806.7,1.46,9.68,33674,0.8,0,1.172,8.4,-101.9,31.11,2.236,5.15,0
7/26/2021,3:20:00,0,Piney Point,0.39,0.54,57949.7,2.236,10.62,5.15,51181.3,93.4,93.4,5.76,3.245,33.93,51865.8,0.97,8,33713,0.74,0,1.178,8.38,-100.5,31.141,2.235,5.15,0
7/26/2021,3:30:00,0,Piney Point,0.25,-0.06,57968.5,2.236,10.35,5.05,51186.1,84.1,84.1,5.18,3.246,33.93,51872.1,0.7,7.08,33717,0.73,0,1.179,8.36,-99.3,31.153,2.235,5.15,0
7/26/2021,3:40:00,0,Piney Point,0.25,-0.06,57976,2.228,10.32,5.04,51184.8,76.7,76.7,4.73,3.234,33.93,51871.8,0.85,7.61,33717,1.01,0,1.183,8.34,-98.1,31.161,2.228,5.15,0
7/26/2021,3:50:00,0,Piney Point,0.27,0.05,57961.2,2.228,10.94,5.25,51180.4,81.7,81.7,5.03,3.233,33.93,51866.3,0.78,7.36,33713,1.25,0,1.177,8.34,-98.2,31.153,2.227,5.15,0
7/26/2021,4:00:00,0,Piney Point,0.55,1.17,57933.5,2.224,10.62,5.14,51166.2,81.6,81.6,5.03,3.228,33.92,51850.6,1.19,8.74,33703,0.59,0,1.183,8.35,-98.3,31.142,2.223,5.15,0
7/26/2021,4:10:00,0,Piney Point,0.36,0.4,57952.1,2.217,10.33,5.05,51174.1,70.1,70.1,4.32,3.218,33.92,51859.6,0.86,7.62,33709,0.66,0,1.179,8.32,-96.8,31.151,2.216,5.15,0
7/26/2021,4:20:00,0,Piney Point,0.21,-0.2,57930.5,2.214,10.41,5.07,51163.2,71.9,71.9,4.43,3.214,33.91,51847.6,0.61,6.79,33701,0.78,0,1.183,8.33,-97.2,31.142,2.212,5.15,0
7/26/2021,4:30:00,0,Piney Point,0.35,0.36,57849.9,2.201,10.56,5.13,51124.8,75.7,75.7,4.67,3.194,33.88,51804.7,0.92,7.82,33673,0.9,0,1.178,8.33,-97.5,31.11,2.2,5.15,0
7/26/2021,4:40:00,0,Piney Point,0.39,0.54,57841.2,2.181,10.82,5.21,51133.2,74.8,74.8,4.61,3.166,33.89,51811.2,1.07,8.33,33677,0.44,0,1.183,8.33,-97.3,31.093,2.18,5.15,0
7/26/2021,4:50:00,0,Piney Point,0.21,-0.2,57874.3,2.167,10.73,5.18,51151.3,68.4,68.4,4.22,3.146,33.9,51830.9,0.68,7.02,33690,0.48,0,1.178,8.31,-96.3,31.105,2.166,5.15,0
7/26/2021,5:00:00,0,Piney Point,0.2,-0.25,57892.3,2.152,11.37,5.39,51155.8,62.9,62.9,3.88,3.123,33.91,51836.9,0.59,6.72,33694,0.37,0,1.183,8.28,-94.6,31.116,2.151,5.15,0
7/26/2021,5:10:00,0,Piney Point,0.22,-0.15,57892.1,2.137,10.6,5.14,51155.2,56.7,56.7,3.5,3.102,33.91,51836.3,0.61,6.77,33694,0.53,0,1.178,8.27,-94,31.117,2.136,5.15,0
7/26/2021,5:20:00,0,Piney Point,0.16,-0.42,57889.4,2.124,11.29,5.37,51151.7,52.1,52.1,3.21,3.083,33.9,51833,0.58,6.68,33691,0.33,0,1.183,8.27,-93.5,31.118,2.124,5.15,0
7/26/2021,5:30:00,0,Piney Point,0.33,0.27,57884.6,2.106,11.58,5.47,51151.3,52.4,52.4,3.23,3.057,33.9,51832.1,0.62,6.81,33691,0.39,0,1.178,8.26,-92.9,31.114,2.105,5.15,0
7/26/2021,5:40:00,0,Piney Point,0.17,-0.37,57878.2,2.087,10.95,5.26,51148.8,48.6,48.6,2.99,3.029,33.9,51829.1,0.46,6.28,33689,0.28,0,1.183,8.25,-92.3,31.111,2.086,5.15,0
7/26/2021,5:50:00,0,Piney Point,0.31,0.2,57874.6,2.07,10.82,5.21,51150.4,47.4,47.4,2.92,3.005,33.9,51830.2,0.8,7.44,33690,0.51,0,1.178,8.24,-91.8,31.106,2.069,5.14,0
7/26/2021,6:00:00,0,Piney Point,0.23,-0.11,57868.5,2.054,11.59,5.47,51149,44,44,2.71,2.981,33.9,51828.2,0.77,7.31,33688,0.3,0,1.183,8.23,-91.5,31.102,2.052,5.15,0
7/26/2021,6:10:00,0,Piney Point,0.23,-0.12,57857,2.04,11.45,5.42,51147.2,43.9,43.9,2.71,2.961,33.9,51825.4,0.65,6.93,33687,0.38,0,1.177,8.24,-91.8,31.093,2.04,5.15,0
7/26/2021,6:20:00,0,Piney Point,0.18,-0.32,57822.3,2.032,12.26,5.69,51134.3,44.3,44.3,2.73,2.949,33.89,51810.2,0.5,6.39,33677,0.62,0,1.183,8.23,-91.6,31.075,2.031,5.15,0
7/26/2021,6:30:00,0,Piney Point,0.3,0.16,57680.6,2.02,12.34,5.72,51071.5,59.6,59.6,3.68,2.932,33.84,51739,0.89,7.73,33630,0.38,0,1.178,8.28,-94.5,31.012,2.019,5.15,0
7/26/2021,6:40:00,0,Piney Point,0.27,0.04,57677.7,2.011,11.57,5.46,51089.3,50.7,50.7,3.13,2.919,33.85,51754.5,0.66,6.96,33640,0.57,0,1.183,8.25,-92.5,30.992,2.011,5.14,0
7/26/2021,6:50:00,0,Piney Point,0.3,0.14,57674.2,2.004,13.3,6.04,51097.1,48.6,48.6,3,2.909,33.86,51761.2,0.84,7.55,33645,0.41,0,1.178,8.24,-92.2,30.981,2.003,5.14,0
7/26/2021,7:00:00,0,Piney Point,0.17,-0.38,57662.6,1.997,11.79,5.53,51091.3,47.2,47.2,2.91,2.899,33.85,51754.7,0.52,6.48,33641,0.74,0,1.183,8.24,-92.1,30.976,1.996,5.15,0
7/26/2021,7:10:00,0,Piney Point,0.26,-0.02,57657.4,1.989,11.97,5.59,51091.8,46.3,46.3,2.86,2.887,33.85,51754.6,0.62,6.81,33640,0.44,0,1.178,8.25,-92.3,30.971,1.988,5.15,0
7/26/2021,7:20:00,0,Piney Point,0.24,-0.1,57572.5,1.987,11.92,5.58,51048.8,53.9,53.9,3.33,2.884,33.82,51707.2,0.7,7.07,33610,0.39,0,1.183,8.28,-94.4,30.939,1.984,5.15,0
7/26/2021,7:30:00,0,Piney Point,0.33,0.29,57568.9,1.979,11.66,5.49,51054.4,55.6,55.6,3.44,2.873,33.82,51711.7,0.93,7.87,33613,0.7,0,1.178,8.28,-94,30.93,1.978,5.14,0
7/26/2021,7:40:00,0,Piney Point,0.21,-0.19,57498.6,1.98,12.23,5.68,51027.4,60.9,60.9,3.77,2.874,33.8,51680.2,0.63,6.86,33592,2.81,0,1.183,8.31,-96.3,30.895,1.979,5.15,0
7/26/2021,7:50:00,0,Piney Point,0.24,-0.08,57534.5,1.977,11.54,5.45,51042.3,52.7,52.7,3.26,2.87,33.81,51697.3,0.91,7.8,33603,0.51,0,1.178,8.27,-93.4,30.912,1.976,5.15,0
7/26/2021,8:00:00,0,Piney Point,0.16,-0.4,57494.2,1.983,11.92,5.58,51020.7,58.8,58.8,3.64,2.879,33.79,51673.7,0.62,6.8,33588,0.29,0,1.183,8.3,-95.4,30.897,1.982,5.15,0
7/26/2021,8:10:00,0,Piney Point,0.19,-0.27,57482.6,1.983,12.48,5.77,51019.7,55.3,55.3,3.42,2.878,33.79,51671.6,0.7,7.1,33587,0.51,0,1.179,8.28,-94.1,30.888,1.982,5.14,0
7/26/2021,8:20:00,0,Piney Point,0.34,0.33,57502.8,1.987,13.05,5.95,51024.1,51.4,51.4,3.18,2.883,33.8,51677.7,1.13,8.56,33590,0.64,0,1.183,8.26,-93.3,30.902,1.985,5.14,0
7/26/2021,8:30:00,0,Piney Point,0.16,-0.42,57508.8,1.992,13,5.94,51020,50.9,50.9,3.15,2.891,33.79,51674.6,0.69,7.04,33588,0.43,0,1.178,8.26,-93.3,30.911,1.991,5.15,0
7/26/2021,8:40:00,0,Piney Point,0.2,-0.25,57434.1,1.997,12.81,5.87,50986.2,61.8,61.8,3.82,2.898,33.77,51636.5,0.79,7.39,33564,0.3,0,1.183,8.31,-96,30.878,1.995,5.14,0
7/26/2021,8:50:00,0,Piney Point,0.44,0.72,57319.9,2.002,12.86,5.89,50944.2,70.3,70.3,4.36,2.906,33.73,51586.8,1,8.11,33531,0.58,0,1.178,8.35,-98.3,30.819,2.001,5.15,0
7/26/2021,9:00:00,0,Piney Point,0.45,0.75,57226.9,2.019,13.13,5.98,50941.1,85.8,85.8,5.32,2.931,33.73,51574.1,1.16,8.66,33523,0.42,0,1.183,8.39,-100.6,30.738,2.018,5.14,0
7/26/2021,9:10:00,0,Piney Point,0.51,1,57192.4,2.036,12.49,5.77,50958.2,94.3,94.3,5.86,2.955,33.74,51585.7,1.33,9.24,33531,0.67,0,1.178,8.41,-102,30.69,2.034,5.14,0
7/26/2021,9:20:00,0,Piney Point,0.54,1.14,57200.9,2.059,12.31,5.71,50977.6,97.9,97.9,6.08,2.988,33.75,51603.9,1.61,10.16,33543,0.54,0,1.183,8.42,-102.5,30.679,2.058,5.14,0
7/26/2021,9:30:00,0,Piney Point,0.41,0.6,57223.7,2.082,12.23,5.68,51002.6,99.4,99.4,6.18,3.023,33.77,51628.7,1.34,9.27,33559,0.52,0,1.179,8.42,-102.5,30.674,2.081,5.14,0
7/26/2021,9:40:00,0,Piney Point,0.32,0.24,57245.8,2.107,12.05,5.62,51016.7,101.1,101.1,6.28,3.059,33.78,51643.6,1.06,8.29,33568,0.42,0,1.183,8.42,-102.6,30.68,2.106,5.14,0
7/26/2021,9:50:00,0,Piney Point,0.51,1.01,57267.1,2.134,11.94,5.58,51030.5,101.7,101.7,6.32,3.098,33.79,51658.2,1.24,8.92,33578,0.55,0,1.178,8.42,-102.7,30.685,2.134,5.14,0
7/26/2021,10:00:00,0,Piney Point,0.62,1.46,57285.1,2.164,12.75,5.85,51032.6,101.9,101.9,6.32,3.142,33.79,51661.9,1.4,9.47,33580,0.42,0,1.183,8.42,-102.5,30.699,2.162,5.14,0
7/26/2021,10:10:00,0,Piney Point,0.36,0.42,57301.8,2.192,11.99,5.6,51028.8,101.2,101.2,6.28,3.182,33.79,51660.4,0.93,7.87,33579,0.49,0,1.178,8.41,-102.3,30.717,2.191,5.14,0
7/26/2021,10:20:00,0,Piney Point,0.4,0.58,57328.9,2.221,12.17,5.66,51029.7,100.9,100.9,6.26,3.224,33.79,51664.1,1.18,8.7,33582,0.47,0,1.183,8.41,-102.1,30.741,2.22,5.14,0
7/26/2021,10:30:00,0,Piney Point,0.3,0.17,57339,2.248,12.2,5.67,51018.4,101,101,6.26,3.264,33.78,51655.1,1,8.09,33576,0.53,0,1.178,8.41,-101.9,30.761,2.248,5.15,0
7/26/2021,10:40:00,0,Piney Point,0.38,0.48,57340,2.279,11.81,5.54,50996.1,101.2,101.2,6.28,3.308,33.77,51635.3,1.2,8.77,33563,0.43,0,1.183,8.41,-102,30.784,2.278,5.14,0
7/26/2021,10:50:00,0,Piney Point,0.37,0.44,57348.5,2.313,12.22,5.68,50975.6,103.8,103.8,6.43,3.357,33.76,51617.9,0.85,7.58,33552,0.51,0,1.178,8.41,-102.1,30.813,2.312,5.14,0
7/26/2021,11:00:00,0,Piney Point,0.32,0.26,57296.7,2.35,12.43,5.75,50910.2,104.1,104.1,6.45,3.411,33.71,51554,0.84,7.55,33510,1.22,0,1.183,8.41,-102,30.832,2.349,5.15,0
7/26/2021,11:10:00,0,Piney Point,0.31,0.19,57261,2.386,12.39,5.74,50848.1,105.7,105.7,6.55,3.463,33.66,51494.7,0.96,7.96,33472,0.58,0,1.178,8.42,-102.4,30.863,2.386,5.14,0
7/26/2021,11:20:00,0,Piney Point,0.41,0.59,57259.3,2.421,12.24,5.69,50811.7,106.8,106.8,6.61,3.514,33.64,51462.1,1.04,8.25,33450,0.48,0,1.183,8.41,-102.4,30.898,2.421,5.14,0
7/26/2021,11:30:00,0,Piney Point,0.37,0.43,57338.1,2.456,12.24,5.69,50829.4,107.2,107.2,6.64,3.565,33.65,51486.3,1.04,8.25,33466,0.6,0,1.178,8.41,-102.1,30.951,2.455,5.14,0
7/26/2021,11:40:00,0,Piney Point,0.34,0.3,57416.4,2.486,11.76,5.53,50847.2,107,107,6.61,3.608,33.67,51510.6,1.06,8.3,33482,0.46,0,1.183,8.4,-101.8,31.003,2.483,5.15,0
7/26/2021,11:50:00,0,Piney Point,0.44,0.72,57459.6,2.521,11.67,5.49,50845.1,105,105,6.49,3.658,33.67,51513.4,1.19,8.76,33484,0.69,0,1.178,8.4,-101.4,31.044,2.521,5.14,0
7/26/2021,12:00:00,0,Piney Point,0.49,0.94,57500.9,2.547,11.68,5.5,50848.5,107.7,107.7,6.65,3.696,33.67,51520.8,2.15,12.02,33489,0.66,0,1.183,8.4,-101.7,31.077,2.548,5.15,0
7/26/2021,12:10:00,0,Piney Point,0.38,0.47,57553.2,2.574,11.35,5.39,50854.9,109,109,6.73,3.736,33.68,51532.2,1,8.1,33496,0.71,0,1.178,8.4,-101.8,31.117,2.572,5.15,0
7/26/2021,12:20:00,0,Piney Point,0.49,0.92,57659.7,2.594,11.22,5.34,50912.9,108,108,6.66,3.764,33.73,51595.3,1.23,8.9,33537,0.86,0,1.184,8.4,-101.5,31.154,2.593,5.14,0
7/26/2021,12:30:00,0,Piney Point,0.4,0.56,57703.3,2.613,11.06,5.29,50931.2,109.5,109.5,6.75,3.793,33.74,51616.3,1.14,8.58,33551,0.69,0,1.177,8.4,-101.8,31.174,2.614,5.15,0
7/26/2021,12:40:00,0,Piney Point,0.4,0.57,57743.9,2.623,10.81,5.21,50946.5,111,111,6.84,3.807,33.75,51634.4,1.07,8.33,33562,0.64,0,1.183,8.41,-102,31.195,2.624,5.15,0
7/26/2021,12:50:00,0,Piney Point,0.43,0.67,57778.9,2.634,11.03,5.28,50949.2,113.2,113.2,6.97,3.823,33.76,51640.5,1.17,8.7,33566,0.55,0,1.178,8.41,-102.3,31.224,2.631,5.15,0
7/26/2021,13:00:00,0,Piney Point,0.41,0.6,57829.9,2.657,10.83,5.21,50966.7,114.3,114.3,7.04,3.856,33.77,51661.6,1.21,8.81,33580,0.57,0,1.183,8.41,-102.4,31.251,2.657,5.15,0
7/26/2021,13:10:00,0,Piney Point,0.44,0.73,57855.4,2.667,10.75,5.19,50973.6,113.5,113.5,6.98,3.871,33.78,51670.5,1.32,9.18,33586,1.36,0,1.178,8.41,-102.2,31.267,2.668,5.15,0
7/26/2021,13:20:00,0,Piney Point,0.39,0.53,57897,2.674,10.65,5.15,50977.9,115.5,115.5,7.1,3.881,33.78,51678.8,0.9,7.77,33591,0.74,0,1.183,8.41,-102.5,31.3,2.675,5.15,0
7/26/2021,13:30:00,0,Piney Point,0.45,0.77,57947.8,2.674,10.49,5.1,50987.5,114.3,114.3,7.02,3.881,33.79,51692.8,1.24,8.92,33600,0.8,0,1.178,8.41,-102.2,31.335,2.673,5.15,0
7/26/2021,13:40:00,0,Piney Point,0.33,0.28,57991.9,2.676,10.5,5.1,50989.4,116.7,116.7,7.17,3.883,33.8,51699.3,0.98,8.04,33605,0.5,0,1.183,8.42,-102.7,31.373,2.676,5.15,0
7/26/2021,13:50:00,0,Piney Point,0.4,0.55,58030,2.67,10.33,5.05,50987.7,118.6,118.6,7.28,3.874,33.8,51701.9,0.74,7.21,33606,0.59,0,1.178,8.42,-102.9,31.408,2.671,5.15,0
7/26/2021,14:00:00,0,Piney Point,0.42,0.66,58048.9,2.665,10.2,5.01,50980.8,117.7,117.7,7.23,3.867,33.79,51697.7,1.09,8.4,33604,0.61,0,1.183,8.42,-102.7,31.432,2.663,5.15,0
7/26/2021,14:10:00,0,Piney Point,0.45,0.75,58079.9,2.656,10.47,5.09,50981,119.1,119.1,7.31,3.855,33.79,51701.3,1.12,8.5,33606,0.95,0,1.178,8.42,-102.7,31.459,2.655,5.15,0
7/26/2021,14:20:00,0,Piney Point,0.34,0.3,58147.5,2.651,10.45,5.09,50986.1,122.6,122.6,7.51,3.846,33.8,51713.1,0.88,7.71,33614,0.48,0,1.183,8.43,-103.3,31.514,2.651,5.15,0
7/26/2021,14:30:00,0,Piney Point,0.44,0.72,58177.2,2.643,10.11,4.98,50984.7,118.8,118.8,7.28,3.836,33.8,51715.1,1.05,8.26,33615,0.64,0,1.178,8.42,-102.6,31.542,2.643,5.15,0
7/26/2021,14:40:00,0,Piney Point,0.34,0.31,58214.8,2.633,10.33,5.05,50980.1,125.7,125.7,7.69,3.821,33.8,51715,0.86,7.63,33615,0.51,0,1.183,8.43,-103.3,31.58,2.632,5.15,0
7/26/2021,14:50:00,0,Piney Point,0.29,0.13,58245.1,2.623,10.46,5.09,50972.5,125.9,125.9,7.71,3.807,33.8,51711.5,0.82,7.5,33612,0.6,0,1.178,8.43,-103.4,31.615,2.618,5.15,0
7/26/2021,15:00:00,0,Piney Point,0.25,-0.04,58282.1,2.605,10.55,5.12,50967,135.2,135.2,8.27,3.78,33.79,51710.6,0.82,7.49,33612,0.45,0,1.183,8.45,-104.8,31.653,2.611,5.15,0
7/26/2021,15:10:00,0,Piney Point,0.3,0.18,58292.7,2.588,10.49,5.1,50951.8,131.3,131.3,8.03,3.755,33.78,51698.3,0.83,7.53,33604,0.62,0,1.178,8.44,-104.2,31.678,2.59,5.15,0
7/26/2021,15:20:00,0,Piney Point,0.21,-0.2,58329.7,2.566,10.64,5.15,50949.1,137.2,137.2,8.39,3.724,33.78,51699.9,0.67,6.98,33605,0.51,0,1.183,8.46,-105.1,31.714,2.564,5.15,0
7/26/2021,15:30:00,0,Piney Point,0.22,-0.17,58358.2,2.542,12.03,5.61,50943.4,140.4,140.4,8.57,3.689,33.78,51697.9,0.7,7.08,33604,0.58,0,1.178,8.46,-105.6,31.745,2.54,5.15,0
7/26/2021,15:40:00,0,Piney Point,0.25,-0.05,58378.6,2.517,12.59,5.8,50933.9,141.6,141.6,8.64,3.652,33.78,51691.7,0.67,6.98,33600,0.66,0,1.183,8.46,-105.7,31.773,2.515,5.15,0
7/26/2021,15:50:00,0,Piney Point,0.29,0.12,58363.9,2.493,10.9,5.24,50914.7,141,141,8.6,3.617,33.76,51672.9,0.74,7.23,33587,0.53,0,1.178,8.47,-105.7,31.779,2.488,5.15,0
7/26/2021,16:00:00,0,Piney Point,0.26,0,58391.4,2.474,11.02,5.28,50906.4,148.5,148.5,9.06,3.589,33.76,51668.5,0.69,7.05,33585,0.51,0,1.183,8.48,-106.7,31.812,2.468,5.15,0
7/26/2021,16:10:00,0,Piney Point,0.25,-0.06,58409,2.446,11.53,5.45,50897,150.7,150.7,9.19,3.55,33.75,51662.1,0.74,7.22,33580,0.56,0,1.191,8.49,-107.1,31.837,2.446,5.15,0
7/26/2021,16:20:00,0,Piney Point,0.26,-0.01,58432.9,2.418,11.19,5.34,50900.4,152.4,152.4,9.29,3.508,33.75,51667.7,0.72,7.16,33584,0.64,0,1.172,8.49,-107.4,31.855,2.417,5.15,0
7/26/2021,16:30:00,0,Piney Point,0.2,-0.23,58448.4,2.392,11.21,5.34,50893.4,156,156,9.51,3.471,33.75,51663.2,0.6,6.73,33581,0.48,0,1.177,8.5,-107.8,31.876,2.39,5.15,0
7/26/2021,16:40:00,0,Piney Point,0.21,-0.21,58452.8,2.367,11.28,5.37,50877.3,157.6,157.6,9.6,3.435,33.74,51649.3,0.7,7.09,33572,0.56,0,1.191,8.5,-108,31.897,2.366,5.15,0
7/26/2021,16:50:00,0,Piney Point,0.18,-0.33,58461.1,2.339,11.44,5.42,50865,159.4,159.4,9.71,3.394,33.73,51639.3,0.6,6.75,33566,0.6,0,1.186,8.51,-108.3,31.916,2.337,5.15,0
7/26/2021,17:00:00,0,Piney Point,0.26,0.01,58465.9,2.307,11.79,5.53,50851.3,163.4,163.4,9.95,3.347,33.72,51627.6,0.57,6.64,33558,0.55,0,1.181,8.52,-108.8,31.935,2.307,5.15,0
7/26/2021,17:10:00,0,Piney Point,0.21,-0.22,58464.9,2.275,11.69,5.5,50839.8,164.5,164.5,10.02,3.3,33.71,51617.2,0.61,6.77,33551,0.77,0,1.173,8.52,-109.1,31.946,2.277,5.15,0
7/26/2021,17:20:00,0,Piney Point,0.17,-0.35,58416.5,2.24,12.01,5.61,50793.4,165.9,165.9,10.1,3.25,33.68,51570.7,0.56,6.63,33521,0.46,0,1.176,8.53,-109.4,31.95,2.241,5.15,0
7/26/2021,17:30:00,0,Piney Point,0.16,-0.4,58397,2.207,12.26,5.69,50771.7,166.1,166.1,10.12,3.202,33.66,51549.3,0.49,6.36,33507,0.42,0,1.185,8.53,-109.4,31.955,2.206,5.15,0
7/26/2021,17:40:00,0,Piney Point,0.15,-0.45,58334.8,2.171,12.04,5.62,50720.7,164.2,164.2,10,3.149,33.63,51497.1,0.5,6.4,33473,0.41,0,1.181,8.53,-109.6,31.952,2.171,5.15,0
7/26/2021,17:50:00,0,Piney Point,0.27,0.06,58052.8,2.135,12.55,5.79,50509.3,155.4,155.4,9.48,3.097,33.47,51278.2,0.62,6.81,33331,0.57,0,1.173,8.53,-109.6,31.917,2.134,5.15,0
7/26/2021,18:00:00,0,Piney Point,0.26,-0.02,57939.2,2.099,17.98,7.6,50411.8,154,154,9.4,3.045,33.39,51179.1,0.48,6.34,33266,2.66,0,1.178,8.53,-109.7,31.916,2.098,5.15,0
7/26/2021,18:10:00,0,Piney Point,0.32,0.25,57927.1,2.062,12.94,5.92,50404.2,151.8,151.8,9.27,2.991,33.39,51171,0.74,7.22,33261,0.43,0,1.184,8.53,-109.7,31.913,2.061,5.15,0
7/26/2021,18:20:00,0,Piney Point,0.35,0.37,57860.4,2.026,12.86,5.89,50345,149.2,149.2,9.11,2.938,33.34,51111,0.69,7.06,33222,0.33,0,1.175,8.54,-110,31.914,2.025,5.15,0
7/26/2021,18:30:00,0,Piney Point,0.24,-0.1,57822.8,1.991,13.3,6.04,50304,147.1,147.1,8.98,2.887,33.31,51070.5,0.47,6.29,33196,0.43,0,1.175,8.53,-109.8,31.922,1.99,5.15,0
7/26/2021,18:40:00,0,Piney Point,0.26,-0.01,57773.9,1.959,12.93,5.92,50251.6,146.5,146.5,8.95,2.841,33.27,51018.4,0.59,6.7,33162,0.26,0,1.178,8.54,-110.1,31.933,1.959,5.15,0
7/26/2021,18:50:00,0,Piney Point,0.32,0.23,57752.7,1.921,13,5.94,50230.6,147.5,147.5,9.01,2.787,33.26,50997.5,0.54,6.56,33148,0.36,0,1.178,8.54,-110.4,31.935,1.921,5.15,0
7/26/2021,19:00:00,0,Piney Point,0.25,-0.06,57775.8,1.891,12.75,5.86,50245.9,148.3,148.3,9.06,2.742,33.27,51013.6,0.6,6.74,33159,0.34,0,1.173,8.55,-110.7,31.94,1.89,5.15,0
7/26/2021,19:10:00,0,Piney Point,0.35,0.37,57811.8,1.86,12.97,5.93,50270.2,149.8,149.8,9.14,2.697,33.29,51039.1,0.64,6.88,33175,0.66,0,1.181,8.55,-110.9,31.947,1.859,5.15,0
7/26/2021,19:20:00,0,Piney Point,0.3,0.17,57825.9,1.828,12.49,5.77,50272.4,150.9,150.9,9.21,2.651,33.29,51042.6,0.68,7.01,33178,0.32,0,1.178,8.55,-111.1,31.958,1.826,5.15,0
7/26/2021,19:30:00,0,Piney Point,0.27,0.04,57806.1,1.797,13.1,5.97,50246.6,149.1,149.1,9.1,2.606,33.27,51017.6,0.62,6.82,33161,0.95,0,1.173,8.56,-111.3,31.967,1.797,5.15,0
7/26/2021,19:40:00,0,Piney Point,0.28,0.09,57730.9,1.77,12.78,5.87,50174.4,148.4,148.4,9.06,2.567,33.22,50945.1,0.58,6.68,33114,0.29,0,1.179,8.56,-111.6,31.974,1.767,5.15,0
7/26/2021,19:50:00,0,Piney Point,0.27,0.05,57666.1,1.74,13.39,6.07,50118,147,147,8.98,2.523,33.18,50887.8,0.55,6.59,33077,0.29,0,1.189,8.56,-111.6,31.974,1.739,5.15,0
7/26/2021,20:00:00,0,Piney Point,0.35,0.38,57571.8,1.715,13.26,6.02,50040.7,146.5,146.5,8.95,2.488,33.12,50808.8,0.5,6.41,33026,0.25,0,1.179,8.57,-112,31.969,1.715,5.15,0
7/26/2021,20:10:00,0,Piney Point,0.22,-0.17,57556.3,1.691,13.37,6.06,50031.4,144,144,8.8,2.452,33.11,50798.8,0.48,6.33,33019,0.15,0,1.185,8.57,-111.8,31.965,1.69,5.15,0
7/26/2021,20:20:00,0,Piney Point,0.28,0.09,57492.4,1.671,13.69,6.17,49983,143.2,143.2,8.75,2.424,33.08,50748.8,0.45,6.23,32987,0.37,0,1.176,8.56,-111.7,31.957,1.671,5.15,0
7/26/2021,20:30:00,0,Piney Point,0.14,-0.5,57464.9,1.649,13.5,6.11,49962.1,141.6,141.6,8.65,2.392,33.06,50727.1,0.31,5.75,32973,0.18,0,1.177,8.57,-112,31.954,1.649,5.15,0
7/26/2021,20:40:00,0,Piney Point,0.23,-0.14,57387.4,1.628,13.57,6.13,49905.3,140.9,140.9,8.62,2.361,33.02,50668.2,0.61,6.79,32934,0.23,0,1.178,8.56,-111.6,31.943,1.627,5.15,0
7/26/2021,20:50:00,0,Piney Point,0.21,-0.21,57358.2,1.61,14.21,6.34,49895.2,140.1,140.1,8.57,2.334,33.01,50656,0.51,6.46,32926,0.17,0,1.175,8.56,-111.6,31.927,1.608,5.14,0
7/26/2021,21:00:00,0,Piney Point,0.23,-0.13,57315.3,1.599,14.43,6.41,49869,138.7,138.7,8.49,2.319,32.99,50628,0.39,6.03,32908,0.22,0,1.185,8.56,-111.3,31.916,1.598,5.15,0
7/26/2021,21:10:00,0,Piney Point,0.33,0.29,57239.5,1.595,14.48,6.43,49827.4,134.9,134.9,8.26,2.312,32.96,50582.7,1.14,8.58,32879,0.24,0,1.18,8.57,-111.8,31.89,1.594,5.14,0
7/26/2021,21:20:00,0,Piney Point,0.18,-0.34,57223.7,1.595,14.06,6.29,49822.9,133.6,133.6,8.18,2.313,32.95,50577,0.29,5.7,32875,0.56,0,1.174,8.55,-111.1,31.881,1.596,5.15,0
7/26/2021,21:30:00,0,Piney Point,0.17,-0.38,57264.7,1.593,13.65,6.15,49859.7,127.6,127.6,7.81,2.31,32.98,50614.3,0.24,5.52,32899,0.51,0,1.173,8.54,-110,31.879,1.593,5.15,0
7/26/2021,21:40:00,0,Piney Point,0.16,-0.4,57172.2,1.596,15.03,6.61,49809.2,135,135,8.27,2.314,32.94,50559.2,0.42,6.12,32863,0.26,0,1.187,8.56,-111.5,31.848,1.596,5.14,0
7/26/2021,21:50:00,0,Piney Point,0.2,-0.26,57210.7,1.602,15.35,6.72,49837.3,129.2,129.2,7.91,2.324,32.96,50588.4,0.32,5.8,32882,0.09,0,1.191,8.55,-110.5,31.854,1.603,5.14,0
7/26/2021,22:00:00,0,Piney Point,0.13,-0.52,57303.4,1.614,14.51,6.44,49895.8,123.2,123.2,7.54,2.34,33.01,50650.6,0.26,5.6,32923,0.14,0,1.181,8.52,-109.3,31.877,1.613,5.14,0
7/26/2021,22:10:00,0,Piney Point,0.21,-0.21,57268.8,1.632,14.38,6.4,49896,117,117,7.16,2.367,33.01,50647,0.34,5.86,32921,0.39,0,1.174,8.5,-107.6,31.845,1.633,5.15,0
7/26/2021,22:20:00,0,Piney Point,0.23,-0.11,57123.2,1.651,15.36,6.72,49823.9,126.7,126.7,7.76,2.394,32.95,50567,0.45,6.23,32869,0.1,0,1.178,8.55,-110.8,31.788,1.651,5.14,0
7/26/2021,22:30:00,0,Piney Point,0.18,-0.34,57094.6,1.668,15.49,6.77,49827.9,133.2,133.2,8.17,2.419,32.95,50567.4,0.5,6.41,32869,0.13,0,1.186,8.56,-111.3,31.758,1.668,5.15,0
7/26/2021,22:40:00,0,Piney Point,0.23,-0.13,57083.5,1.689,15.17,6.66,49848,137.5,137.5,8.44,2.45,32.96,50584.1,0.44,6.2,32880,0.31,0,1.174,8.57,-111.8,31.727,1.689,5.15,0
7/26/2021,22:50:00,0,Piney Point,0.24,-0.08,57090,1.711,15.52,6.78,49865.9,138.6,138.6,8.51,2.481,32.98,50600.8,0.47,6.3,32890,0.29,0,1.175,8.57,-111.7,31.714,1.711,5.15,0
7/26/2021,23:00:00,0,Piney Point,0.35,0.35,57131.3,1.739,15.29,6.7,49920.2,137.6,137.6,8.45,2.521,33.02,50653.6,0.6,6.74,32925,0.17,0,1.181,8.56,-111.5,31.695,1.737,5.14,0
7/26/2021,23:10:00,0,Piney Point,0.28,0.07,57174.6,1.77,15.16,6.66,49979.9,137.4,137.4,8.43,2.566,33.06,50711.5,0.56,6.61,32962,0.26,0,1.178,8.56,-111.3,31.673,1.769,5.15,0
7/26/2021,23:20:00,0,Piney Point,0.32,0.26,57252.7,1.802,14.82,6.55,50079.5,137.8,137.8,8.46,2.613,33.13,50808.6,0.75,7.24,33026,0.25,0,1.183,8.55,-111,31.64,1.802,5.15,0
7/26/2021,23:30:00,0,Piney Point,0.42,0.64,57368.8,1.837,14.24,6.35,50220,138.8,138.8,8.52,2.665,33.23,50946.4,0.98,8.03,33115,0.41,0,1.177,8.55,-110.7,31.6,1.837,5.15,0
7/26/2021,23:40:00,0,Piney Point,0.44,0.73,57422.2,1.868,13.74,6.19,50293.2,137.7,137.7,8.45,2.71,33.29,51017.4,1.16,8.66,33161,0.26,0,1.183,8.54,-110.4,31.573,1.867,5.14,0
7/26/2021,23:50:00,0,Piney Point,0.51,1.01,57442.1,1.904,13.92,6.25,50321.6,137.9,137.9,8.47,2.762,33.31,51044.9,1.18,8.71,33179,0.45,0,1.178,8.54,-110.3,31.562,1.904,5.14,0
7/27/2021,0:00:00,0,Piney Point,0.39,0.53,57417.8,1.938,14,6.27,50310.1,135.2,135.2,8.31,2.811,33.3,51032,1.17,8.66,33171,0.35,0,1.184,8.54,-109.8,31.552,1.937,5.14,0
7/27/2021,0:10:00,0,Piney Point,0.4,0.58,57409.9,1.969,14.1,6.3,50325,134.3,134.3,8.25,2.856,33.31,51044.4,0.91,7.81,33179,0.36,0,1.178,8.53,-109.6,31.529,1.968,5.15,0
7/27/2021,0:20:00,0,Piney Point,0.45,0.77,57519.7,2.004,13.68,6.17,50447.5,133.8,133.8,8.22,2.908,33.4,51165.4,0.99,8.07,33258,0.36,0,1.183,8.52,-109,31.502,2.005,5.14,0
7/27/2021,0:30:00,0,Piney Point,0.41,0.6,57615.9,2.037,13.22,6.01,50549.7,132,132,8.11,2.956,33.47,51266.8,1.03,8.2,33323,0.52,0,1.179,8.51,-108.4,31.484,2.037,5.14,0
7/27/2021,0:40:00,0,Piney Point,0.45,0.76,57697.2,2.07,12.98,5.93,50634.7,131.4,131.4,8.07,3.003,33.54,51351.4,0.96,7.98,33378,0.5,0,1.183,8.5,-107.9,31.47,2.071,5.14,0
7/27/2021,0:50:00,0,Piney Point,0.49,0.95,57783.9,2.098,12.48,5.76,50726.8,130.7,130.7,8.02,3.045,33.6,51442.8,1.08,8.37,33438,0.67,0,1.178,8.5,-107.5,31.454,2.095,5.14,0
7/27/2021,1:00:00,0,Piney Point,0.59,1.34,57943.1,2.13,12.13,5.65,50887.4,132.7,132.7,8.15,3.092,33.72,51603.1,1.27,9.01,33542,0.45,0,1.183,8.49,-107.2,31.433,2.129,5.14,0
7/27/2021,1:10:00,0,Piney Point,0.78,2.13,58115,2.161,11.77,5.53,51037.3,133.6,133.6,8.19,3.136,33.83,51755.2,1.76,10.69,33641,0.63,0,1.178,8.49,-107.1,31.434,2.16,5.14,0
7/27/2021,1:20:00,0,Piney Point,0.62,1.45,58234.8,2.191,11.42,5.41,51131.9,133,133,8.16,3.18,33.91,51852.4,1.23,8.89,33704,0.53,0,1.183,8.49,-107.1,31.444,2.191,5.14,0
7/27/2021,1:30:00,0,Piney Point,0.74,1.95,58340.8,2.221,11.22,5.35,51214.2,132,132,8.09,3.223,33.97,51937.3,1.71,10.52,33759,0.59,0,1.177,8.49,-106.8,31.455,2.221,5.14,0
7/27/2021,1:40:00,0,Piney Point,0.97,2.89,58439.9,2.251,11.1,5.31,51286.1,130.8,130.8,8.01,3.267,34.02,52012,2.16,12.05,33808,0.7,0,1.183,8.49,-106.9,31.47,2.25,5.14,0
7/27/2021,1:50:00,0,Piney Point,1.06,3.22,58553.1,2.274,10.9,5.24,51371.6,131.3,131.3,8.04,3.301,34.09,52100.5,2.61,13.57,33865,0.87,0,1.178,8.49,-106.9,31.484,2.273,5.14,0
7/27/2021,2:00:00,0,Piney Point,1.14,3.57,58633.2,2.291,10.65,5.15,51442.2,130.6,130.6,7.99,3.325,34.14,52172,2.69,13.83,33912,1.05,0,1.183,8.48,-106.6,31.484,2.291,5.14,0
7/27/2021,2:10:00,0,Piney Point,0.81,2.24,58643.1,2.311,10.87,5.23,51455.3,128.5,128.5,7.86,3.354,34.15,52184.8,2.05,11.66,33920,0.99,0,1.178,8.47,-106,31.48,2.311,5.14,0
7/27/2021,2:20:00,0,Piney Point,0.81,2.22,58652,2.324,10.51,5.11,51465.2,126.7,126.7,7.76,3.373,34.16,52194.5,1.7,10.49,33926,0.63,0,1.183,8.47,-106.1,31.477,2.324,5.14,0
7/27/2021,2:30:00,0,Piney Point,0.87,2.47,58635.7,2.34,10.68,5.17,51467.6,127,127,7.78,3.397,34.16,52194.9,2.24,12.33,33927,0.78,0,1.178,8.47,-105.9,31.461,2.34,5.14,0
7/27/2021,2:40:00,0,Piney Point,0.62,1.47,58630.5,2.347,10.15,4.99,51468.2,123.2,123.2,7.54,3.407,34.16,52194.9,1.32,9.19,33927,0.69,0,1.183,8.46,-105.4,31.456,2.347,5.14,0
7/27/2021,2:50:00,0,Piney Point,1.45,4.84,58608.7,2.347,9.66,4.82,51458.3,119.7,119.7,7.33,3.406,34.15,52183.7,3.4,16.24,33919,0.71,0,1.179,8.45,-105,31.446,2.347,5.14,0
7/27/2021,3:00:00,0,Piney Point,0.67,1.68,58584.5,2.346,10.28,5.03,51448,116.7,116.7,7.15,3.405,34.14,52171.9,1.65,10.32,33912,0.73,0,1.183,8.45,-104.7,31.435,2.345,5.14,0
7/27/2021,3:10:00,0,Piney Point,0.59,1.34,58586.3,2.347,10.42,5.08,51451.2,112,112,6.86,3.407,34.14,52175,1.36,9.32,33914,0.98,0,1.178,8.43,-103.6,31.434,2.346,5.14,0
7/27/2021,3:20:00,0,Piney Point,0.42,0.64,58591.2,2.346,9.92,4.91,51454.3,108.2,108.2,6.63,3.406,34.15,52178.3,0.93,7.86,33916,0.67,0,1.183,8.43,-103.3,31.435,2.346,5.14,0
7/27/2021,3:30:00,0,Piney Point,0.35,0.34,58590.3,2.347,10.13,4.98,51452.6,104.8,104.8,6.42,3.407,34.14,52176.6,0.78,7.34,33915,0.89,0,1.179,8.41,-102.5,31.436,2.346,5.14,0
7/27/2021,3:40:00,0,Piney Point,0.26,-0.02,58589.8,2.349,10.14,4.98,51452.3,102.6,102.6,6.28,3.41,34.14,52176.3,0.65,6.91,33915,0.67,0,1.183,8.41,-102.5,31.435,2.349,5.14,0
7/27/2021,3:50:00,0,Piney Point,0.44,0.71,58581,2.343,10.21,5.01,51446.3,96.5,96.5,5.91,3.402,34.14,52170,0.79,7.39,33911,0.76,0,1.178,8.4,-101.7,31.434,2.342,5.14,0
7/27/2021,4:00:00,0,Piney Point,0.29,0.14,58584.9,2.342,10.14,4.99,51452.2,92.8,92.8,5.69,3.4,34.14,52175.7,0.74,7.21,33914,0.57,0,1.183,8.38,-100.6,31.431,2.342,5.14,0
7/27/2021,4:10:00,0,Piney Point,0.31,0.21,58580.3,2.336,10.21,5.01,51448.6,86.7,86.7,5.31,3.391,34.14,52172,0.6,6.75,33912,0.85,0,1.178,8.38,-100.4,31.431,2.336,5.13,0
7/27/2021,4:20:00,0,Piney Point,0.27,0.02,58578.8,2.332,10.66,5.16,51449,86.2,86.2,5.28,3.385,34.14,52172.2,0.71,7.12,33912,0.54,0,1.183,8.37,-99.6,31.429,2.332,5.14,0
7/27/2021,4:30:00,0,Piney Point,0.2,-0.25,58577.3,2.327,10.27,5.03,51448.6,79.6,79.6,4.87,3.377,34.14,52171.7,0.43,6.17,33912,0.62,0,1.179,8.35,-98.6,31.428,2.327,5.14,0
7/27/2021,4:40:00,0,Piney Point,0.29,0.1,58572.7,2.317,10.3,5.04,51446.5,77.4,77.4,4.74,3.363,34.14,52169.3,0.83,7.53,33910,1.72,0,1.183,8.34,-97.8,31.426,2.316,5.13,0
7/27/2021,4:50:00,0,Piney Point,0.21,-0.22,58567.9,2.3,10.23,5.01,51444.9,71.7,71.7,4.39,3.339,34.14,52167.3,0.52,6.49,33909,1.53,0,1.178,8.33,-97.6,31.424,2.299,5.14,0
7/27/2021,5:00:00,0,Piney Point,0.25,-0.06,58556.5,2.284,10.62,5.15,51438.4,67.8,67.8,4.16,3.315,34.13,52160.4,0.75,7.27,33904,1.71,0,1.183,8.32,-96.9,31.42,2.282,5.13,0
7/27/2021,5:10:00,0,Piney Point,0.2,-0.23,58549.4,2.273,11.18,5.33,51437.1,68.7,68.7,4.21,3.3,34.13,52158.4,0.39,6.05,33903,1.09,0,1.178,8.31,-96.5,31.415,2.272,5.14,0
7/27/2021,5:20:00,0,Piney Point,0.17,-0.38,58548.6,2.26,11.44,5.42,51438.7,68.7,68.7,4.21,3.281,34.13,52159.7,0.5,6.39,33904,0.37,0,1.183,8.3,-95.9,31.413,2.259,5.13,0
7/27/2021,5:30:00,0,Piney Point,0.25,-0.05,58540.2,2.238,10.28,5.03,51433.6,62,62,3.8,3.249,34.13,52154.3,0.59,6.71,33900,1.9,0,1.178,8.31,-96.2,31.411,2.238,5.13,0
7/27/2021,5:40:00,0,Piney Point,0.29,0.1,58534,2.22,11.12,5.31,51431.2,61.1,61.1,3.74,3.222,34.13,52151.5,0.44,6.2,33898,0.85,0,1.183,8.29,-95.2,31.408,2.218,5.13,0
7/27/2021,5:50:00,0,Piney Point,0.26,0,58531.6,2.201,11.32,5.38,51432.6,55.1,55.1,3.37,3.195,34.13,52152.5,0.74,7.22,33899,0.86,0,1.178,8.27,-94.1,31.404,2.199,5.13,0
7/27/2021,6:00:00,0,Piney Point,0.15,-0.46,58520.2,2.18,10.85,5.22,51427,50.3,50.3,3.08,3.165,34.12,52146.3,0.56,6.61,33895,1.17,0,1.184,8.27,-94,31.4,2.179,5.14,0
7/27/2021,6:10:00,0,Piney Point,0.2,-0.24,58515.4,2.162,11.33,5.38,51426.1,50.4,50.4,3.09,3.139,34.12,52144.9,0.5,6.42,33894,0.57,0,1.178,8.27,-93.6,31.396,2.162,5.14,0
7/27/2021,6:20:00,0,Piney Point,0.18,-0.33,58490.4,2.137,10.97,5.26,51416.1,49.8,49.8,3.05,3.101,34.12,52133.4,0.52,6.49,33887,0.61,0,1.183,8.26,-93.3,31.384,2.136,5.13,0
7/27/2021,6:30:00,0,Piney Point,0.21,-0.21,58466.5,2.113,10.92,5.25,51410,51.4,51.4,3.15,3.067,34.11,52125.3,0.54,6.53,33881,0.86,0,1.178,8.27,-93.9,31.369,2.112,5.13,0
7/27/2021,6:40:00,0,Piney Point,0.29,0.12,58457.1,2.09,11.01,5.27,51408.3,50.1,50.1,3.07,3.034,34.11,52122.8,0.51,6.43,33880,0.71,0,1.183,8.26,-93.3,31.363,2.089,5.13,0
7/27/2021,6:50:00,0,Piney Point,0.21,-0.22,58372.9,2.066,11.72,5.51,51361,57.7,57.7,3.54,2.998,34.07,52071.5,0.6,6.75,33847,0.64,0,1.178,8.28,-94.6,31.336,2.065,5.12,0
7/27/2021,7:00:00,0,Piney Point,0.23,-0.12,58378,2.048,11.3,5.37,51369.8,50.6,50.6,3.11,2.973,34.08,52079.9,0.68,7.03,33852,1.54,0,1.183,8.26,-93.1,31.332,2.048,5.14,0
7/27/2021,7:10:00,0,Piney Point,0.35,0.35,58291.6,2.03,11.43,5.42,51318.2,51.4,51.4,3.16,2.947,34.04,52024.6,0.63,6.86,33816,0.81,0,1.178,8.27,-93.7,31.307,2.03,5.13,0
7/27/2021,7:20:00,0,Piney Point,0.27,0.02,58152.8,2.02,11.99,5.6,51234.5,58.5,58.5,3.59,2.931,33.97,51935.1,0.66,6.96,33758,0.37,0,1.182,8.3,-95.5,31.268,2.02,5.13,0
7/27/2021,7:30:00,0,Piney Point,0.33,0.29,58148.8,2.01,11.45,5.42,51235.5,56.4,56.4,3.47,2.917,33.97,51935.5,0.69,7.05,33758,0.3,0,1.191,8.28,-94.7,31.264,2.011,5.13,0
7/27/2021,7:40:00,0,Piney Point,0.17,-0.37,58077.9,2.001,11.52,5.45,51191.2,58.8,58.8,3.62,2.904,33.94,51888.4,0.48,6.34,33727,0.43,0,1.178,8.29,-95.3,31.245,2,5.13,0
7/27/2021,7:50:00,0,Piney Point,0.2,-0.24,58133.5,1.993,11.68,5.5,51223.2,50.1,50.1,3.08,2.893,33.96,51922.9,0.56,6.59,33750,0.45,0,1.177,8.28,-94.1,31.262,1.992,5.13,0
7/27/2021,8:00:00,0,Piney Point,0.42,0.64,58130.8,1.979,11.69,5.5,51215.6,51.7,51.7,3.18,2.872,33.96,51915.8,1.1,8.45,33745,0.3,0,1.189,8.28,-94.1,31.268,1.977,5.13,0
7/27/2021,8:10:00,0,Piney Point,0.21,-0.2,58111.6,1.964,11.4,5.4,51203.6,56.4,56.4,3.46,2.85,33.95,51903.1,0.67,6.97,33737,0.36,0,1.182,8.3,-95.3,31.263,1.963,5.13,0
7/27/2021,8:20:00,0,Piney Point,0.18,-0.34,58080.7,1.949,12.36,5.72,51181.2,56.9,56.9,3.5,2.828,33.93,51879.8,0.75,7.25,33722,1.36,0,1.177,8.29,-94.9,31.258,1.947,5.13,0
7/27/2021,8:30:00,0,Piney Point,0.2,-0.24,58035.2,1.937,12.17,5.66,51160,60.6,60.6,3.73,2.811,33.92,51856,0.83,7.51,33706,1.4,0,1.174,8.31,-96.2,31.239,1.936,5.13,0
7/27/2021,8:40:00,0,Piney Point,0.2,-0.23,57935.3,1.931,11.74,5.52,51092.3,68.1,68.1,4.19,2.803,33.86,51784.9,0.61,6.77,33660,1.19,0,1.187,8.32,-96.9,31.218,1.931,5.13,0
7/27/2021,8:50:00,0,Piney Point,0.2,-0.25,57834.4,1.934,12.08,5.63,51029.7,77.5,77.5,4.77,2.806,33.82,51718.2,0.45,6.25,33617,0.92,0,1.178,8.35,-98.5,31.192,1.933,5.13,0
7/27/2021,9:00:00,0,Piney Point,0.21,-0.22,57881.9,1.935,12.22,5.68,51043.4,75.4,75.4,4.64,2.808,33.83,51735.5,0.71,7.12,33628,0.64,0,1.175,8.35,-98.6,31.22,1.935,5.13,0
7/27/2021,9:10:00,0,Piney Point,0.12,-0.58,57881.2,1.941,11.14,5.32,51041.9,82.9,82.9,5.1,2.817,33.83,51734.2,0.37,5.97,33627,0.34,0,1.179,8.37,-99.9,31.221,1.941,5.13,0
7/27/2021,9:20:00,0,Piney Point,0.24,-0.09,57953.2,1.942,12.07,5.63,51062.4,78.5,78.5,4.83,2.819,33.84,51760.2,0.41,6.12,33644,0.73,0,1.183,8.34,-97.9,31.264,1.943,5.14,0
7/27/2021,9:30:00,0,Piney Point,0.18,-0.34,57912.5,1.943,11.18,5.33,51027.4,83.9,83.9,5.16,2.82,33.82,51724.6,0.44,6.19,33621,0.58,0,1.184,8.37,-99.9,31.263,1.942,5.13,0
7/27/2021,9:40:00,0,Piney Point,0.21,-0.19,57950.4,1.959,12.57,5.79,51033.6,89,89,5.47,2.843,33.82,51734.2,0.51,6.45,33627,0.28,0,1.185,8.37,-100,31.291,1.958,5.13,0
7/27/2021,9:50:00,0,Piney Point,0.16,-0.42,58029.4,1.978,13.54,6.12,51084.2,79.2,79.2,4.87,2.871,33.86,51787.8,0.48,6.34,33662,0.39,0,1.187,8.34,-98.3,31.31,1.978,5.13,0
7/27/2021,10:00:00,0,Piney Point,0.21,-0.21,57821.9,2.002,12.05,5.62,50982.3,93.7,93.7,5.77,2.906,33.78,51674.6,0.67,6.99,33589,0.42,0,1.177,8.4,-101.5,31.228,2.002,5.13,0
7/27/2021,10:10:00,0,Piney Point,0.29,0.11,57711.2,2.023,12.14,5.65,50924.4,100.6,100.6,6.2,2.936,33.74,51611.1,0.84,7.57,33547,0.43,0,1.175,8.44,-103.8,31.188,2.023,5.13,0
7/27/2021,10:20:00,0,Piney Point,0.31,0.19,57673.9,2.046,12.61,5.81,50942.1,106.7,106.7,6.58,2.969,33.75,51622.9,0.88,7.68,33555,0.36,0,1.182,8.44,-104.1,31.137,2.045,5.13,0
7/27/2021,10:30:00,0,Piney Point,0.49,0.92,57739.1,2.073,12.08,5.63,51031.2,110.7,110.7,6.83,3.008,33.81,51709.3,1.22,8.86,33611,1.32,0,1.185,8.45,-104.5,31.105,2.073,5.13,0
7/27/2021,10:40:00,0,Piney Point,0.41,0.59,57792.9,2.104,11.77,5.53,51062,111.8,111.8,6.89,3.054,33.84,51742.5,1.2,8.79,33633,0.36,0,1.19,8.45,-104.5,31.122,2.104,5.13,0
7/27/2021,10:50:00,0,Piney Point,0.61,1.4,57933.8,2.143,11.69,5.5,51160.8,113.6,113.6,7,3.11,33.91,51845.8,1.38,9.4,33700,0.66,0,1.178,8.45,-104.6,31.148,2.143,5.13,0
7/27/2021,11:00:00,0,Piney Point,0.79,2.14,58110.6,2.179,11.5,5.44,51272,114.9,114.9,7.07,3.163,34,51964,2.53,13.3,33777,0.62,0,1.172,8.45,-104.6,31.193,2.179,5.13,0
7/27/2021,11:10:00,0,Piney Point,0.85,2.39,58189.8,2.219,11.16,5.32,51298.9,116,116,7.13,3.22,34.02,51996.5,2.11,11.89,33798,0.66,0,1.174,8.45,-104.7,31.236,2.218,5.13,0
7/27/2021,11:20:00,0,Piney Point,0.57,1.25,58190.2,2.253,11.15,5.32,51265.7,114.3,114.3,7.02,3.27,34,51966.9,1.56,10,33778,0.69,0,1.181,8.44,-103.9,31.27,2.254,5.13,0
7/27/2021,11:30:00,0,Piney Point,0.55,1.16,58187.1,2.284,10.97,5.26,51228.1,116.3,116.3,7.14,3.315,33.97,51933.1,1.6,10.12,33757,0.62,0,1.188,8.44,-104,31.305,2.284,5.13,0
7/27/2021,11:40:00,0,Piney Point,0.48,0.88,58177.7,2.312,11.08,5.3,51198.2,116.9,116.9,7.18,3.356,33.95,51905.4,1,8.11,33739,2.76,0,1.18,8.44,-104.2,31.327,2.311,5.13,0
7/27/2021,11:50:00,0,Piney Point,0.45,0.75,58171.3,2.336,11.4,5.4,51160.4,119,119,7.3,3.39,33.92,51871,1.38,9.4,33716,0.45,0,1.176,8.45,-104.4,31.359,2.336,5.13,0
7/27/2021,12:00:00,0,Piney Point,0.43,0.71,58221,2.363,11.41,5.41,51168.5,119.2,119.2,7.32,3.429,33.93,51883.6,1.03,8.21,33724,0.57,0,1.191,8.44,-104.2,31.395,2.363,5.13,0
7/27/2021,12:10:00,0,Piney Point,0.29,0.13,58404.1,2.385,10.43,5.08,51261.7,119.9,119.9,7.35,3.462,34,51986.4,0.89,7.74,33791,0.6,0,1.189,8.44,-104.1,31.463,2.386,5.13,0
7/27/2021,12:20:00,0,Piney Point,0.73,1.89,58601.6,2.413,10.1,4.97,51372.7,118.9,118.9,7.27,3.502,34.09,52106.6,1.37,9.35,33869,0.57,0,1.185,8.43,-103.6,31.526,2.412,5.13,0
7/27/2021,12:30:00,0,Piney Point,0.42,0.63,58669.4,2.438,10.37,5.06,51385.6,122.5,122.5,7.49,3.539,34.1,52125.5,0.97,8.02,33882,0.63,0,1.182,8.44,-104.2,31.573,2.437,5.13,0
7/27/2021,12:40:00,0,Piney Point,0.35,0.38,58699.6,2.46,10.43,5.08,51377.6,122.5,122.5,7.49,3.571,34.1,52121.7,1.1,8.44,33879,0.63,0,1.18,8.44,-104.2,31.608,2.46,5.13,0
7/27/2021,12:50:00,0,Piney Point,0.57,1.24,58715.8,2.483,10.36,5.06,51364.8,124.7,124.7,7.61,3.604,34.09,52112,1,8.1,33873,0.68,0,1.178,8.44,-104.4,31.635,2.483,5.13,0
7/27/2021,13:00:00,0,Piney Point,0.47,0.85,58722,2.505,10.42,5.08,51348.9,126.1,126.1,7.7,3.635,34.08,52098.5,0.98,8.03,33864,0.68,0,1.175,8.45,-104.5,31.656,2.504,5.13,0
7/27/2021,13:10:00,0,Piney Point,0.49,0.91,58750.2,2.528,10.14,4.98,51343.5,125.8,125.8,7.68,3.669,34.08,52096.7,1.12,8.52,33863,0.6,0,1.179,8.44,-104.2,31.687,2.525,5.13,0
7/27/2021,13:20:00,0,Piney Point,0.43,0.7,58822.8,2.545,10.09,4.97,51367.2,125.9,125.9,7.68,3.694,34.1,52125.7,1.29,9.08,33882,0.55,0,1.19,8.44,-104,31.727,2.545,5.13,0
7/27/2021,13:30:00,0,Piney Point,0.59,1.32,58893.3,2.557,10.03,4.95,51396.9,124.6,124.6,7.6,3.711,34.12,52159.8,1.37,9.37,33904,0.76,0,1.182,8.43,-103.7,31.759,2.558,5.13,0
7/27/2021,13:40:00,0,Piney Point,0.51,1.01,58947.2,2.566,9.58,4.8,51410.9,125.2,125.2,7.63,3.725,34.13,52178.2,1.23,8.89,33916,0.77,0,1.177,8.43,-103.8,31.792,2.567,5.13,0
7/27/2021,13:50:00,0,Piney Point,0.48,0.89,58987.7,2.582,9.74,4.85,51428.3,127.3,127.3,7.75,3.747,34.15,52198.1,1.27,9.03,33929,0.85,0,1.173,8.43,-103.9,31.81,2.582,5.13,0
7/27/2021,14:00:00,0,Piney Point,0.55,1.16,59057.5,2.591,9.54,4.79,51452.2,126.1,126.1,7.67,3.761,34.17,52226.9,1.28,9.04,33947,0.67,0,1.175,8.43,-103.6,31.847,2.592,5.13,0
7/27/2021,14:10:00,0,Piney Point,0.6,1.36,59107.5,2.607,9.19,4.67,51454.6,130.1,130.1,7.91,3.783,34.17,52234.4,1.45,9.62,33952,0.45,0,1.188,8.44,-104.1,31.889,2.605,5.13,0
7/27/2021,14:20:00,0,Piney Point,0.47,0.86,59126.4,2.612,9.43,4.75,51454.2,127.2,127.2,7.73,3.791,34.17,52236.1,1.38,9.4,33953,0.62,0,1.181,8.43,-103.8,31.906,2.612,5.13,0
7/27/2021,14:30:00,0,Piney Point,0.41,0.6,59159.9,2.617,9.36,4.73,51455.7,127.8,127.8,7.77,3.799,34.17,52241.1,1.2,8.8,33957,0.79,0,1.177,8.44,-104,31.934,2.615,5.13,0
7/27/2021,14:40:00,0,Piney Point,0.55,1.19,59191.2,2.618,8.89,4.57,51457.7,126.3,126.3,7.67,3.799,34.18,52246.4,1.19,8.74,33960,0.88,0,1.174,8.43,-103.9,31.959,2.618,5.13,0
7/27/2021,14:50:00,0,Piney Point,0.38,0.48,59212.7,2.616,8.67,4.5,51454.7,126.3,126.3,7.67,3.797,34.18,52246,0.83,7.53,33960,0.56,0,1.178,8.43,-103.8,31.981,2.617,5.13,0
7/27/2021,15:00:00,0,Piney Point,0.26,-0.02,59226.7,2.612,8.95,4.59,51449.7,132.7,132.7,8.05,3.791,34.17,52243.1,0.69,7.06,33958,0.53,0,1.188,8.45,-104.8,31.999,2.612,5.13,0
7/27/2021,15:10:00,0,Piney Point,0.32,0.22,59234.4,2.603,9.48,4.76,51447.2,134.7,134.7,8.18,3.777,34.17,52241.7,0.92,7.82,33957,0.56,0,1.181,8.45,-104.8,32.008,2.6,5.13,0
7/27/2021,15:20:00,0,Piney Point,0.27,0.03,59248.8,2.579,9.28,4.7,51446.1,135.1,135.1,8.2,3.743,34.17,52242.3,0.65,6.92,33957,0.79,0,1.179,8.45,-104.9,32.022,2.575,5.13,0
7/27/2021,15:30:00,0,Piney Point,0.42,0.65,59255.2,2.564,9.41,4.74,51444.5,134.9,134.9,8.19,3.722,34.17,52241.5,0.97,8,33957,0.56,0,1.18,8.45,-104.7,32.029,2.563,5.13,0
7/27/2021,15:40:00,0,Piney Point,0.28,0.1,59277,2.541,9.5,4.77,51443.8,134.7,134.7,8.17,3.688,34.17,52243.3,0.77,7.31,33958,0.5,0,1.175,8.45,-104.9,32.049,2.54,5.13,0
7/27/2021,15:50:00,0,Piney Point,0.24,-0.1,59300.8,2.528,9.7,4.84,51437.1,138.8,138.8,8.42,3.669,34.17,52239.9,1.11,8.46,33956,0.56,0,1.177,8.45,-105,32.077,2.526,5.13,0
7/27/2021,16:00:00,0,Piney Point,0.38,0.49,59305.8,2.503,9.29,4.7,51419,136.3,136.3,8.26,3.633,34.16,52224.4,0.88,7.71,33946,0.44,0,1.186,8.45,-105,32.099,2.503,5.13,0
7/27/2021,16:10:00,0,Piney Point,0.43,0.67,59294.4,2.487,9.46,4.76,51399,137.9,137.9,8.36,3.61,34.14,52205.3,0.91,7.81,33933,0.7,0,1.189,8.46,-105.5,32.109,2.487,5.13,0
7/27/2021,16:20:00,0,Piney Point,0.54,1.12,59313.4,2.469,9.18,4.66,51395.6,137.8,137.8,8.35,3.583,34.14,52204.3,1.47,9.69,33933,0.53,0,1.191,8.46,-105.5,32.13,2.467,5.13,0
7/27/2021,16:30:00,0,Piney Point,0.62,1.47,59340.9,2.45,9.42,4.74,51389.5,139.1,139.1,8.42,3.556,34.14,52202,1.38,9.39,33931,0.69,0,1.181,8.46,-105.4,32.16,2.45,5.13,0
7/27/2021,16:40:00,0,Piney Point,0.55,1.17,59381.4,2.425,9.31,4.71,51395.3,144.1,144.1,8.72,3.519,34.14,52211.5,1.53,9.9,33937,0.57,0,1.179,8.47,-106,32.19,2.423,5.13,0
7/27/2021,16:50:00,0,Piney Point,0.49,0.94,59395.1,2.397,9.74,4.85,51391.1,143.3,143.3,8.67,3.478,34.14,52209.3,1.21,8.81,33936,0.5,0,1.186,8.47,-105.9,32.206,2.397,5.12,0
7/27/2021,17:00:00,0,Piney Point,0.73,1.91,59407.4,2.378,9.5,4.77,51380.4,144.9,144.9,8.76,3.451,34.13,52201,2.07,11.72,33931,0.42,0,1.185,8.47,-106.3,32.228,2.378,5.13,0
7/27/2021,17:10:00,0,Piney Point,0.42,0.63,59414,2.347,9.55,4.79,51376,144.1,144.1,8.72,3.406,34.13,52197.9,1.43,9.55,33929,0.46,0,1.187,8.48,-106.5,32.238,2.348,5.12,0
7/27/2021,17:20:00,0,Piney Point,0.53,1.1,59436.6,2.323,9.65,4.82,51370.4,148.4,148.4,8.97,3.371,34.13,52195.4,1.27,9.01,33927,0.67,0,1.187,8.49,-107,32.264,2.322,5.12,0
7/27/2021,17:30:00,0,Piney Point,0.36,0.42,59415.4,2.296,9.52,4.78,51354.5,144,144,8.71,3.331,34.12,52178.9,0.98,8.02,33916,0.69,0,1.189,8.48,-106.6,32.261,2.295,5.13,0
7/27/2021,17:40:00,0,Piney Point,0.32,0.23,59445.4,2.267,10.41,5.08,51361.5,150.4,150.4,9.09,3.289,34.12,52188.4,0.8,7.43,33922,0.52,0,1.191,8.49,-107.1,32.28,2.266,5.13,0
7/27/2021,17:50:00,0,Piney Point,0.3,0.14,59470.4,2.239,9.69,4.84,51362.1,156.7,156.7,9.47,3.249,34.12,52191.6,0.51,6.43,33925,0.56,0,1.178,8.5,-108,32.302,2.237,5.13,0
7/27/2021,18:00:00,0,Piney Point,0.35,0.35,59483.1,2.213,10.15,4.99,51358,157.5,157.5,9.51,3.212,34.12,52189.5,0.97,8.01,33923,0.59,0,1.172,8.5,-108.2,32.317,2.212,5.13,0
7/27/2021,18:10:00,0,Piney Point,0.26,-0.02,59509.7,2.18,10.43,5.08,51362.8,165.1,165.1,9.97,3.163,34.13,52196.6,0.67,7,33928,0.44,0,1.174,8.52,-109,32.335,2.179,5.13,0
7/27/2021,18:20:00,0,Piney Point,0.25,-0.05,59499.7,2.156,10.69,5.17,51344,164.1,164.1,9.91,3.129,34.11,52178.8,0.66,6.95,33916,0.33,0,1.181,8.52,-109.1,32.346,2.155,5.13,0
7/27/2021,18:30:00,0,Piney Point,0.23,-0.11,59498.6,2.128,10.56,5.13,51344.2,161.8,161.8,9.77,3.088,34.11,52178.9,0.68,7,33916,0.58,0,1.188,8.51,-108.5,32.345,2.128,5.14,0
7/27/2021,18:40:00,0,Piney Point,0.23,-0.12,59503.8,2.102,10.38,5.06,51343.4,159.9,159.9,9.65,3.05,34.11,52178.7,0.66,6.96,33916,0.53,0,1.182,8.5,-107.9,32.35,2.102,5.13,0
7/27/2021,18:50:00,0,Piney Point,0.22,-0.17,59507.9,2.07,10.76,5.19,51342.4,159.6,159.6,9.64,3.004,34.11,52178.3,0.6,6.73,33916,0.43,0,1.172,8.5,-107.8,32.355,2.069,5.13,0
7/27/2021,19:00:00,0,Piney Point,0.19,-0.29,59498,2.039,11.38,5.4,51334.8,158,158,9.54,2.959,34.11,52170.4,0.48,6.35,33911,0.39,0,1.172,8.5,-107.7,32.354,2.038,5.13,0
7/27/2021,19:10:00,0,Piney Point,0.2,-0.26,59496.4,2.01,11.12,5.31,51323.1,156.5,156.5,9.45,2.917,34.1,52159.9,0.44,6.19,33904,0.31,0,1.175,8.5,-107.8,32.364,2.008,5.13,0
7/27/2021,19:20:00,0,Piney Point,0.22,-0.17,59463.2,1.981,11.5,5.44,51276.9,157.4,157.4,9.5,2.874,34.06,52115.1,0.58,6.66,33875,0.33,0,1.18,8.5,-107.9,32.382,1.98,5.13,0
7/27/2021,19:30:00,0,Piney Point,0.21,-0.22,59425.3,1.95,11.5,5.44,51232,153.9,153.9,9.29,2.83,34.03,52071,0.48,6.35,33846,0.52,0,1.185,8.49,-107.5,32.395,1.949,5.13,0
7/27/2021,19:40:00,0,Piney Point,0.24,-0.1,59376.6,1.926,11.87,5.56,51178.9,150.4,150.4,9.08,2.794,33.99,52018.5,0.55,6.58,33812,1.05,0,1.177,8.5,-107.8,32.406,1.925,5.13,0
7/27/2021,19:50:00,0,Piney Point,0.25,-0.04,59326,1.903,11.67,5.49,51112.1,151.6,151.6,9.15,2.76,33.94,51953.6,0.51,6.44,33770,0.29,0,1.174,8.51,-108.4,32.43,1.902,5.13,0
7/27/2021,20:00:00,0,Piney Point,0.29,0.12,59255.9,1.88,11.84,5.55,51047.2,146.7,146.7,8.86,2.727,33.9,51888.1,0.63,6.85,33727,0.48,0,1.179,8.5,-107.9,32.434,1.879,5.13,0
7/27/2021,20:10:00,0,Piney Point,0.26,-0.01,59204.9,1.852,11.94,5.58,51006.5,143.9,143.9,8.69,2.687,33.86,51846.3,0.65,6.92,33700,0.41,0,1.191,8.5,-107.8,32.431,1.852,5.13,0
7/27/2021,20:20:00,0,Piney Point,0.23,-0.11,59122.4,1.83,11.82,5.54,50932.1,144.8,144.8,8.75,2.655,33.81,51771.1,0.71,7.13,33651,0.27,0,1.183,8.5,-108,32.434,1.83,5.13,0
7/27/2021,20:30:00,0,Piney Point,0.3,0.15,59044.9,1.807,12.1,5.64,50872.4,141.2,141.2,8.53,2.622,33.76,51709.6,0.57,6.65,33611,0.38,0,1.176,8.5,-108.1,32.427,1.807,5.13,0
7/27/2021,20:40:00,0,Piney Point,0.31,0.21,59070.7,1.789,11.58,5.47,50912.9,133.3,133.3,8.06,2.595,33.79,51748.4,0.55,6.58,33636,0.29,0,1.175,8.49,-107.2,32.408,1.788,5.13,0
7/27/2021,20:50:00,0,Piney Point,0.28,0.08,58946,1.773,11.88,5.57,50808.9,136.8,136.8,8.27,2.571,33.72,51642.3,0.43,6.16,33567,0.36,0,1.178,8.5,-107.7,32.405,1.772,5.13,0
7/27/2021,21:00:00,0,Piney Point,0.27,0.03,58916.4,1.762,12,5.61,50798.7,135.5,135.5,8.19,2.556,33.71,51630,0.56,6.61,33559,0.34,0,1.183,8.49,-107.6,32.389,1.762,5.13,0
7/27/2021,21:10:00,0,Piney Point,0.22,-0.16,58844.3,1.747,12.32,5.71,50749.2,131.8,131.8,7.98,2.534,33.67,51578,0.49,6.36,33526,0.38,0,1.187,8.5,-107.7,32.376,1.746,5.13,0
7/27/2021,21:20:00,0,Piney Point,0.25,-0.06,58785.7,1.744,12.49,5.77,50716.2,129.1,129.1,7.82,2.53,33.64,51542.3,0.61,6.77,33502,0.87,0,1.191,8.49,-107.4,32.358,1.743,5.13,0
7/27/2021,21:30:00,0,Piney Point,0.3,0.15,58758.1,1.738,12.27,5.7,50709.7,123.9,123.9,7.5,2.52,33.64,51533.5,0.74,7.21,33497,1,0,1.179,8.49,-107.1,32.34,1.737,5.13,0
7/27/2021,21:40:00,0,Piney Point,0.21,-0.19,58798.2,1.728,12.31,5.71,50747.7,117.2,117.2,7.1,2.507,33.67,51571.7,0.48,6.33,33522,0.42,0,1.18,8.46,-105.8,32.336,1.727,5.13,0
7/27/2021,21:50:00,0,Piney Point,0.26,0.01,58791.6,1.726,12.49,5.77,50740.4,116.1,116.1,7.03,2.503,33.66,51564.5,0.41,6.12,33517,0.21,0,1.189,8.47,-106.2,32.338,1.726,5.13,0
7/27/2021,22:00:00,0,Piney Point,0.2,-0.25,58745.2,1.737,12.86,5.89,50714.7,113.2,113.2,6.86,2.52,33.64,51536.5,0.4,6.05,33499,0.2,0,1.191,8.45,-104.8,32.323,1.736,5.13,0
7/27/2021,22:10:00,0,Piney Point,0.25,-0.03,58773,1.744,12.63,5.82,50747.3,108.7,108.7,6.58,2.529,33.66,51568.5,0.45,6.24,33520,0.21,0,1.177,8.43,-104,32.314,1.743,5.13,0
7/27/2021,22:20:00,0,Piney Point,0.17,-0.38,58752.9,1.763,13.03,5.95,50735,106.1,106.1,6.43,2.557,33.66,51555.4,0.59,6.72,33511,0.2,0,1.178,8.44,-104.3,32.309,1.762,5.13,0
7/27/2021,22:30:00,0,Piney Point,0.26,0.02,58632.3,1.785,13.23,6.01,50675.5,108.9,108.9,6.6,2.589,33.61,51489.3,0.39,6.03,33468,0.18,0,1.179,8.47,-106.2,32.263,1.785,5.13,0
7/27/2021,22:40:00,0,Piney Point,0.27,0.05,58478.4,1.808,13.46,6.09,50594.3,132.5,132.5,8.05,2.623,33.54,51400.2,0.54,6.54,33410,0.14,0,1.183,8.52,-109.3,32.21,1.808,5.13,0
7/27/2021,22:50:00,0,Piney Point,0.32,0.25,58457.4,1.829,13.25,6.02,50608.2,136.3,136.3,8.28,2.653,33.55,51410.3,0.84,7.56,33417,0.13,0,1.187,8.53,-110,32.177,1.828,5.13,0
7/27/2021,23:00:00,0,Piney Point,0.27,0.03,58462.8,1.854,13.43,6.08,50638.1,134.9,134.9,8.2,2.69,33.57,51437.5,0.49,6.38,33434,0.21,0,1.179,8.52,-109.3,32.151,1.852,5.13,0
7/27/2021,23:10:00,0,Piney Point,0.35,0.34,58480.3,1.874,12.7,5.84,50684.8,138.5,138.5,8.42,2.718,33.61,51480.9,0.87,7.66,33463,0.34,0,1.176,8.54,-110,32.118,1.874,5.13,0
7/27/2021,23:20:00,0,Piney Point,0.3,0.15,58495.6,1.896,13.15,5.99,50712.6,138.2,138.2,8.4,2.751,33.63,51507.3,0.59,6.72,33480,0.28,0,1.178,8.53,-109.9,32.103,1.896,5.13,0
7/27/2021,23:30:00,0,Piney Point,0.4,0.55,58554.2,1.913,12.8,5.87,50787.8,139.2,139.2,8.46,2.776,33.68,51580.7,0.9,7.78,33527,0.32,0,1.189,8.53,-109.9,32.078,1.913,5.13,0
7/27/2021,23:40:00,0,Piney Point,0.34,0.31,58583.1,1.934,12.45,5.76,50850.6,140.5,140.5,8.54,2.807,33.73,51639.8,0.8,7.43,33566,0.39,0,1.18,8.54,-110,32.04,1.934,5.13,0
7/27/2021,23:50:00,0,Piney Point,0.3,0.15,58596.3,1.952,12.47,5.76,50870.9,136.7,136.7,8.32,2.832,33.74,51659.3,0.99,8.06,33579,0.45,0,1.175,8.53,-109.4,32.031,1.952,5.13,0
7/28/2021,0:00:00,0,Piney Point,0.46,0.82,58656.8,1.973,12.18,5.67,50944.1,136.8,136.8,8.32,2.862,33.8,51731,0.83,7.53,33625,0.61,0,1.173,8.52,-109.3,32.01,1.973,5.13,0
7/28/2021,0:10:00,0,Piney Point,0.53,1.07,58694.8,1.993,12.11,5.64,50999.5,136.4,136.4,8.3,2.891,33.84,51784.4,1.11,8.48,33660,0.49,0,1.178,8.52,-109.1,31.987,1.992,5.12,0
7/28/2021,0:20:00,0,Piney Point,0.55,1.18,58730.9,2.019,11.97,5.6,51044.7,134.8,134.8,8.2,2.93,33.87,51828.6,1.01,8.14,33689,0.38,0,1.189,8.52,-109,31.973,2.019,5.13,0
7/28/2021,0:30:00,0,Piney Point,0.51,1.01,58757.3,2.054,11.64,5.49,51093.8,134.1,134.1,8.16,2.981,33.9,51875.1,1.09,8.4,33719,0.45,0,1.18,8.51,-108.6,31.946,2.053,5.13,0
7/28/2021,0:40:00,0,Piney Point,0.71,1.81,58779,2.076,11.56,5.46,51158.1,131.3,131.3,7.99,3.013,33.95,51934.8,1.52,9.88,33758,0.78,0,1.175,8.5,-107.7,31.9,2.077,5.12,0
7/28/2021,0:50:00,0,Piney Point,0.6,1.38,58785.8,2.106,11.49,5.44,51166.5,128.1,128.1,7.8,3.055,33.96,51943,1.13,8.53,33763,0.48,0,1.179,8.49,-107.4,31.897,2.106,5.12,0
7/28/2021,1:00:00,0,Piney Point,0.68,1.7,58806.9,2.131,11.37,5.39,51182.3,127,127,7.73,3.093,33.97,51959.4,1.43,9.55,33774,0.41,0,1.189,8.49,-107.1,31.9,2.129,5.12,0
7/28/2021,1:10:00,0,Piney Point,0.51,1.02,58826.5,2.157,11.48,5.43,51199.9,126.5,126.5,7.7,3.131,33.98,51977.1,1.04,8.23,33785,0.42,0,1.189,8.49,-107,31.899,2.158,5.13,0
7/28/2021,1:20:00,0,Piney Point,0.6,1.36,58852.8,2.183,10.98,5.27,51237.1,128.4,128.4,7.81,3.167,34.01,52013.2,1.67,10.37,33809,0.63,0,1.182,8.49,-107.4,31.885,2.181,5.12,0
7/28/2021,1:30:00,0,Piney Point,0.55,1.16,58871.1,2.207,11.25,5.36,51262.6,127.6,127.6,7.76,3.203,34.03,52037.8,1.06,8.31,33825,0.58,0,1.174,8.49,-107.2,31.875,2.206,5.12,0
7/28/2021,1:40:00,0,Piney Point,0.78,2.1,58907.8,2.223,11.31,5.38,51316.2,130.4,130.4,7.94,3.226,34.07,52089.5,1.4,9.46,33858,0.55,0,1.176,8.5,-107.5,31.853,2.224,5.12,0
7/28/2021,1:50:00,0,Piney Point,0.59,1.32,58937.2,2.244,11.04,5.29,51347.7,128.2,128.2,7.8,3.256,34.09,52120.7,1.4,9.48,33878,0.6,0,1.179,8.49,-107.1,31.847,2.245,5.12,0
7/28/2021,2:00:00,0,Piney Point,0.83,2.3,58983.2,2.267,11.05,5.29,51398.4,127,127,7.73,3.291,34.13,52170.9,1.86,11.02,33911,0.67,0,1.185,8.48,-106.7,31.837,2.267,5.13,0
7/28/2021,2:10:00,0,Piney Point,0.72,1.87,59005.4,2.282,10.85,5.22,51420.9,125.6,125.6,7.65,3.312,34.14,52193.4,1.37,9.37,33926,0.54,0,1.183,8.48,-106.3,31.833,2.28,5.12,0
7/28/2021,2:20:00,0,Piney Point,0.6,1.37,59020.1,2.301,10.87,5.23,51438.3,123.7,123.7,7.53,3.34,34.16,52210.4,1.59,10.11,33937,0.56,0,1.185,8.47,-106,31.829,2.3,5.12,0
7/28/2021,2:30:00,0,Piney Point,0.69,1.75,59044.2,2.321,10.49,5.1,51484.7,123.2,123.2,7.5,3.368,34.19,52254.4,1.84,10.95,33965,0.69,0,1.184,8.47,-105.9,31.803,2.32,5.12,0
7/28/2021,2:40:00,0,Piney Point,0.67,1.67,59055,2.333,10.38,5.07,51497.6,120.9,120.9,7.36,3.387,34.2,52267,1.46,9.66,33974,0.47,0,1.187,8.46,-105.4,31.799,2.333,5.12,0
7/28/2021,2:50:00,0,Piney Point,0.95,2.81,59064.7,2.346,10.09,4.97,51519.5,118.5,118.5,7.22,3.406,34.21,52287.6,2.42,12.93,33987,1.16,0,1.187,8.46,-105.2,31.786,2.347,5.12,0
7/28/2021,3:00:00,0,Piney Point,0.55,1.16,59071.3,2.362,10.44,5.09,51548.7,118.9,118.9,7.24,3.428,34.23,52314.3,1.17,8.7,34004,0.58,0,1.191,8.45,-104.9,31.762,2.362,5.11,0
7/28/2021,3:10:00,0,Piney Point,0.7,1.77,59066.6,2.372,9.98,4.93,51568.5,119,119,7.25,3.443,34.25,52331.4,1.44,9.6,34015,0.53,0,1.191,8.45,-105,31.738,2.37,5.12,0
7/28/2021,3:20:00,0,Piney Point,0.69,1.73,59061.9,2.391,10.39,5.07,51588.6,117.8,117.8,7.18,3.47,34.26,52348.9,1.58,10.08,34027,0.52,0,1.189,8.45,-104.6,31.714,2.391,5.11,0
7/28/2021,3:30:00,0,Piney Point,0.64,1.55,59060.6,2.401,10.12,4.98,51597.5,115.6,115.6,7.05,3.485,34.27,52356.6,2.11,11.87,34032,0.55,0,1.191,8.44,-104.4,31.704,2.401,5.12,0
7/28/2021,3:40:00,0,Piney Point,0.82,2.28,59050.1,2.407,10.37,5.06,51608.4,116.1,116.1,7.08,3.493,34.27,52365.1,2.03,11.58,34037,0.73,0,1.178,8.44,-104.2,31.684,2.404,5.12,0
7/28/2021,3:50:00,0,Piney Point,0.65,1.56,59047.2,2.401,10.21,5.01,51615.7,114.3,114.3,6.97,3.486,34.28,52371.4,1.59,10.11,34041,0.58,0,1.178,8.44,-104.1,31.674,2.401,5.11,0
7/28/2021,4:00:00,0,Piney Point,0.72,1.87,59037.3,2.398,9.81,4.87,51611.9,114,114,6.95,3.481,34.28,52366.9,1.54,9.95,34038,0.63,0,1.185,8.44,-104.3,31.669,2.397,5.11,0
7/28/2021,4:10:00,0,Piney Point,0.92,2.68,59016.8,2.387,9.58,4.8,51600.8,113.8,113.8,6.94,3.465,34.27,52354.8,2.13,11.95,34031,0.61,0,1.187,8.44,-104.4,31.662,2.387,5.12,0
7/28/2021,4:20:00,0,Piney Point,0.43,0.69,59031.4,2.378,10.2,5,51610.5,107.4,107.4,6.55,3.451,34.28,52365,0.94,7.92,34037,0.78,0,1.19,8.42,-103.1,31.665,2.377,5.12,0
7/28/2021,4:30:00,0,Piney Point,0.35,0.36,59027.1,2.374,10.22,5.01,51608.2,102.7,102.7,6.27,3.446,34.27,52362.5,0.73,7.2,34036,0.5,0,1.178,8.42,-102.8,31.664,2.374,5.11,0
7/28/2021,4:40:00,0,Piney Point,0.76,2.05,58951.6,2.369,10.21,5.01,51573.5,111.8,111.8,6.82,3.438,34.25,52323.4,1.6,10.13,34010,0.73,0,1.174,8.44,-104.1,31.632,2.369,5.11,0
7/28/2021,4:50:00,0,Piney Point,0.47,0.86,58958.6,2.358,10.04,4.95,51577.7,105,105,6.41,3.423,34.25,52327.9,1.31,9.17,34013,0.59,0,1.176,8.43,-103.5,31.634,2.356,5.11,0
7/28/2021,5:00:00,0,Piney Point,0.52,1.07,58964.5,2.345,10.23,5.01,51580.4,100.5,100.5,6.13,3.404,34.25,52331,1.1,8.46,34015,0.76,0,1.187,8.41,-102.4,31.637,2.343,5.11,0
7/28/2021,5:10:00,0,Piney Point,0.59,1.33,58907,2.331,10.11,4.97,51550.9,104.4,104.4,6.37,3.384,34.23,52298.5,1.22,8.86,33994,0.56,0,1.18,8.43,-103.4,31.616,2.33,5.11,0
7/28/2021,5:20:00,0,Piney Point,0.39,0.53,58874.4,2.32,10.4,5.07,51536.1,102.7,102.7,6.27,3.367,34.22,52281.8,1.15,8.62,33983,0.47,0,1.176,8.43,-103.3,31.602,2.318,5.11,0
7/28/2021,5:30:00,0,Piney Point,0.44,0.75,58923,2.305,10.3,5.04,51562.2,91.8,91.8,5.6,3.345,34.24,52310.2,1.23,8.9,34002,0.49,0,1.179,8.39,-101.3,31.619,2.304,5.11,0
7/28/2021,5:40:00,0,Piney Point,0.31,0.21,58913.3,2.292,10.58,5.13,51556.6,88.5,88.5,5.4,3.327,34.23,52304.2,0.54,6.56,33998,0.59,0,1.188,8.38,-100.7,31.616,2.291,5.11,0
7/28/2021,5:50:00,0,Piney Point,0.37,0.45,58927.5,2.28,10.96,5.26,51565.1,81.4,81.4,4.97,3.31,34.24,52313.3,0.98,8.05,34004,0.66,0,1.18,8.36,-99.3,31.62,2.28,5.11,0
7/28/2021,6:00:00,0,Piney Point,0.81,2.22,58829.5,2.26,10.93,5.25,51525.9,91.8,91.8,5.61,3.281,34.21,52267.8,2.06,11.72,33974,0.66,0,1.175,8.41,-102,31.573,2.259,5.11,0
7/28/2021,6:10:00,0,Piney Point,0.67,1.68,58761.9,2.24,10.08,4.96,51504.3,98.4,98.4,6.02,3.252,34.19,52241.3,1.75,10.66,33957,0.69,0,1.172,8.41,-102.5,31.535,2.238,5.11,0
7/28/2021,6:20:00,0,Piney Point,0.55,1.17,58767.6,2.231,10.66,5.16,51507.2,93.1,93.1,5.69,3.238,34.19,52244.5,1.48,9.74,33959,0.79,0,1.178,8.4,-101.6,31.537,2.23,5.11,0
7/28/2021,6:30:00,0,Piney Point,0.41,0.59,58760,2.208,10.87,5.23,51497.7,83.9,83.9,5.13,3.204,34.18,52235.1,1.09,8.42,33953,0.58,0,1.183,8.38,-100.3,31.54,2.207,5.11,0
7/28/2021,6:40:00,0,Piney Point,0.43,0.67,58729,2.184,11.03,5.28,51487.4,86.5,86.5,5.29,3.17,34.18,52222.6,1.16,8.63,33945,0.56,0,1.189,8.37,-100.2,31.523,2.183,5.11,0
7/28/2021,6:50:00,0,Piney Point,0.73,1.91,58707.9,2.162,10.73,5.18,51470.3,81.6,81.6,4.99,3.138,34.16,52205.1,2.1,11.85,33933,7.21,0,1.183,8.37,-99.7,31.522,2.161,5.1,0
7/28/2021,7:00:00,0,Piney Point,0.39,0.52,58712.3,2.145,10.57,5.13,51476.6,79.4,79.4,4.86,3.114,34.17,52211.2,1.11,8.49,33937,0.6,0,1.175,8.36,-99.1,31.519,2.145,5.11,0
7/28/2021,7:10:00,0,Piney Point,0.28,0.06,58730.5,2.122,10.99,5.27,51484.8,72.4,72.4,4.43,3.08,34.17,52220.5,0.68,7,33943,0.52,0,1.174,8.35,-98.5,31.527,2.122,5.11,0
7/28/2021,7:20:00,0,Piney Point,0.29,0.13,58732.1,2.098,10.97,5.26,51484.9,66.9,66.9,4.09,3.045,34.17,52220.8,1.06,8.32,33943,0.41,0,1.179,8.32,-96.9,31.528,2.098,5.1,0
7/28/2021,7:30:00,0,Piney Point,0.26,-0.02,58686.2,2.077,11.49,5.43,51456.4,67.6,67.6,4.13,3.015,34.15,52190.3,0.79,7.41,33924,0.33,0,1.185,8.33,-97.6,31.516,2.077,5.11,0
7/28/2021,7:40:00,0,Piney Point,0.28,0.07,58686.2,2.058,11.28,5.36,51452.2,61.3,61.3,3.75,2.987,34.15,52186.7,0.67,6.97,33921,0.35,0,1.191,8.32,-96.7,31.521,2.056,5.11,0
7/28/2021,7:50:00,0,Piney Point,0.19,-0.3,58663.2,2.039,11.02,5.28,51433.6,60.2,60.2,3.68,2.959,34.14,52167.6,0.44,6.2,33909,0.27,0,1.183,8.31,-96.5,31.519,2.038,5.11,0
7/28/2021,8:00:00,0,Piney Point,0.27,0.03,58654.7,2.018,11.13,5.31,51426.2,61,61,3.73,2.929,34.13,52160.1,0.76,7.3,33904,0.41,0,1.174,8.31,-96.3,31.519,2.017,5.11,0
7/28/2021,8:10:00,0,Piney Point,0.22,-0.16,58586.8,2.001,11.05,5.29,51376.6,60.9,60.9,3.73,2.905,34.09,52108.5,0.43,6.18,33871,0.41,0,1.178,8.33,-97.3,31.509,2.001,5.11,0
7/28/2021,8:20:00,0,Piney Point,0.25,-0.05,58607.9,1.988,11.24,5.35,51391.6,56.4,56.4,3.45,2.886,34.1,52124.2,0.5,6.4,33881,0.52,0,1.185,8.31,-96.1,31.513,1.988,5.11,0
7/28/2021,8:30:00,0,Piney Point,0.22,-0.16,58620.7,1.972,10.95,5.26,51394.7,56.8,56.8,3.48,2.862,34.11,52128.4,0.79,7.38,33883,0.4,0,1.186,8.29,-95,31.521,1.971,5.11,0
7/28/2021,8:40:00,0,Piney Point,0.27,0.06,58626.7,1.964,11.35,5.39,51397.6,61.9,61.9,3.79,2.851,34.11,52131.6,0.77,7.33,33886,0.26,0,1.189,8.31,-96.5,31.523,1.964,5.11,0
7/28/2021,8:50:00,0,Piney Point,0.25,-0.06,58595.3,1.956,11.81,5.54,51375.9,57.5,57.5,3.52,2.839,34.09,52108.9,0.78,7.37,33871,0.34,0,1.178,8.31,-96,31.517,1.955,5.1,0
7/28/2021,9:00:00,0,Piney Point,0.21,-0.22,58579.1,1.94,12.07,5.63,51359.3,55.1,55.1,3.37,2.816,34.08,52092.3,0.73,7.18,33860,0.5,0,1.174,8.28,-94.5,31.52,1.94,5.11,0
7/28/2021,9:10:00,0,Piney Point,0.26,0.01,58516.5,1.956,12.51,5.78,51317,55.2,55.2,3.38,2.838,34.05,52047.9,0.94,7.9,33831,0.32,0,1.178,8.29,-95.2,31.507,1.957,5.11,0
7/28/2021,9:20:00,0,Piney Point,1.32,4.3,58146.9,1.989,13.34,6.05,51079.1,62.7,62.7,3.85,2.887,33.87,51795.9,5.57,23.62,33667,6.08,0,1.182,8.33,-97.6,31.42,1.983,5.11,0
7/28/2021,9:30:00,0,Piney Point,2.02,7.13,57807.7,2.018,13.66,6.16,50891.4,75.3,75.3,4.63,2.929,33.72,51592.1,17.31,63.48,33535,13.31,0,1.181,8.37,-99.8,31.308,2.008,5.1,0
7/28/2021,9:40:00,0,Piney Point,1.04,3.17,57743.1,2.006,13.62,6.14,50863.7,76.3,76.3,4.69,2.912,33.7,51560.4,4.5,19.98,33514,4.5,0,1.181,8.37,-99.9,31.278,2.011,5.1,0
7/28/2021,9:50:00,0,Piney Point,0.76,2.01,57699.7,2.011,14.11,6.31,50830.3,71.9,71.9,4.42,2.918,33.67,51526,2.77,14.11,33492,3.93,0,1.182,8.37,-99.6,31.273,2.011,5.1,0
7/28/2021,10:00:00,0,Piney Point,0.79,2.16,57716.8,1.987,13.44,6.08,50837.9,64.6,64.6,3.98,2.883,33.68,51534.5,3.05,15.08,33497,3.5,0,1.183,8.35,-98.6,31.281,1.986,5.11,0
7/28/2021,10:10:00,0,Piney Point,0.63,1.5,57709.1,1.965,13.68,6.17,50829.6,59.2,59.2,3.64,2.851,33.67,51526.4,2.28,12.44,33492,2.46,0,1.184,8.34,-98,31.282,1.964,5.11,0
7/28/2021,10:20:00,0,Piney Point,0.81,2.21,57712.8,1.944,13.72,6.18,50831.6,54.5,54.5,3.35,2.821,33.67,51528.5,2.69,13.85,33494,1.72,0,1.184,8.33,-97.2,31.284,1.943,5.1,0
7/28/2021,10:30:00,0,Piney Point,0.64,1.54,57678,1.93,14.13,6.31,50812.7,56.2,56.2,3.46,2.8,33.66,51507.9,1.97,11.39,33480,0.94,0,1.184,8.33,-97.5,31.272,1.93,5.1,0
7/28/2021,10:40:00,0,Piney Point,0.46,0.8,57655,1.932,13.33,6.05,50801.6,55.3,55.3,3.4,2.803,33.65,51495.6,1.31,9.17,33472,0.79,0,1.184,8.33,-97.2,31.262,1.932,5.1,0
7/28/2021,10:50:00,0,Piney Point,0.35,0.37,57656.8,1.935,13.56,6.12,50804,51.8,51.8,3.19,2.808,33.65,51497.9,1.26,8.97,33474,1.29,0,1.184,8.31,-96.5,31.262,1.935,5.11,0
7/28/2021,11:00:00,0,Piney Point,0.54,1.11,57629,1.959,14.16,6.33,50791.8,47.5,47.5,2.92,2.842,33.64,51484,1.82,10.9,33465,0.79,0,1.184,8.3,-95.7,31.249,1.958,5.11,0
7/28/2021,11:10:00,0,Piney Point,0.56,1.21,57625.3,1.972,14.19,6.33,50787.9,38.9,38.9,2.4,2.862,33.64,51480.2,2.32,12.6,33462,0.74,0,1.184,8.28,-94.5,31.25,1.971,5.1,0
7/28/2021,11:20:00,0,Piney Point,0.51,1.03,57449.2,2.002,14.65,6.49,50701.5,48.2,48.2,2.97,2.906,33.57,51384.2,1.75,10.64,33400,0.36,0,1.186,8.31,-96.3,31.18,2.001,5.1,0
7/28/2021,11:30:00,0,Piney Point,0.52,1.04,57188.8,2.022,14.05,6.29,50579,72.2,72.2,4.46,2.934,33.47,51247,1.71,10.53,33311,0.42,0,1.186,8.38,-100.4,31.07,2.021,5.1,0
7/28/2021,11:40:00,0,Piney Point,0.3,0.16,57106.8,2.046,13.84,6.22,50576.8,82.4,82.4,5.1,2.968,33.47,51236.2,0.3,5.73,33304,0.89,0,1.187,8.41,-102.1,30.999,2.045,5.1,0
7/28/2021,11:50:00,0,Piney Point,0.35,0.37,57118.7,2.066,13.19,6,50626.3,87.6,87.6,5.42,2.999,33.5,51281.7,1.09,8.41,33333,0.4,0,1.187,8.42,-102.7,30.959,2.065,5.1,0
7/28/2021,12:00:00,0,Piney Point,0.43,0.69,57153.3,2.087,12.83,5.88,50695.4,90,90,5.58,3.029,33.55,51347,1.38,9.4,33376,0.55,0,1.188,8.42,-102.7,30.92,2.086,5.1,0
7/28/2021,12:10:00,0,Piney Point,0.44,0.73,57185.5,2.114,12.74,5.85,50719,88.4,88.4,5.47,3.068,33.57,51371.5,1.36,9.32,33391,0.49,0,1.182,8.42,-102.5,30.925,2.112,5.1,0
7/28/2021,12:20:00,0,Piney Point,0.76,2.01,57297.5,2.134,12.14,5.65,50864.1,91.3,91.3,5.66,3.097,33.68,51513,2.32,12.58,33483,0.72,0,1.182,8.42,-102.4,30.879,2.133,5.1,0
7/28/2021,12:30:00,0,Piney Point,0.61,1.41,57359.4,2.156,11.95,5.59,50912.6,92,92,5.7,3.129,33.71,51562.9,1.71,10.51,33516,0.65,0,1.185,8.41,-102.4,30.886,2.155,5.1,0
7/28/2021,12:40:00,0,Piney Point,0.68,1.71,57391.6,2.179,11.75,5.52,50936.6,89.6,89.6,5.55,3.162,33.73,51587.7,1.86,11.02,33532,0.76,0,1.181,8.4,-101.8,30.89,2.179,5.11,0
7/28/2021,12:50:00,0,Piney Point,0.83,2.3,57462.1,2.198,11.2,5.34,51024.9,91.3,91.3,5.65,3.19,33.8,51674,2.64,13.68,33588,1.04,0,1.191,8.41,-101.8,30.864,2.196,5.1,0
7/28/2021,13:00:00,0,Piney Point,1.23,3.95,57457,2.228,11.19,5.34,51055.7,92.9,92.9,5.76,3.234,33.82,51701,2.91,14.57,33606,1.08,0,1.178,8.41,-101.8,30.829,2.225,5.1,0
7/28/2021,13:10:00,0,Piney Point,1.29,4.18,57447.4,2.26,11.04,5.29,51055.4,94,94,5.82,3.28,33.82,51699.7,3.74,17.4,33605,0.8,0,1.174,8.4,-101.7,30.821,2.258,5.1,0
7/28/2021,13:20:00,0,Piney Point,0.79,2.14,57456.2,2.291,11.05,5.29,51049.4,94.2,94.2,5.84,3.326,33.81,51695.3,2.13,11.93,33602,0.68,0,1.185,8.41,-101.8,30.835,2.29,5.1,0
7/28/2021,13:30:00,0,Piney Point,0.68,1.69,57458.7,2.318,10.98,5.27,51039.3,95.3,95.3,5.9,3.364,33.81,51686.5,2.08,11.76,33596,0.84,0,1.18,8.41,-101.9,30.847,2.316,5.1,0
7/28/2021,13:40:00,0,Piney Point,0.8,2.18,57483.9,2.345,11.15,5.32,51056.2,96.4,96.4,5.97,3.404,33.82,51704.2,2.35,12.69,33608,0.75,0,1.176,8.41,-102.2,30.853,2.344,5.1,0
7/28/2021,13:50:00,0,Piney Point,0.77,2.07,57574.1,2.371,10.77,5.2,51116.4,96.3,96.3,5.96,3.442,33.86,51767.6,2.47,13.1,33649,0.91,0,1.177,8.41,-101.9,30.873,2.371,5.1,0
7/28/2021,14:00:00,0,Piney Point,0.55,1.19,57679.6,2.392,10.55,5.12,51182.4,95.9,95.9,5.93,3.472,33.91,51837.8,1.78,10.75,33695,0.61,0,1.191,8.4,-101.5,30.9,2.39,5.11,0
7/28/2021,14:10:00,0,Piney Point,0.61,1.41,57769.2,2.412,10.73,5.18,51231.2,95.9,95.9,5.93,3.501,33.95,51891,1.99,11.45,33729,1.02,0,1.184,8.4,-101.5,30.931,2.41,5.1,0
7/28/2021,14:20:00,0,Piney Point,0.75,1.98,57869.1,2.432,10.3,5.04,51292.2,95.2,95.2,5.88,3.53,34,51956.1,1.56,10.01,33771,1.12,0,1.174,8.4,-101.4,30.959,2.43,5.1,0
7/28/2021,14:30:00,0,Piney Point,0.62,1.44,57906,2.451,10.51,5.11,51297.2,96,96,5.93,3.558,34,51964.5,1.93,11.26,33777,0.88,0,1.178,8.4,-101.3,30.986,2.451,5.11,0
7/28/2021,14:40:00,0,Piney Point,0.86,2.45,57915.1,2.464,10.48,5.1,51294.1,97,97,5.99,3.576,34,51962.7,2.3,12.51,33776,1.11,0,1.175,8.4,-101.4,30.998,2.462,5.11,0
7/28/2021,14:50:00,0,Piney Point,0.58,1.28,57923,2.481,10,4.94,51286.7,96.4,96.4,5.95,3.601,34,51956.9,1.73,10.59,33772,0.6,0,1.179,8.4,-101.3,31.012,2.481,5.11,0
7/28/2021,15:00:00,0,Piney Point,0.52,1.06,57931.1,2.492,9.76,4.86,51285.4,99,99,6.11,3.617,34,51956.7,1.49,9.75,33772,0.74,0,1.183,8.4,-101.6,31.02,2.489,5.1,0
7/28/2021,15:10:00,0,Piney Point,0.98,2.92,57923,2.497,9.61,4.81,51280.7,97.5,97.5,6.01,3.625,33.99,51951.6,2.45,13.03,33769,0.73,0,1.188,8.4,-101.3,31.018,2.497,5.1,0
7/28/2021,15:20:00,0,Piney Point,0.93,2.72,57929.7,2.504,9.76,4.86,51283.7,99.4,99.4,6.13,3.635,34,51955,2.02,11.56,33771,0.64,0,1.179,8.39,-101.2,31.021,2.503,5.1,0
7/28/2021,15:30:00,0,Piney Point,0.9,2.61,57941.1,2.506,9.13,4.65,51287.6,97.3,97.3,6,3.637,34,51959.7,2.36,12.71,33774,1.48,0,1.174,8.39,-101,31.027,2.504,5.11,0
7/28/2021,15:40:00,0,Piney Point,0.81,2.24,57958.7,2.502,9.46,4.76,51290.3,100.1,100.1,6.17,3.632,34,51964,2.7,13.88,33777,0.64,0,1.172,8.39,-101.2,31.04,2.5,5.1,0
7/28/2021,15:50:00,0,Piney Point,0.68,1.71,57972.4,2.494,9.37,4.73,51290.3,102,102,6.29,3.621,34,51965.4,3.2,15.59,33778,0.58,0,1.189,8.4,-101.6,31.052,2.494,5.1,0
7/28/2021,16:00:00,0,Piney Point,0.84,2.36,57977.7,2.489,9.22,4.68,51288.2,103.4,103.4,6.38,3.612,34,51964.1,1.91,11.19,33777,1.14,0,1.18,8.4,-101.6,31.059,2.49,5.1,0
7/28/2021,16:10:00,0,Piney Point,0.64,1.55,57998.1,2.48,9.32,4.71,51287.7,104.3,104.3,6.43,3.599,34,51965.9,1.37,9.35,33778,1.08,0,1.177,8.41,-102,31.078,2.478,5.1,0
7/28/2021,16:20:00,0,Piney Point,0.69,1.75,58004.7,2.467,456.01,153.61,51280.1,103,103,6.35,3.582,34,51959.8,2.35,12.67,33774,1.62,0,1.174,8.41,-101.9,31.091,2.467,5.11,0
7/28/2021,16:30:00,0,Piney Point,0.69,1.72,58009.1,2.459,9.6,4.8,51274.7,106.4,106.4,6.56,3.569,33.99,51955.5,1.78,10.74,33771,0.88,0,1.171,8.41,-102.2,31.1,2.463,5.11,0
7/28/2021,16:40:00,0,Piney Point,0.5,0.98,58015.5,2.441,9.55,4.79,51274.3,105.6,105.6,6.51,3.544,33.99,51955.8,3.13,15.35,33771,0.67,0,1.174,8.41,-102.2,31.106,2.442,5.1,0
7/28/2021,16:50:00,0,Piney Point,0.9,2.6,57998.5,2.423,9.42,4.75,51264.1,107.1,107.1,6.6,3.518,33.99,51944.9,3.29,15.88,33764,1,0,1.182,8.41,-102.4,31.102,2.422,5.1,0
7/28/2021,17:00:00,0,Piney Point,0.69,1.76,57990,2.412,9.7,4.84,51253.7,107.5,107.5,6.62,3.501,33.98,51934.7,1.94,11.3,33758,0.65,0,1.188,8.42,-102.6,31.104,2.41,5.1,0
7/28/2021,17:10:00,0,Piney Point,0.81,2.23,57981.2,2.398,9.54,4.78,51249.5,108,108,6.66,3.48,33.98,51930,2.67,13.77,33754,0.6,0,1.182,8.42,-102.7,31.101,2.394,5.11,0
7/28/2021,17:20:00,0,Piney Point,0.84,2.34,57970.9,2.384,9.72,4.84,51240.9,106.6,106.6,6.57,3.461,33.97,51921.3,2.31,12.55,33749,1.04,0,1.181,8.42,-102.6,31.1,2.385,5.1,0
7/28/2021,17:30:00,0,Piney Point,0.86,2.43,57954.2,2.368,9.66,4.82,51230.8,105.8,105.8,6.52,3.437,33.96,51910.4,3.08,15.18,33742,1.04,0,1.177,8.42,-102.7,31.096,2.366,5.1,0
7/28/2021,17:40:00,0,Piney Point,0.87,2.49,57936,2.349,9.63,4.81,51219.4,105.7,105.7,6.52,3.41,33.95,51898.3,2.99,14.85,33734,0.89,0,1.174,8.42,-102.5,31.091,2.347,5.1,0
7/28/2021,17:50:00,0,Piney Point,0.69,1.76,57932.2,2.328,9.8,4.87,51216.9,103.5,103.5,6.38,3.379,33.95,51895.6,2.26,12.4,33732,0.9,0,1.177,8.41,-102.3,31.09,2.329,5.1,0
7/28/2021,18:00:00,0,Piney Point,0.46,0.83,57945.6,2.303,9.76,4.86,51217,98.7,98.7,6.09,3.344,33.95,51897.2,2.07,11.74,33733,0.49,0,1.189,8.4,-101.5,31.102,2.303,5.11,0
7/28/2021,18:10:00,0,Piney Point,0.53,1.08,57956.1,2.28,10.06,4.96,51216.9,94.3,94.3,5.81,3.309,33.95,51898.3,1.68,10.4,33734,1.08,0,1.181,8.39,-100.8,31.111,2.277,5.11,0
7/28/2021,18:20:00,0,Piney Point,0.35,0.35,57965.5,2.257,10.05,4.95,51214.5,94.3,94.3,5.81,3.276,33.95,51897.1,1.14,8.59,33733,0.78,0,1.177,8.38,-100.5,31.122,2.257,5.1,0
7/28/2021,18:30:00,0,Piney Point,0.4,0.56,57974.7,2.23,10.36,5.06,51215.3,89.4,89.4,5.51,3.236,33.95,51898.8,1.3,9.12,33734,0.78,0,1.172,8.37,-100,31.129,2.23,5.1,0
7/28/2021,18:40:00,0,Piney Point,0.36,0.39,57976.9,2.202,10.58,5.13,51212.3,88.5,88.5,5.45,3.196,33.95,51896.3,1.12,8.52,33733,0.75,0,1.187,8.37,-99.8,31.134,2.201,5.1,0
7/28/2021,18:50:00,0,Piney Point,0.38,0.48,57960.2,2.172,10.6,5.14,51197.4,87.6,87.6,5.4,3.153,33.94,51881.3,1.05,8.29,33723,0.58,0,1.191,8.36,-99.5,31.135,2.17,5.11,0
7/28/2021,19:00:00,0,Piney Point,0.39,0.51,57956.3,2.154,10.36,5.06,51191.6,84.4,84.4,5.2,3.126,33.93,51875.7,1.56,10.01,33719,0.52,0,1.19,8.36,-99.2,31.137,2.152,5.1,0
7/28/2021,19:10:00,0,Piney Point,0.35,0.36,57873.6,2.125,11.04,5.28,51129.2,82.9,82.9,5.11,3.084,33.89,51811.2,1.27,9.01,33677,0.73,0,1.184,8.36,-99.1,31.126,2.124,5.1,0
7/28/2021,19:20:00,0,Piney Point,0.3,0.16,57934.8,2.102,10.56,5.12,51172.2,82.1,82.1,5.06,3.051,33.92,51856.1,1.94,11.3,33706,0.54,0,1.178,8.35,-98.5,31.137,2.102,5.1,0
7/28/2021,19:30:00,0,Piney Point,0.22,-0.16,57895.3,2.076,10.99,5.27,51139.7,82.6,82.6,5.09,3.013,33.9,51822.9,0.84,7.54,33685,0.58,0,1.173,8.36,-98.9,31.135,2.075,5.1,0
7/28/2021,19:40:00,0,Piney Point,0.2,-0.24,57782,2.049,11.01,5.27,51058.7,80.9,80.9,4.99,2.974,33.83,51738.5,0.65,6.91,33630,0.41,0,1.175,8.36,-99.2,31.116,2.049,5.1,0
7/28/2021,19:50:00,0,Piney Point,0.15,-0.46,57717.7,2.016,11.42,5.41,51015.4,77.6,77.6,4.79,2.926,33.8,51692.9,0.6,6.74,33600,0.45,0,1.178,8.35,-98.7,31.102,2.016,5.1,0
7/28/2021,20:00:00,0,Piney Point,0.19,-0.3,57571.4,1.989,11.67,5.49,50911.4,84.9,84.9,5.24,2.887,33.72,51584.5,0.61,6.78,33530,0.35,0,1.18,8.38,-100.6,31.077,1.989,5.1,0
7/28/2021,20:10:00,0,Piney Point,0.2,-0.25,57511.2,1.961,11.66,5.49,50873.4,81,81,5,2.846,33.69,51544.1,0.54,6.56,33504,0.31,0,1.181,8.38,-100.2,31.061,1.961,5.1,0
7/28/2021,20:20:00,0,Piney Point,0.2,-0.23,57423.9,1.931,11.91,5.58,50815.5,81.4,81.4,5.03,2.803,33.65,51483.1,0.62,6.83,33464,0.26,0,1.186,8.38,-100.6,31.041,1.93,5.1,0
7/28/2021,20:30:00,0,Piney Point,0.22,-0.16,57326,1.902,12.56,5.79,50754.8,83.1,83.1,5.14,2.76,33.6,51418.5,0.92,7.83,33422,0.3,0,1.186,8.4,-101.3,31.015,1.9,5.1,0
7/28/2021,20:40:00,0,Piney Point,0.17,-0.37,57205.6,1.877,11.85,5.55,50668.2,84,84,5.2,2.724,33.54,51328.3,0.44,6.22,33363,0.22,0,1.189,8.41,-101.9,30.995,1.877,5.1,0
7/28/2021,20:50:00,0,Piney Point,0.21,-0.22,57129.7,1.849,12.49,5.77,50616.5,82.2,82.2,5.09,2.684,33.5,51274.1,0.69,7.06,33328,0.16,0,1.188,8.39,-101.1,30.979,1.848,5.1,0
7/28/2021,21:00:00,0,Piney Point,0.18,-0.35,57059.5,1.827,13.04,5.95,50573.3,82.5,82.5,5.11,2.651,33.46,51228,0.48,6.33,33298,0.32,0,1.189,8.39,-100.8,30.96,1.826,5.1,0
7/28/2021,21:10:00,0,Piney Point,0.14,-0.49,57006.2,1.805,12.99,5.93,50542.6,77.6,77.6,4.81,2.619,33.44,51194.9,0.45,6.24,33277,0.22,0,1.191,8.38,-100.6,30.943,1.803,5.1,0
7/28/2021,21:20:00,0,Piney Point,0.18,-0.32,56957,1.785,13.34,6.05,50513.5,75.4,75.4,4.67,2.589,33.42,51163.7,0.57,6.64,33256,0.11,0,1.191,8.38,-100.4,30.928,1.783,5.1,0
7/28/2021,21:30:00,0,Piney Point,0.16,-0.41,56864.9,1.768,13.45,6.09,50457.5,73.5,73.5,4.56,2.566,33.37,51103.8,0.36,5.92,33217,0.21,0,1.179,8.37,-99.8,30.902,1.767,5.1,0
7/28/2021,21:40:00,0,Piney Point,0.24,-0.07,56862.3,1.754,13.29,6.04,50465.6,68.3,68.3,4.24,2.545,33.38,51110.9,0.82,7.48,33222,0.88,0,1.172,8.37,-99.7,30.892,1.753,5.1,0
7/28/2021,21:50:00,0,Piney Point,0.24,-0.09,56877.8,1.744,13.36,6.06,50475,66.1,66.1,4.1,2.531,33.39,51120.9,7.56,30.38,33229,0.61,0,1.177,8.35,-98.7,30.896,1.743,5.1,0
7/28/2021,22:00:00,0,Piney Point,0.12,-0.56,56865,1.74,13.79,6.2,50464.5,60.3,60.3,3.74,2.525,33.38,51110.1,0.53,6.5,33222,0.48,0,1.177,8.33,-97.5,30.895,1.739,5.1,0
7/28/2021,22:10:00,0,Piney Point,0.1,-0.66,56890.5,1.739,13.2,6,50484.6,63.1,63.1,3.92,2.523,33.39,51130.8,0.32,5.79,33235,0.21,0,1.184,8.34,-97.8,30.898,1.737,5.1,0
7/28/2021,22:20:00,0,Piney Point,0.22,-0.18,56852.7,1.743,13.23,6.02,50458.7,62.7,62.7,3.89,2.529,33.37,51103.7,0.73,7.2,33217,0.2,0,1.177,8.36,-98.8,30.89,1.742,5.1,0
7/28/2021,22:30:00,0,Piney Point,0.11,-0.62,56827.3,1.75,13.39,6.07,50437.6,63.7,63.7,3.95,2.539,33.36,51082.1,0.39,6.04,33203,0.08,0,1.182,8.35,-98.3,30.889,1.749,5.09,0
7/28/2021,22:40:00,0,Piney Point,0.23,-0.13,56862.5,1.756,14.09,6.3,50464.6,59.7,59.7,3.71,2.548,33.38,51110,8.22,32.6,33221,0.22,0,1.178,8.34,-97.7,30.893,1.755,5.1,0
7/28/2021,22:50:00,0,Piney Point,0.12,-0.58,56894.2,1.761,13.52,6.11,50491.7,56.4,56.4,3.5,2.555,33.4,51137.5,0.45,6.23,33239,0.26,0,1.183,8.32,-96.9,30.894,1.76,5.09,0
7/28/2021,23:00:00,0,Piney Point,0.12,-0.56,56810.8,1.773,13.95,6.25,50432.5,54.7,54.7,3.4,2.573,33.35,51075.8,0.4,6.08,33199,0.25,0,1.177,8.31,-96.3,30.879,1.773,5.1,0
7/28/2021,23:10:00,0,Piney Point,0.15,-0.44,56885,1.789,14.53,6.45,50493,46.1,46.1,2.86,2.597,33.4,51137.7,0.46,6.28,33240,0.15,0,1.184,8.29,-95.1,30.884,1.789,5.1,0
7/28/2021,23:20:00,0,Piney Point,0.17,-0.35,56765.8,1.809,14.67,6.5,50421.2,59.4,59.4,3.69,2.624,33.34,51060.9,0.59,6.72,33190,0.21,0,1.178,8.34,-97.9,30.85,1.807,5.1,0
7/28/2021,23:30:00,0,Piney Point,0.14,-0.49,56608.2,1.83,15.09,6.64,50322.8,65.5,65.5,4.07,2.655,33.27,50956.2,0.46,6.28,33122,0.16,0,1.182,8.35,-98.7,30.807,1.829,5.1,0
7/28/2021,23:40:00,0,Piney Point,0.21,-0.2,56587,1.855,15.31,6.71,50329,70.7,70.7,4.4,2.692,33.27,50959.5,0.65,6.93,33124,0.16,0,1.178,8.38,-100.3,30.782,1.855,5.1,0
7/28/2021,23:50:00,0,Piney Point,0.22,-0.17,56477,1.881,15.51,6.77,50291.7,77.7,77.7,4.84,2.73,33.24,50914.5,0.64,6.88,33094,0.18,0,1.184,8.4,-101.2,30.72,1.881,5.1,0
7/29/2021,0:00:00,0,Piney Point,0.32,0.23,56516.9,1.906,15.14,6.65,50384.5,85.6,85.6,5.33,2.766,33.31,51001.6,0.86,7.62,33151,0.45,0,1.178,8.41,-102.2,30.662,1.905,5.1,0
7/29/2021,0:10:00,0,Piney Point,0.32,0.24,56548.4,1.932,14.93,6.58,50440.3,87.1,87.1,5.43,2.803,33.35,51054.7,1.18,8.7,33186,0.26,0,1.183,8.41,-102.3,30.634,1.931,5.1,0
7/29/2021,0:20:00,0,Piney Point,0.34,0.31,56700.1,1.955,14.22,6.35,50578.2,89,89,5.54,2.837,33.45,51194,1.15,8.6,33276,0.44,0,1.178,8.42,-102.4,30.631,1.953,5.09,0
7/29/2021,0:30:00,0,Piney Point,0.41,0.61,56961,1.973,13.4,6.07,50788.6,90.4,90.4,5.62,2.863,33.61,51409.6,1.34,9.25,33416,0.51,0,1.184,8.42,-102.4,30.654,1.973,5.09,0
7/29/2021,0:40:00,0,Piney Point,0.39,0.51,56978.1,1.999,13.19,6,50814.4,89.3,89.3,5.55,2.902,33.63,51434.5,1.24,8.93,33432,0.49,0,1.178,8.41,-101.8,30.643,1.999,5.09,0
7/29/2021,0:50:00,0,Piney Point,0.42,0.63,56989,2.025,12.98,5.93,50846.7,89.6,89.6,5.57,2.939,33.65,51464.4,1.49,9.77,33452,0.41,0,1.184,8.41,-102,30.62,2.023,5.09,0
7/29/2021,1:00:00,0,Piney Point,0.49,0.93,56979.6,2.055,12.97,5.93,50847.7,89.6,89.6,5.57,2.982,33.65,51464.4,1.54,9.92,33452,0.56,0,1.178,8.41,-101.9,30.611,2.054,5.09,0
7/29/2021,1:10:00,0,Piney Point,0.4,0.57,56999.6,2.085,12.84,5.88,50861.6,88.1,88.1,5.48,3.026,33.66,51478.9,1.37,9.35,33461,0.41,0,1.184,8.4,-101.7,30.615,2.083,5.09,0
7/29/2021,1:20:00,0,Piney Point,0.38,0.47,57025.2,2.112,12.61,5.81,50881.7,87.5,87.5,5.44,3.065,33.68,51499.5,1.08,8.39,33475,0.51,0,1.178,8.4,-101.5,30.618,2.111,5.09,0
7/29/2021,1:30:00,0,Piney Point,0.72,1.85,57103.1,2.137,12.49,5.77,50964.4,87.2,87.2,5.43,3.103,33.74,51581.7,1.45,9.64,33528,0.47,0,1.184,8.4,-101.3,30.604,2.137,5.09,0
7/29/2021,1:40:00,0,Piney Point,0.6,1.37,57175,2.172,11.98,5.6,51048.5,89.1,89.1,5.54,3.153,33.8,51664.5,2.04,11.64,33582,0.67,0,1.178,8.39,-101,30.584,2.171,5.09,0
7/29/2021,1:50:00,0,Piney Point,0.81,2.22,57231,2.199,11.7,5.5,51092.4,89.9,89.9,5.59,3.192,33.83,51709.6,2.44,12.99,33611,0.56,0,1.184,8.4,-101.2,30.591,2.198,5.09,0
7/29/2021,2:00:00,0,Piney Point,0.6,1.38,57299.7,2.227,11.81,5.54,51140.4,88.8,88.8,5.52,3.233,33.87,51759.8,1.79,10.79,33644,0.66,0,1.178,8.39,-100.9,30.604,2.225,5.09,0
7/29/2021,2:10:00,0,Piney Point,0.51,1.02,57338.7,2.251,11.78,5.53,51169,89.5,89.5,5.56,3.268,33.89,51789.5,2.17,12.07,33663,0.87,0,1.184,8.39,-101,30.61,2.251,5.09,0
7/29/2021,2:20:00,0,Piney Point,0.54,1.14,57357.1,2.27,10.9,5.24,51179.8,87.1,87.1,5.41,3.295,33.9,51801.1,1.9,11.16,33671,0.7,0,1.178,8.39,-100.6,30.616,2.269,5.09,0
7/29/2021,2:30:00,0,Piney Point,0.54,1.13,57398.1,2.293,11.63,5.48,51218.9,86.6,86.6,5.38,3.328,33.93,51840.3,2.15,11.99,33696,0.58,0,1.184,8.39,-100.6,30.613,2.291,5.09,0
7/29/2021,2:40:00,0,Piney Point,0.61,1.43,57432.4,2.315,11.58,5.47,51253.9,88.3,88.3,5.49,3.36,33.95,51875.2,1.83,10.91,33719,0.8,0,1.178,8.39,-100.8,30.609,2.312,5.1,0
7/29/2021,2:50:00,0,Piney Point,0.58,1.28,57452.4,2.338,11.6,5.47,51271.4,86.8,86.8,5.39,3.394,33.97,51893,1.76,10.67,33730,0.69,0,1.184,8.39,-100.5,30.609,2.337,5.09,0
7/29/2021,3:00:00,0,Piney Point,0.41,0.62,57478.5,2.36,11.42,5.41,51292.2,87.7,87.7,5.45,3.426,33.98,51914.3,1.56,10.01,33744,0.82,0,1.178,8.39,-100.6,30.612,2.358,5.09,0
7/29/2021,3:10:00,0,Piney Point,0.61,1.41,57501.7,2.374,11.54,5.45,51309.7,87,87,5.4,3.446,33.99,51932.4,1.83,10.93,33756,0.65,0,1.184,8.38,-100.5,30.615,2.37,5.09,0
7/29/2021,3:20:00,0,Piney Point,0.4,0.55,57508.9,2.388,10.89,5.23,51313.7,83.7,83.7,5.2,3.467,34,51936.8,1.52,9.86,33759,1.31,0,1.178,8.38,-100,30.617,2.386,5.09,0
7/29/2021,3:30:00,0,Piney Point,0.49,0.95,57515.3,2.401,10.81,5.21,51318.6,82.1,82.1,5.1,3.486,34,51941.9,1.59,10.09,33762,0.61,0,1.183,8.37,-99.7,30.618,2.4,5.09,0
7/29/2021,3:40:00,0,Piney Point,0.63,1.51,57546.1,2.409,10.93,5.25,51342.1,82,82,5.09,3.497,34.02,51966.1,1.92,11.22,33778,0.69,0,1.191,8.37,-99.5,30.622,2.407,5.09,0
7/29/2021,3:50:00,0,Piney Point,0.53,1.11,57581.3,2.406,10.6,5.14,51370.3,80,80,4.97,3.493,34.04,51995,1.85,10.99,33797,0.83,0,1.178,8.36,-99.3,30.625,2.405,5.09,0
7/29/2021,4:00:00,0,Piney Point,0.64,1.54,57597.7,2.414,10.73,5.18,51383.8,82.3,82.3,5.11,3.504,34.05,52008.9,2.09,11.8,33806,0.81,0,1.173,8.36,-99.1,30.626,2.414,5.09,0
7/29/2021,4:10:00,0,Piney Point,0.7,1.79,57608.8,2.409,10.57,5.13,51395.6,82.4,82.4,5.12,3.498,34.06,52020.5,2.27,12.4,33813,1.45,0,1.175,8.36,-99.1,30.624,2.409,5.09,0
7/29/2021,4:20:00,0,Piney Point,0.96,2.84,57610.2,2.404,10.76,5.19,51397.1,81.2,81.2,5.04,3.491,34.06,52022.1,2.84,14.35,33814,0.77,0,1.186,8.36,-98.8,30.624,2.402,5.09,0
7/29/2021,4:30:00,0,Piney Point,0.63,1.52,57573.3,2.405,10.73,5.18,51384,81.2,81.2,5.04,3.492,34.05,52006.3,1.61,10.18,33804,0.69,0,1.184,8.36,-98.7,30.604,2.404,5.09,0
7/29/2021,4:40:00,0,Piney Point,0.93,2.73,57548.1,2.409,10.65,5.16,51378.8,80.3,80.3,4.99,3.497,34.04,51999,2.45,13.02,33799,0.66,0,1.186,8.35,-98.5,30.587,2.408,5.08,0
7/29/2021,4:50:00,0,Piney Point,0.62,1.44,57532.4,2.4,10.16,4.99,51380.6,79.5,79.5,4.94,3.485,34.05,51999,2.14,11.96,33799,0.88,0,1.177,8.35,-98.6,30.571,2.398,5.09,0
7/29/2021,5:00:00,0,Piney Point,0.74,1.93,57511.5,2.399,10.91,5.24,51378.8,80.7,80.7,5.02,3.484,34.04,51995.1,2.01,11.52,33797,0.73,0,1.173,8.36,-98.9,30.555,2.398,5.09,0
7/29/2021,5:10:00,0,Piney Point,0.67,1.64,57497.2,2.4,10.71,5.18,51378.3,78.6,78.6,4.89,3.484,34.04,51993.2,1.89,11.13,33796,0.66,0,1.183,8.35,-98.4,30.542,2.398,5.09,0
7/29/2021,5:20:00,0,Piney Point,0.75,1.98,57479.1,2.386,10.39,5.07,51374.7,77.4,77.4,4.81,3.464,34.04,51988.1,2.18,12.1,33792,0.68,0,1.186,8.35,-98.4,30.53,2.385,5.09,0
7/29/2021,5:30:00,0,Piney Point,0.61,1.41,57435.7,2.376,10.8,5.2,51365.8,80.6,80.6,5.01,3.45,34.03,51975.5,2,11.5,33784,0.65,0,1.189,8.35,-98.6,30.5,2.376,5.09,0
7/29/2021,5:40:00,0,Piney Point,0.74,1.93,57398.5,2.365,10.87,5.23,51358.2,78.7,78.7,4.9,3.434,34.02,51964.7,2.42,12.94,33777,0.56,0,1.191,8.35,-98.5,30.475,2.364,5.09,0
7/29/2021,5:50:00,0,Piney Point,0.66,1.61,57375.4,2.356,10.53,5.11,51357.5,79,79,4.92,3.421,34.02,51961.7,2.36,12.73,33775,0.61,0,1.18,8.35,-98.3,30.455,2.356,5.09,0
7/29/2021,6:00:00,0,Piney Point,0.65,1.59,57359.3,2.345,10.63,5.15,51356.6,77.6,77.6,4.83,3.405,34.02,51959.1,2.24,12.3,33773,0.72,0,1.173,8.34,-98,30.441,2.344,5.09,0
7/29/2021,6:10:00,0,Piney Point,0.75,2,57289.6,2.33,10.96,5.26,51333.5,79.6,79.6,4.96,3.383,34,51931.1,2.63,13.63,33755,0.59,0,1.179,8.35,-98.6,30.402,2.328,5.08,0
7/29/2021,6:20:00,0,Piney Point,0.65,1.6,57281.2,2.309,10.97,5.26,51333.9,76.7,76.7,4.78,3.352,34,51930.6,1.63,10.23,33755,0.9,0,1.191,8.35,-98.1,30.394,2.309,5.08,0
7/29/2021,6:30:00,0,Piney Point,0.92,2.67,57230.9,2.29,10.69,5.17,51310.3,76.1,76.1,4.75,3.325,33.98,51904.2,2.95,14.74,33738,0.62,0,1.181,8.35,-98.1,30.373,2.291,5.08,0
7/29/2021,6:40:00,0,Piney Point,0.6,1.38,57223.2,2.261,10.53,5.12,51306.2,71.9,71.9,4.48,3.283,33.98,51899.7,2.36,12.73,33735,0.74,0,1.184,8.34,-97.8,30.37,2.26,5.09,0
7/29/2021,6:50:00,0,Piney Point,0.35,0.37,57214.9,2.235,9.88,4.9,51302.5,69.3,69.3,4.32,3.245,33.98,51895.5,1.74,10.61,33732,0.74,0,1.171,8.34,-97.7,30.367,2.236,5.09,0
7/29/2021,7:00:00,0,Piney Point,0.35,0.38,57149.6,2.214,10.75,5.19,51268.8,69.7,69.7,4.35,3.214,33.95,51858.5,1.4,9.46,33708,0.68,0,1.184,8.34,-97.8,30.342,2.213,5.08,0
7/29/2021,7:10:00,0,Piney Point,0.42,0.63,57072.6,2.192,10.61,5.14,51226.3,69.7,69.7,4.35,3.182,33.92,51812.4,1.19,8.74,33678,0.71,0,1.181,8.34,-97.7,30.315,2.19,5.08,0
7/29/2021,7:20:00,0,Piney Point,0.42,0.65,57062.3,2.163,11.48,5.43,51226.3,68.9,68.9,4.3,3.14,33.92,51811.2,1.49,9.77,33677,0.52,0,1.184,8.33,-97.2,30.306,2.162,5.09,0
7/29/2021,7:30:00,0,Piney Point,0.51,1.02,57004.8,2.142,11.56,5.46,51194.8,70.4,70.4,4.4,3.11,33.89,51777,1.82,10.88,33655,0.46,0,1.191,8.34,-97.7,30.286,2.14,5.09,0
7/29/2021,7:40:00,0,Piney Point,0.6,1.36,56990.7,2.124,11.02,5.28,51186.6,69.4,69.4,4.33,3.083,33.89,51768.2,1.72,10.53,33649,0.52,0,1.175,8.34,-97.8,30.282,2.123,5.09,0
7/29/2021,7:50:00,0,Piney Point,0.77,2.06,56963.3,2.109,11.26,5.36,51167.9,68.1,68.1,4.26,3.062,33.87,51748.6,3.02,14.96,33637,0.85,0,1.177,8.34,-97.7,30.276,2.109,5.08,0
7/29/2021,8:00:00,0,Piney Point,0.48,0.88,56940.6,2.092,11.01,5.28,51152.4,67.8,67.8,4.24,3.037,33.86,51732.3,1.51,9.83,33626,0.5,0,1.178,8.34,-97.6,30.271,2.092,5.08,0
7/29/2021,8:10:00,0,Piney Point,0.32,0.23,56925.7,2.072,11.88,5.57,51135.6,66.1,66.1,4.13,3.008,33.85,51715.7,1.24,8.93,33615,0.78,0,1.178,8.33,-97.3,30.274,2.071,5.08,0
7/29/2021,8:20:00,0,Piney Point,0.27,0.02,56951.5,2.057,11.97,5.59,51143.5,62.3,62.3,3.89,2.986,33.85,51725.5,1.11,8.48,33622,0.63,0,1.183,8.32,-96.3,30.29,2.058,5.09,0
7/29/2021,8:30:00,0,Piney Point,0.29,0.13,56954.6,2.04,11.94,5.58,51139,61.3,61.3,3.83,2.961,33.85,51721.8,1.41,9.49,33619,0.87,0,1.178,8.32,-96.3,30.297,2.04,5.08,0
7/29/2021,8:40:00,0,Piney Point,0.34,0.33,56970.3,2.025,11.77,5.53,51140.6,57.2,57.2,3.57,2.94,33.85,51724.9,1.35,9.31,33621,1.19,0,1.184,8.3,-95.6,30.309,2.025,5.09,0
7/29/2021,8:50:00,0,Piney Point,0.29,0.13,56986.6,2.01,11.38,5.4,51135.9,55.3,55.3,3.45,2.918,33.85,51722.5,1.21,8.8,33620,1.68,0,1.178,8.3,-95.3,30.329,2.008,5.08,0
7/29/2021,9:00:00,0,Piney Point,0.27,0.06,57016.8,1.991,11.79,5.53,51140.9,53.4,53.4,3.33,2.891,33.85,51730.2,0.95,7.93,33625,0.73,0,1.184,8.29,-95,30.351,1.991,5.08,0
7/29/2021,9:10:00,0,Piney Point,0.35,0.36,57048.7,1.979,11.68,5.5,51136.4,56,56,3.49,2.872,33.85,51729.5,1.15,8.63,33624,1.37,0,1.186,8.3,-95.1,30.384,1.979,5.09,0
7/29/2021,9:20:00,0,Piney Point,0.3,0.16,57019.1,1.966,12.12,5.64,51104.3,63.1,63.1,3.94,2.854,33.83,51697.7,1.1,8.44,33604,0.63,0,1.183,8.32,-96.3,30.389,1.966,5.09,0
7/29/2021,9:30:00,0,Piney Point,0.22,-0.17,56988.7,1.955,12.72,5.85,51070.1,68.5,68.5,4.28,2.838,33.8,51664,0.82,7.5,33582,0.73,0,1.177,8.33,-97.4,30.396,1.953,5.08,0
7/29/2021,9:40:00,0,Piney Point,0.19,-0.27,57044.8,1.952,13.09,5.97,51083.8,74.3,74.3,4.63,2.834,33.82,51682.1,0.88,7.71,33593,0.46,0,1.179,8.34,-98.1,30.433,1.952,5.09,0
7/29/2021,9:50:00,0,Piney Point,0.18,-0.31,57003.2,1.943,12.21,5.67,51041.8,74.9,74.9,4.67,2.821,33.79,51640.2,0.72,7.14,33566,0.66,0,1.178,8.35,-98.4,30.437,1.942,5.09,0
7/29/2021,10:00:00,0,Piney Point,0.2,-0.24,57039.1,1.936,12.17,5.66,51049.5,76.8,76.8,4.79,2.811,33.79,51650.9,0.88,7.7,33573,0.45,0,1.184,8.35,-98.2,30.462,1.936,5.09,0
7/29/2021,10:10:00,0,Piney Point,0.33,0.27,56972.8,1.932,13.19,6,51005.3,80.7,80.7,5.03,2.805,33.76,51604.4,0.83,7.52,33543,0.37,0,1.189,8.36,-98.9,30.447,1.931,5.09,0
7/29/2021,10:20:00,0,Piney Point,0.18,-0.31,56983.2,1.926,13.11,5.97,51009.7,83.3,83.3,5.19,2.796,33.76,51609.4,0.63,6.86,33546,0.73,0,1.181,8.37,-99.5,30.451,1.927,5.09,0
7/29/2021,10:30:00,0,Piney Point,0.16,-0.4,57012.4,1.928,12.8,5.87,51012.8,83.3,83.3,5.19,2.798,33.77,51615.3,0.77,7.31,33550,0.6,0,1.177,8.37,-99.4,30.475,1.927,5.09,0
7/29/2021,10:40:00,0,Piney Point,0.28,0.09,56993.1,1.928,13.94,6.25,50990.3,82.2,82.2,5.12,2.799,33.75,51593.2,0.8,7.41,33536,0.46,0,1.175,8.36,-98.8,30.48,1.926,5.09,0
7/29/2021,10:50:00,0,Piney Point,0.14,-0.5,56910.7,1.936,13.26,6.02,50938.9,81.3,81.3,5.07,2.811,33.71,51538.5,0.8,7.44,33500,0.5,0,1.172,8.36,-98.8,30.457,1.936,5.08,0
7/29/2021,11:00:00,0,Piney Point,0.27,0.02,56943.6,1.948,12.85,5.89,50959.6,82.2,82.2,5.13,2.828,33.73,51560.5,1.19,8.73,33514,0.4,0,1.18,8.36,-99.3,30.466,1.948,5.09,0
7/29/2021,11:10:00,0,Piney Point,0.37,0.44,57010.4,1.969,14.2,6.34,50985.3,78.2,78.2,4.87,2.858,33.75,51590.5,2.37,12.76,33534,0.6,0,1.178,8.35,-98.2,30.5,1.966,5.08,0
7/29/2021,11:20:00,0,Piney Point,0.22,-0.15,56903.3,1.988,13.18,6,50926.7,76.1,76.1,4.74,2.886,33.7,51526.7,0.98,8.04,33492,0.44,0,1.184,8.36,-98.7,30.463,1.988,5.09,0
7/29/2021,11:30:00,0,Piney Point,0.25,-0.03,56874.3,2.012,13.29,6.04,50904.1,76.7,76.7,4.78,2.92,33.68,51503.5,0.76,7.27,33477,0.47,0,1.178,8.35,-98.5,30.46,2.011,5.09,0
7/29/2021,11:40:00,0,Piney Point,0.31,0.21,56823.3,2.021,13.6,6.14,50893.3,75.5,75.5,4.71,2.934,33.67,51488.4,0.77,7.32,33467,0.37,0,1.183,8.35,-98.7,30.425,2.019,5.09,0
7/29/2021,11:50:00,0,Piney Point,0.24,-0.08,56780.7,2.038,13.9,6.24,50866.5,73,73,4.55,2.959,33.65,51460,0.91,7.79,33449,0.38,0,1.191,8.35,-98.4,30.413,2.037,5.09,0
7/29/2021,12:00:00,0,Piney Point,0.33,0.26,56791.6,2.062,14.17,6.33,50866,68.3,68.3,4.26,2.993,33.65,51460.7,1.02,8.19,33449,0.5,0,1.175,8.33,-97.3,30.424,2.063,5.09,0
7/29/2021,12:10:00,0,Piney Point,0.28,0.09,56815.3,2.092,14.23,6.35,50868.8,63.5,63.5,3.96,3.036,33.66,51465.7,1.23,8.88,33453,0.57,0,1.172,8.31,-96.3,30.442,2.092,5.08,0
7/29/2021,12:20:00,0,Piney Point,0.29,0.13,56642.5,2.104,14.23,6.35,50781.2,66.1,66.1,4.13,3.055,33.59,51369.2,1.1,8.44,33390,0.56,0,1.187,8.32,-96.8,30.375,2.106,5.08,0
7/29/2021,12:30:00,0,Piney Point,0.4,0.55,56663.2,2.123,14.47,6.43,50787.5,61.2,61.2,3.82,3.082,33.59,51376.9,0.3,5.73,33395,0.51,0,1.19,8.31,-95.8,30.387,2.122,5.08,0
7/29/2021,12:40:00,0,Piney Point,0.46,0.81,56429,2.148,13.67,6.16,50721,73.5,73.5,4.61,3.117,33.54,51292.7,1.4,9.47,33340,0.41,0,1.183,8.34,-98,30.243,2.15,5.09,0
7/29/2021,12:50:00,0,Piney Point,0.54,1.14,56517.6,2.182,13.13,5.98,50814.1,76.5,76.5,4.79,3.167,33.6,51385.3,2.7,13.89,33400,0.59,0,1.174,8.35,-98.3,30.229,2.182,5.09,0
7/29/2021,13:00:00,0,Piney Point,0.72,1.86,56901.2,2.234,12.11,5.64,51145.1,82.3,82.3,5.15,3.243,33.85,51721.7,1.94,11.28,33619,0.57,0,1.178,8.36,-99,30.243,2.232,5.09,0
7/29/2021,13:10:00,0,Piney Point,0.74,1.96,57013.9,2.283,11.55,5.45,51226.3,81.1,81.1,5.07,3.314,33.91,51806.1,15.24,56.45,33674,0.67,0,1.181,8.35,-98.5,30.263,2.283,5.09,0
7/29/2021,13:20:00,0,Piney Point,0.96,2.85,57095,2.321,11,5.27,51301.2,80.7,80.7,5.04,3.371,33.97,51881.6,2.34,12.65,33723,1.16,0,1.173,8.34,-98,30.261,2.322,5.08,0
7/29/2021,13:30:00,0,Piney Point,0.96,2.85,57145.7,2.326,10.42,5.08,51346.2,83.4,83.4,5.21,3.378,34,51927.2,3.16,15.42,33753,1.08,0,1.178,8.34,-98,30.262,2.328,5.09,0
7/29/2021,13:40:00,0,Piney Point,0.94,2.77,57125.9,2.31,10.3,5.04,51346.5,84.1,84.1,5.25,3.354,34,51925.4,2.51,13.24,33751,0.97,0,1.178,8.34,-98,30.244,2.312,5.08,0
7/29/2021,13:50:00,0,Piney Point,1.06,3.23,57092.2,2.284,10.23,5.02,51331.2,83.8,83.8,5.23,3.317,33.99,51908.1,2.28,12.45,33740,0.68,0,1.183,8.35,-98.1,30.229,2.283,5.08,0
7/29/2021,14:00:00,0,Piney Point,0.78,2.11,57096.7,2.263,10.25,5.02,51329.1,81.8,81.8,5.11,3.286,33.99,51906.8,2.25,12.35,33739,0.55,0,1.191,8.34,-97.9,30.235,2.263,5.08,0
7/29/2021,14:10:00,0,Piney Point,0.69,1.72,57098.2,2.251,10.39,5.07,51320.6,78,78,4.88,3.269,33.98,51899.3,2.13,11.93,33735,0.56,0,1.176,8.33,-97.3,30.245,2.25,5.08,0
7/29/2021,14:20:00,0,Piney Point,0.8,2.21,57053.6,2.249,10.76,5.19,51292.9,78.7,78.7,4.92,3.265,33.96,51869.9,2.43,12.97,33715,0.58,0,1.179,8.34,-97.7,30.232,2.25,5.09,0
7/29/2021,14:30:00,0,Piney Point,0.45,0.77,57076.7,2.272,10.88,5.23,51302.3,74.9,74.9,4.68,3.299,33.97,51880.7,2.16,12.06,33722,0.64,0,1.178,8.33,-96.9,30.244,2.269,5.08,0
7/29/2021,14:40:00,0,Piney Point,0.73,1.9,57023.5,2.3,10.84,5.22,51286.5,79.8,79.8,4.99,3.34,33.96,51861,2.43,12.97,33710,0.48,0,1.191,8.34,-97.9,30.212,2.302,5.08,0
7/29/2021,14:50:00,0,Piney Point,0.84,2.36,57042.3,2.32,10.79,5.2,51305.9,81.3,81.3,5.08,3.369,33.97,51880.3,2.69,13.85,33722,0.68,0,1.174,8.34,-97.8,30.209,2.318,5.08,0
7/29/2021,15:00:00,0,Piney Point,0.81,2.22,57069.6,2.346,10.36,5.06,51335.5,85,85,5.32,3.407,33.99,51909.6,3.04,15.02,33741,0.58,0,1.183,8.35,-98.1,30.204,2.343,5.08,0
7/29/2021,15:10:00,0,Piney Point,0.7,1.8,57093.9,2.354,9.95,4.92,51344,84.1,84.1,5.25,3.418,34,51919.8,2.6,13.55,33748,0.68,0,1.178,8.34,-97.8,30.218,2.354,5.08,0
7/29/2021,15:20:00,0,Piney Point,1.17,3.68,57102.3,2.364,9.91,4.91,51359.3,86.4,86.4,5.4,3.433,34.01,51934.3,3.13,15.32,33757,0.99,0,1.183,8.34,-98,30.21,2.362,5.08,0
7/29/2021,15:30:00,0,Piney Point,0.73,1.92,57116.4,2.369,9.59,4.8,51364.6,84.2,84.2,5.26,3.439,34.01,51940.6,2.54,13.33,33761,0.9,0,1.178,8.34,-97.7,30.217,2.369,5.08,0
7/29/2021,15:40:00,0,Piney Point,1.13,3.54,57122,2.369,9.33,4.71,51373.8,85.6,85.6,5.35,3.44,34.02,51949.4,3.92,18.02,33767,0.55,0,1.183,8.34,-97.7,30.213,2.367,5.08,0
7/29/2021,15:50:00,0,Piney Point,1.22,3.88,57117.2,2.367,9.56,4.79,51372,87.1,87.1,5.44,3.438,34.02,51947.3,3.64,17.06,33766,0.6,0,1.191,8.34,-97.9,30.211,2.368,5.08,0
7/29/2021,16:00:00,0,Piney Point,0.77,2.06,57129.3,2.38,9.8,4.87,51374.2,87.9,87.9,5.49,3.456,34.02,51950.5,2.98,14.83,33768,0.55,0,1.179,8.34,-97.9,30.219,2.383,5.08,0
7/29/2021,16:10:00,0,Piney Point,0.69,1.76,57138.3,2.379,9.54,4.79,51371.8,87,87,5.43,3.455,34.02,51949.3,2.56,13.41,33767,0.79,0,1.182,8.34,-97.8,30.23,2.378,5.08,0
7/29/2021,16:20:00,0,Piney Point,0.77,2.08,57143.6,2.389,9.47,4.76,51373.4,88.6,88.6,5.53,3.469,34.02,51951.3,1.99,11.46,33768,0.57,0,1.179,8.34,-98,30.233,2.392,5.08,0
7/29/2021,16:30:00,0,Piney Point,0.59,1.35,57152.3,2.387,9.58,4.8,51374,88.7,88.7,5.54,3.466,34.02,51952.7,2.34,12.67,33769,0.66,0,1.189,8.34,-97.9,30.24,2.387,5.08,0
7/29/2021,16:40:00,0,Piney Point,0.8,2.18,57153.8,2.387,9.31,4.71,51371.3,90,90,5.62,3.466,34.02,51950.5,2.69,13.85,33768,0.65,0,1.179,8.34,-98,30.244,2.386,5.08,0
7/29/2021,16:50:00,0,Piney Point,0.81,2.22,57152.3,2.389,9.43,4.75,51367.8,91.2,91.2,5.7,3.469,34.02,51947.2,2.69,13.83,33766,0.6,0,1.174,8.35,-98.3,30.246,2.392,5.08,0
7/29/2021,17:00:00,0,Piney Point,1.01,3.02,57136.2,2.396,9.45,4.75,51361.2,92.5,92.5,5.78,3.48,34.01,51939.6,3.17,15.47,33761,0.74,0,1.183,8.35,-98.3,30.238,2.396,5.08,0
7/29/2021,17:10:00,0,Piney Point,0.69,1.75,57165.9,2.403,9.52,4.78,51363,90.2,90.2,5.64,3.49,34.02,51944.4,2.8,14.2,33764,0.63,0,1.182,8.34,-97.9,30.263,2.407,5.08,0
7/29/2021,17:20:00,0,Piney Point,0.67,1.66,57158.2,2.407,9.31,4.71,51358.5,91.6,91.6,5.72,3.495,34.01,51939.5,4.22,19.05,33761,0.65,0,1.183,8.35,-98.1,30.261,2.408,5.08,0
7/29/2021,17:30:00,0,Piney Point,0.85,2.41,57126.8,2.404,9.26,4.69,51343.7,93.4,93.4,5.83,3.491,34,51923,2.85,14.38,33750,0.61,0,1.184,8.35,-98.4,30.247,2.405,5.08,0
7/29/2021,17:40:00,0,Piney Point,0.83,2.33,57125.8,2.394,9.08,4.63,51340.4,93.5,93.5,5.84,3.476,34,51920,2.63,13.63,33748,0.73,0,1.183,8.35,-98.4,30.25,2.393,5.08,0
7/29/2021,17:50:00,0,Piney Point,0.87,2.48,57116,2.384,9.34,4.72,51337.3,93.1,93.1,5.82,3.462,34,51916.1,2.72,13.95,33745,0.58,0,1.184,8.35,-98.4,30.244,2.386,5.08,0
7/29/2021,18:00:00,0,Piney Point,1.09,3.36,57116,2.36,8.94,4.59,51335,93.8,93.8,5.86,3.426,33.99,51914,3.32,15.98,33744,0.67,0,1.183,8.36,-98.7,30.246,2.361,5.08,0
7/29/2021,18:10:00,0,Piney Point,1.16,3.63,57115.5,2.336,9.34,4.72,51334.1,94.1,94.1,5.88,3.392,33.99,51913.2,3.03,15,33744,0.83,0,1.182,8.36,-98.7,30.247,2.335,5.07,0
7/29/2021,18:20:00,0,Piney Point,1.18,3.72,57106.7,2.309,9.7,4.84,51327.5,94.1,94.1,5.88,3.353,33.99,51906.4,3.03,15,33739,0.6,0,1.184,8.36,-98.8,30.245,2.307,5.08,0
7/29/2021,18:30:00,0,Piney Point,0.92,2.69,57076.6,2.283,9.95,4.92,51300.5,92.3,92.3,5.77,3.315,33.97,51879.1,2.82,14.28,33721,0.76,0,1.184,8.36,-98.9,30.245,2.282,5.07,0
7/29/2021,18:40:00,0,Piney Point,0.55,1.16,57063.3,2.259,10.09,4.97,51287.3,89.6,89.6,5.6,3.28,33.96,51865.9,1.79,10.78,33713,0.65,0,1.185,8.35,-98.6,30.247,2.258,5.08,0
7/29/2021,18:50:00,0,Piney Point,0.61,1.4,57049.4,2.243,9.97,4.93,51271.9,87.6,87.6,5.47,3.257,33.95,51850.7,3.79,17.58,33703,0.58,0,1.187,8.35,-98.4,30.249,2.243,5.07,0
7/29/2021,19:00:00,0,Piney Point,0.43,0.67,57036,2.221,9.98,4.93,51258.7,86,86,5.37,3.224,33.94,51837.4,1.88,11.09,33694,1.13,0,1.186,8.35,-98.2,30.251,2.221,5.08,0
7/29/2021,19:10:00,0,Piney Point,0.55,1.19,57050.1,2.199,9.88,4.9,51262.8,82.4,82.4,5.15,3.193,33.94,51842.5,1.68,10.41,33698,0.63,0,1.186,8.34,-97.7,30.259,2.199,5.08,0
7/29/2021,19:20:00,0,Piney Point,0.63,1.5,56971.1,2.176,10.32,5.05,51216,84.3,84.3,5.27,3.159,33.9,51792.4,2.1,11.84,33665,0.61,0,1.187,8.35,-98.3,30.235,2.175,5.07,0
7/29/2021,19:30:00,0,Piney Point,1.01,3.05,56939,2.158,10.49,5.1,51194,84.4,84.4,5.28,3.133,33.89,51769.4,9.89,38.29,33650,0.67,0,1.187,8.35,-98.4,30.228,2.159,5.07,0
7/29/2021,19:40:00,0,Piney Point,0.35,0.36,56938.4,2.138,10.57,5.13,51195.4,78.1,78.1,4.88,3.105,33.89,51770.5,1.4,9.47,33651,0.68,0,1.185,8.33,-97.2,30.226,2.138,5.07,0
7/29/2021,19:50:00,0,Piney Point,0.2,-0.23,57004,2.112,10.61,5.14,51230.7,68.1,68.1,4.26,3.066,33.92,51809,0.98,8.03,33676,0.74,0,1.188,8.3,-95.1,30.25,2.11,5.07,0
7/29/2021,20:00:00,0,Piney Point,0.23,-0.13,56987,2.092,10.45,5.09,51219.3,68.6,68.6,4.29,3.037,33.91,51797,0.96,7.97,33668,0.56,0,1.191,8.31,-95.7,30.246,2.092,5.07,0
7/29/2021,20:10:00,0,Piney Point,0.31,0.2,56986.5,2.068,10.63,5.15,51216.3,68.6,68.6,4.29,3.003,33.91,51794.3,1.43,9.58,33666,0.47,0,1.179,8.29,-94.6,30.248,2.066,5.08,0
7/29/2021,20:20:00,0,Piney Point,0.47,0.85,57002.1,2.047,10.55,5.12,51225.8,61.4,61.4,3.84,2.972,33.91,51804.5,1.68,10.41,33673,0.66,0,1.172,8.28,-94.3,30.253,2.046,5.07,0
7/29/2021,20:30:00,0,Piney Point,0.18,-0.33,56984.6,2.023,10.57,5.13,51213.7,61.4,61.4,3.84,2.937,33.9,51791.8,0.85,7.61,33665,0.56,0,1.176,8.29,-94.5,30.249,2.023,5.07,0
7/29/2021,20:40:00,0,Piney Point,0.21,-0.19,56951.4,2.004,11.42,5.41,51193.9,61.6,61.6,3.85,2.91,33.89,51770.5,0.98,8.04,33651,0.63,0,1.191,8.28,-94,30.24,2.003,5.07,0
7/29/2021,20:50:00,0,Piney Point,0.36,0.41,56946.8,1.994,10.89,5.24,51190.7,58,58,3.62,2.895,33.89,51767.2,0.85,7.59,33649,0.51,0,1.173,8.27,-93.8,30.238,1.994,5.07,0
7/29/2021,21:00:00,0,Piney Point,0.29,0.11,56941.4,1.974,11.27,5.36,51185.5,53.9,53.9,3.37,2.865,33.88,51762,2.24,12.33,33645,1.1,0,1.183,8.27,-93.7,30.239,1.973,5.07,0
7/29/2021,21:10:00,0,Piney Point,0.21,-0.2,56953.4,1.959,11.56,5.46,51193.5,50.8,50.8,3.18,2.844,33.89,51770.4,0.97,7.99,33651,0.78,0,1.179,8.25,-92.1,30.242,1.959,5.07,0
7/29/2021,21:20:00,0,Piney Point,0.23,-0.13,56947.5,1.945,10.94,5.25,51190.3,51.1,51.1,3.19,2.823,33.89,51766.9,0.97,8.01,33649,0.41,0,1.183,8.25,-92.5,30.24,1.944,5.07,0
7/29/2021,21:30:00,0,Piney Point,0.25,-0.05,56949,1.929,10.95,5.25,51189,45.1,45.1,2.82,2.801,33.88,51765.9,0.78,7.36,33648,0.4,0,1.191,8.24,-91.8,30.242,1.93,5.07,0
7/29/2021,21:40:00,0,Piney Point,0.17,-0.35,56951.7,1.917,11.26,5.36,51190.4,40.8,40.8,2.55,2.783,33.89,51767.5,0.83,7.51,33649,0.48,0,1.176,8.22,-90.8,30.243,1.916,5.07,0
7/29/2021,21:50:00,0,Piney Point,0.15,-0.46,56938.2,1.906,11.19,5.34,51182.3,41.4,41.4,2.59,2.767,33.88,51758.8,0.74,7.22,33643,0.39,0,1.178,8.22,-90.7,30.239,1.907,5.07,0
7/29/2021,22:00:00,0,Piney Point,0.18,-0.33,56924.8,1.892,11.52,5.45,51172.4,38.8,38.8,2.43,2.746,33.87,51748.6,0.72,7.16,33637,0.36,0,1.178,8.22,-90.3,30.237,1.892,5.07,0
7/29/2021,22:10:00,0,Piney Point,0.14,-0.51,56904.2,1.874,11.83,5.55,51161.7,38.4,38.4,2.4,2.721,33.86,51736.8,0.84,7.57,33629,0.36,0,1.191,8.22,-90.3,30.229,1.873,5.07,0
7/29/2021,22:20:00,0,Piney Point,0.16,-0.42,56903.9,1.861,11.18,5.33,51161.8,35.2,35.2,2.2,2.702,33.86,51736.9,0.54,6.54,33629,0.39,0,1.174,8.2,-89.3,30.229,1.861,5.07,0
7/29/2021,22:30:00,0,Piney Point,0.17,-0.36,56891.4,1.845,11.71,5.51,51152.1,31.3,31.3,1.96,2.679,33.86,51726.9,0.66,6.94,33622,0.27,0,1.183,8.19,-88.5,30.227,1.845,5.07,0
7/29/2021,22:40:00,0,Piney Point,0.43,0.68,56849.2,1.837,11.9,5.57,51129.3,30.5,30.5,1.91,2.667,33.84,51702.1,1.23,8.89,33606,0.4,0,1.179,8.18,-88.1,30.212,1.837,5.07,0
7/29/2021,22:50:00,0,Piney Point,0.15,-0.47,56822.2,1.829,11.61,5.48,51114.4,28.3,28.3,1.77,2.656,33.83,51685.9,0.82,7.48,33596,0.2,0,1.184,8.18,-88.3,30.203,1.829,5.07,0
7/29/2021,23:00:00,0,Piney Point,0.2,-0.24,56810.1,1.826,12.46,5.76,51110.9,28.5,28.5,1.78,2.651,33.82,51681.5,0.91,7.79,33593,0.32,0,1.178,8.16,-87,30.196,1.826,5.07,0
7/29/2021,23:10:00,0,Piney Point,0.37,0.44,56822.5,1.831,12.16,5.66,51118.4,24.5,24.5,1.53,2.658,33.83,51689.5,1.62,10.21,33598,0.16,0,1.183,8.16,-87.2,30.199,1.831,5.07,0
7/29/2021,23:20:00,0,Piney Point,0.13,-0.54,56825.2,1.832,11.96,5.59,51116.8,21.5,21.5,1.35,2.66,33.83,51688.4,0.45,6.25,33597,0.23,0,1.178,8.15,-86.6,30.203,1.832,5.07,0
7/29/2021,23:30:00,0,Piney Point,0.14,-0.5,56757.3,1.841,12.4,5.74,51079.3,25.7,25.7,1.61,2.673,33.8,51647.6,0.65,6.92,33571,0.19,0,1.183,8.17,-87.3,30.18,1.842,5.07,0
7/29/2021,23:40:00,0,Piney Point,0.16,-0.41,56775.8,1.852,12.84,5.89,51094.3,21.5,21.5,1.35,2.688,33.81,51663,0.75,7.27,33581,0.39,0,1.178,8.16,-86.7,30.181,1.852,5.07,0
7/29/2021,23:50:00,0,Piney Point,0.18,-0.35,56751.8,1.871,12.98,5.93,51082.6,18.5,18.5,1.16,2.716,33.8,51650,0.74,7.22,33573,0.26,0,1.184,8.14,-85.9,30.172,1.871,5.07,0
7/30/2021,0:00:00,0,Piney Point,0.18,-0.32,56738.8,1.89,13.5,6.1,51081.7,17.1,17.1,1.07,2.745,33.8,51647.8,1.1,8.43,33571,0.4,0,1.178,8.14,-85.5,30.161,1.89,5.07,0
7/30/2021,0:10:00,0,Piney Point,0.16,-0.42,56559.8,1.91,13.19,6,50987.5,24.4,24.4,1.53,2.772,33.73,51544.7,0.71,7.12,33504,0.58,0,1.183,8.17,-87.4,30.094,1.91,5.07,0
7/30/2021,0:20:00,0,Piney Point,0.22,-0.17,56425.7,1.93,14.16,6.33,50909,27,27,1.69,2.801,33.67,51460.4,1.07,8.34,33449,0.46,0,1.178,8.16,-87.1,30.052,1.929,5.07,0
7/30/2021,0:30:00,0,Piney Point,0.21,-0.21,56117.4,1.95,14.51,6.44,50752.2,48.8,48.8,3.07,2.831,33.54,51287.8,0.89,7.72,33337,0.3,0,1.183,8.25,-92,29.93,1.951,5.07,0
7/30/2021,0:40:00,0,Piney Point,0.22,-0.18,56088,1.97,14.54,6.45,50743.2,50.3,50.3,3.16,2.86,33.54,51276.6,1.05,8.28,33330,0.5,0,1.178,8.26,-92.9,29.913,1.971,5.06,0
7/30/2021,0:50:00,0,Piney Point,0.41,0.59,55940.1,1.986,14.46,6.42,50720.5,68.7,68.7,4.34,2.883,33.51,51240.7,1.36,9.31,33306,0.32,0,1.183,8.31,-95.9,29.802,1.986,5.07,0
7/30/2021,1:00:00,0,Piney Point,0.33,0.26,55976.7,2.002,14.18,6.33,50771.8,71.4,71.4,4.51,2.907,33.55,51290.5,1.17,8.69,33339,0.42,0,1.179,8.32,-96.7,29.784,2.002,5.07,0
7/30/2021,1:10:00,0,Piney Point,0.59,1.34,56043.8,2.022,14.06,6.29,50843.5,72.8,72.8,4.6,2.936,33.6,51361.7,7.84,31.34,33385,0.39,0,1.184,8.33,-96.9,29.773,2.023,5.07,0
7/30/2021,1:20:00,0,Piney Point,0.55,1.16,56127.2,2.046,13.62,6.14,50932.2,75.1,75.1,4.73,2.97,33.67,51449.7,1.82,10.89,33442,0.46,0,1.177,8.33,-97.2,29.76,2.045,5.06,0
7/30/2021,1:30:00,0,Piney Point,0.59,1.35,56247.3,2.073,13.16,5.99,51045.9,75.4,75.4,4.75,3.01,33.75,51564.1,1.86,11.03,33517,0.42,0,1.183,8.34,-97.4,29.755,2.072,5.06,0
7/30/2021,1:40:00,0,Piney Point,0.47,0.87,56306.9,2.098,12.82,5.88,51099.6,75.8,75.8,4.78,3.046,33.79,51618.4,1.84,10.94,33552,0.7,0,1.178,8.33,-97.1,29.756,2.099,5.06,0
7/30/2021,1:50:00,0,Piney Point,0.55,1.19,56329.3,2.125,12.42,5.74,51122.9,75.9,75.9,4.78,3.086,33.81,51641.6,1.9,11.17,33567,0.45,0,1.183,8.33,-97.2,29.753,2.124,5.06,0
7/30/2021,2:00:00,0,Piney Point,0.53,1.1,56324,2.15,12.43,5.75,51121.9,75.1,75.1,4.74,3.121,33.81,51640.1,2.27,12.41,33566,1.71,0,1.178,8.33,-96.8,29.749,2.149,5.07,0
7/30/2021,2:10:00,0,Piney Point,0.47,0.87,56325.5,2.171,12.25,5.69,51122.9,73.8,73.8,4.65,3.152,33.81,51641.1,1.72,10.56,33567,0.58,0,1.183,8.32,-96.4,29.749,2.171,5.06,0
7/30/2021,2:20:00,0,Piney Point,0.63,1.51,56329.2,2.188,12.07,5.63,51130.5,74.9,74.9,4.72,3.178,33.82,51648.4,2.58,13.48,33571,0.68,0,1.178,8.32,-96.5,29.745,2.187,5.06,0
7/30/2021,2:30:00,0,Piney Point,0.59,1.32,56357.5,2.205,11.86,5.56,51156.7,72.3,72.3,4.56,3.201,33.83,51674.8,2.41,12.88,33589,0.55,0,1.183,8.31,-96.1,29.744,2.204,5.06,0
7/30/2021,2:40:00,0,Piney Point,0.68,1.68,56423.8,2.215,12.01,5.61,51235.3,74.1,74.1,4.67,3.217,33.89,51752,2.25,12.34,33639,0.62,0,1.178,8.32,-96.4,29.726,2.214,5.06,0
7/30/2021,2:50:00,0,Piney Point,0.41,0.61,56464.3,2.242,11.65,5.49,51271.3,74.3,74.3,4.68,3.256,33.92,51788.4,1.57,10.05,33662,0.55,0,1.184,8.32,-96.3,29.727,2.243,5.06,0
7/30/2021,3:00:00,0,Piney Point,0.47,0.84,56494.2,2.266,11.67,5.5,51302.6,74.3,74.3,4.68,3.291,33.94,51819.6,1.94,11.3,33683,0.67,0,1.178,8.32,-96.3,29.723,2.265,5.06,0
7/30/2021,3:10:00,0,Piney Point,0.93,2.7,56537.8,2.29,11.31,5.38,51351.4,78,78,4.92,3.325,33.98,51867.8,2.34,12.65,33714,0.86,0,1.184,8.32,-96.6,29.714,2.29,5.06,0
7/30/2021,3:20:00,0,Piney Point,0.83,2.31,56551.6,2.314,11.1,5.31,51368.4,77.4,77.4,4.88,3.361,33.99,51884.5,2.51,13.24,33725,1.1,0,1.19,8.32,-96.4,29.71,2.316,5.06,0
7/30/2021,3:30:00,0,Piney Point,0.86,2.44,56536.1,2.333,10.82,5.21,51362.6,77.7,77.7,4.9,3.388,33.99,51877.6,3.13,15.33,33720,0.55,0,1.175,8.32,-96.3,29.701,2.335,5.06,0
7/30/2021,3:40:00,0,Piney Point,0.57,1.26,56541.2,2.361,11.19,5.34,51367.8,74.6,74.6,4.7,3.429,33.99,51882.9,2.01,11.54,33724,0.91,0,1.18,8.31,-95.8,29.701,2.36,5.06,0
7/30/2021,3:50:00,0,Piney Point,0.9,2.58,56552.5,2.381,10.79,5.2,51395.9,76.3,76.3,4.81,3.457,34.01,51909.1,2.56,13.4,33741,0.67,0,1.179,8.31,-95.9,29.683,2.381,5.06,0
7/30/2021,4:00:00,0,Piney Point,0.71,1.82,56601.9,2.393,10.64,5.15,51444.7,75,75,4.73,3.476,34.05,51958,2.88,14.49,33773,0.73,0,1.178,8.31,-95.5,29.679,2.394,5.06,0
7/30/2021,4:10:00,0,Piney Point,0.93,2.72,56656.4,2.401,10.55,5.12,51505.5,74.7,74.7,4.71,3.488,34.09,52018.1,2.68,13.82,33812,0.95,0,1.174,8.3,-95.4,29.668,2.4,5.06,0
7/30/2021,4:20:00,0,Piney Point,0.77,2.08,56683.7,2.407,10.35,5.06,51534.1,74.2,74.2,4.68,3.496,34.11,52046.5,2.7,13.88,33830,0.79,0,1.178,8.3,-95.5,29.665,2.408,5.06,0
7/30/2021,4:30:00,0,Piney Point,0.94,2.77,56696,2.423,10.44,5.09,51556.4,74.5,74.5,4.7,3.519,34.13,52067.8,3.05,15.06,33844,0.84,0,1.185,8.3,-95.2,29.654,2.423,5.07,0
7/30/2021,4:40:00,0,Piney Point,0.8,2.17,56709.8,2.436,9.72,4.84,51575.7,74.7,74.7,4.71,3.538,34.14,52086.5,3.12,15.29,33856,0.97,0,1.176,8.3,-95.2,29.647,2.435,5.06,0
7/30/2021,4:50:00,0,Piney Point,1.26,4.05,56724,2.433,9.59,4.8,51586,72,72,4.54,3.533,34.15,52097.2,4.45,19.83,33863,0.77,0,1.18,8.29,-94.7,29.65,2.43,5.07,0
7/30/2021,5:00:00,0,Piney Point,1.18,3.73,56715.4,2.43,9.73,4.85,51592.3,73.5,73.5,4.63,3.529,34.15,52102,3.84,17.74,33866,1.05,0,1.184,8.3,-94.9,29.636,2.429,5.06,0
7/30/2021,5:10:00,0,Piney Point,0.92,2.68,56707.2,2.431,10.26,5.02,51589,74.3,74.3,4.69,3.531,34.15,52098.2,2.81,14.27,33864,1.09,0,1.176,8.3,-95,29.632,2.433,5.07,0
7/30/2021,5:20:00,0,Piney Point,1.17,3.7,56691.4,2.41,9.55,4.79,51587.4,71,71,4.48,3.501,34.15,52095,3.5,16.6,33862,0.73,0,1.186,8.29,-94.8,29.619,2.408,5.06,0
7/30/2021,5:30:00,0,Piney Point,2.53,9.21,56677.9,2.394,9.38,4.73,51586.1,66.6,66.6,4.2,3.477,34.15,52092.5,4.46,19.85,33860,0.77,0,1.18,8.28,-94,29.609,2.393,5.06,0
7/30/2021,5:40:00,0,Piney Point,1.35,4.44,56645.3,2.38,9.39,4.73,51572.7,68.5,68.5,4.32,3.456,34.14,52077.1,4.59,20.28,33850,0.82,0,1.175,8.29,-94.6,29.593,2.379,5.06,0
7/30/2021,5:50:00,0,Piney Point,0.82,2.29,56617.6,2.367,10.25,5.02,51555.5,68.2,68.2,4.3,3.439,34.12,52058.8,3.41,16.29,33838,0.73,0,1.179,8.28,-94.1,29.585,2.367,5.07,0
7/30/2021,6:00:00,0,Piney Point,0.61,1.43,56603.1,2.344,9.36,4.72,51542.7,65.4,65.4,4.12,3.405,34.11,52045.8,2.61,13.56,33830,0.77,0,1.183,8.28,-93.7,29.584,2.344,5.06,0
7/30/2021,6:10:00,0,Piney Point,1.08,3.31,56551.7,2.336,10.16,4.99,51511,65.3,65.3,4.12,3.393,34.09,52012.1,3.32,15.96,33808,1.51,0,1.189,8.28,-93.9,29.57,2.335,5.06,0
7/30/2021,6:20:00,0,Piney Point,0.45,0.78,56532.3,2.325,9.93,4.91,51497.9,61,61,3.85,3.377,34.08,51998.4,2.5,13.2,33799,0.77,0,1.18,8.26,-92.7,29.565,2.326,5.06,0
7/30/2021,6:30:00,0,Piney Point,0.64,1.55,56514.8,2.32,10.13,4.98,51484.2,58.4,58.4,3.69,3.369,34.07,51984.3,1.96,11.36,33790,0.87,0,1.176,8.27,-93.5,29.563,2.319,5.07,0
7/30/2021,6:40:00,0,Piney Point,0.46,0.81,56515.1,2.315,10.5,5.11,51483.7,54.3,54.3,3.43,3.362,34.07,51983.9,1.53,9.89,33790,1.92,0,1.172,8.24,-91.9,29.564,2.313,5.06,0
7/30/2021,6:50:00,0,Piney Point,0.41,0.59,56564.3,2.312,10.64,5.15,51506.2,46.2,46.2,2.91,3.359,34.09,52009.1,1.86,11.02,33806,0.81,0,1.178,8.22,-90.4,29.586,2.313,5.07,0
7/30/2021,7:00:00,0,Piney Point,0.66,1.61,56561.6,2.305,10.5,5.1,51501,44.7,44.7,2.82,3.347,34.08,52004.2,1.72,10.56,33803,0.83,0,1.191,8.22,-90.2,29.588,2.304,5.06,0
7/30/2021,7:10:00,0,Piney Point,0.28,0.08,56555.6,2.297,10.55,5.12,51492.9,41.6,41.6,2.63,3.336,34.08,51996.3,1.28,9.06,33798,0.85,0,1.174,8.21,-89.6,29.591,2.296,5.06,0
7/30/2021,7:20:00,0,Piney Point,0.3,0.14,56559.8,2.28,10.57,5.13,51493.3,39.1,39.1,2.46,3.312,34.08,51997,1.73,10.59,33798,0.7,0,1.183,8.2,-88.9,29.594,2.28,5.06,0
7/30/2021,7:30:00,0,Piney Point,0.45,0.77,56569.1,2.266,10.81,5.21,51495.5,36.7,36.7,2.31,3.291,34.08,52000.1,1.79,10.78,33800,0.87,0,1.178,8.18,-88.1,29.6,2.265,5.06,0
7/30/2021,7:40:00,0,Piney Point,0.41,0.61,56582.2,2.248,11.28,5.36,51497,31.9,31.9,2.01,3.265,34.08,52002.7,1.59,10.09,33802,0.96,0,1.183,8.17,-87.3,29.611,2.248,5.06,0
7/30/2021,7:50:00,0,Piney Point,0.61,1.43,56581.1,2.231,11.17,5.33,51493.1,30.9,30.9,1.95,3.24,34.08,51999.2,1.53,9.89,33799,1.12,0,1.178,8.17,-87.1,29.613,2.23,5.06,0
7/30/2021,8:00:00,0,Piney Point,0.39,0.54,56587.7,2.211,10.78,5.2,51492.3,29.4,29.4,1.86,3.211,34.08,51999.1,1.63,10.24,33799,1.44,0,1.184,8.16,-87,29.62,2.212,5.06,0
7/30/2021,8:10:00,0,Piney Point,0.38,0.5,56585.9,2.193,10.74,5.18,51487,31.5,31.5,1.99,3.186,34.07,51994.1,1.53,9.91,33796,1.01,0,1.178,8.17,-87.2,29.624,2.195,5.06,0
7/30/2021,8:20:00,0,Piney Point,0.34,0.34,56589.9,2.168,10.86,5.22,51483.9,32.4,32.4,2.04,3.149,34.07,51991.9,1.47,9.7,33795,0.8,0,1.183,8.17,-87.5,29.63,2.168,5.06,0
7/30/2021,8:30:00,0,Piney Point,0.31,0.2,56585.6,2.144,11.2,5.34,51475.6,32.7,32.7,2.06,3.114,34.07,51983.9,1.61,10.16,33790,0.68,0,1.178,8.17,-87.3,29.635,2.143,5.06,0
7/30/2021,8:40:00,0,Piney Point,0.26,0.01,56588.7,2.129,10.87,5.23,51469.7,29.8,29.8,1.88,3.091,34.06,51979,1.12,8.5,33786,1.24,0,1.183,8.16,-86.8,29.643,2.128,5.06,0
7/30/2021,8:50:00,0,Piney Point,0.39,0.54,56567.7,2.11,11.46,5.43,51449.4,31.1,31.1,1.96,3.064,34.05,51958.6,1.18,8.71,33773,0.82,0,1.178,8.16,-86.8,29.644,2.109,5.06,0
7/30/2021,9:00:00,0,Piney Point,0.31,0.2,56589.1,2.089,11.08,5.3,51448.1,31.5,31.5,1.98,3.033,34.05,51959.7,1.14,8.57,33774,0.52,0,1.184,8.16,-86.9,29.665,2.091,5.06,0
7/30/2021,9:10:00,0,Piney Point,0.23,-0.13,56598,2.071,11.54,5.45,51441.3,34.1,34.1,2.15,3.008,34.04,51954.5,1.23,8.89,33770,0.73,0,1.178,8.17,-87.4,29.679,2.072,5.06,0
7/30/2021,9:20:00,0,Piney Point,0.3,0.14,56607,2.048,11.53,5.45,51429.4,35.9,35.9,2.26,2.974,34.04,51944.9,1.49,9.78,33764,0.55,0,1.184,8.18,-88.1,29.699,2.048,5.06,0
7/30/2021,9:30:00,0,Piney Point,0.27,0.05,56518.8,2.026,11.58,5.46,51359,44.2,44.2,2.79,2.943,33.98,51872.6,1.16,8.66,33717,0.46,0,1.191,8.2,-89.1,29.69,2.026,5.06,0
7/30/2021,9:40:00,0,Piney Point,0.22,-0.18,56440.8,2.006,12.09,5.63,51291.2,46,46,2.9,2.913,33.93,51803.8,0.99,8.07,33672,0.63,0,1.178,8.2,-89.4,29.686,2.005,5.06,0
7/30/2021,9:50:00,0,Piney Point,0.26,0,56353.2,1.99,12.07,5.63,51224.9,48.5,48.5,3.06,2.89,33.88,51735.3,1.08,8.39,33628,0.52,0,1.181,8.21,-89.6,29.673,1.991,5.06,0
7/30/2021,10:00:00,0,Piney Point,0.25,-0.04,56352.7,1.982,12.04,5.62,51205.6,49,49,3.09,2.877,33.87,51718,1.19,8.75,33617,0.74,0,1.18,8.21,-89.7,29.692,1.981,5.06,0
7/30/2021,10:10:00,0,Piney Point,0.18,-0.31,56332.8,1.975,12.28,5.7,51168.6,52.5,52.5,3.31,2.868,33.84,51682.8,0.68,7.02,33594,0.65,0,1.191,8.22,-90.2,29.711,1.972,5.06,0
7/30/2021,10:20:00,0,Piney Point,0.15,-0.44,56380.3,1.971,12.62,5.81,51176,57.8,57.8,3.64,2.861,33.85,51694.4,0.78,7.35,33601,0.39,0,1.182,8.24,-91.7,29.746,1.971,5.06,0
7/30/2021,10:30:00,0,Piney Point,0.29,0.11,56279.4,1.966,12.79,5.87,51057.9,64.2,64.2,4.05,2.854,33.76,51578.2,1.62,10.23,33526,0.51,0,1.183,8.24,-91.8,29.772,1.965,5.06,0
7/30/2021,10:40:00,0,Piney Point,0.19,-0.29,56311.8,1.965,13.01,5.94,51044.5,66.2,66.2,4.17,2.853,33.75,51569.5,0.79,7.4,33520,0.48,0,1.182,8.25,-92.5,29.815,1.966,5.07,0
7/30/2021,10:50:00,0,Piney Point,0.24,-0.07,56342.7,1.96,12.88,5.9,51043.1,68.4,68.4,4.3,2.845,33.76,51571.6,0.94,7.91,33522,0.61,0,1.178,8.26,-92.6,29.844,1.96,5.06,0
7/30/2021,11:00:00,0,Piney Point,0.19,-0.29,56343.8,1.961,13.26,6.02,51013.5,75.7,75.7,4.76,2.848,33.73,51545.2,0.86,7.63,33504,0.52,0,1.176,8.28,-93.8,29.874,1.964,5.06,0
7/30/2021,11:10:00,0,Piney Point,0.27,0.04,56376.7,1.966,13.28,6.03,50997,83.4,83.4,5.24,2.855,33.72,51533.9,1.01,8.15,33497,0.36,0,1.191,8.29,-95,29.92,1.965,5.06,0
7/30/2021,11:20:00,0,Piney Point,0.2,-0.24,56351.5,1.965,13.44,6.08,50970,76.9,76.9,4.84,2.853,33.71,51507.1,0.77,7.33,33480,0.53,0,1.185,8.28,-93.9,29.924,1.967,5.06,0
7/30/2021,11:30:00,0,Piney Point,0.2,-0.26,56337.1,1.968,13.63,6.15,50945.5,81.4,81.4,5.12,2.857,33.69,51483.7,0.96,7.97,33464,0.49,0,1.183,8.29,-94.5,29.936,1.968,5.06,0
7/30/2021,11:40:00,0,Piney Point,0.24,-0.08,56451.5,1.973,13.58,6.13,50970.3,89.7,89.7,5.63,2.864,33.71,51517.9,1.09,8.39,33487,0.36,0,1.18,8.31,-95.6,30.014,1.972,5.06,0
7/30/2021,11:50:00,0,Piney Point,0.21,-0.19,56384.4,1.982,13.91,6.24,50891.8,90.9,90.9,5.71,2.877,33.65,51440.7,0.78,7.37,33436,0.45,0,1.175,8.31,-96,30.032,1.981,5.06,0
7/30/2021,12:00:00,0,Piney Point,0.22,-0.18,56454.2,1.99,13.72,6.18,50898.8,93.5,93.5,5.87,2.889,33.66,51454.3,0.79,7.38,33445,0.47,0,1.174,8.32,-96.2,30.088,1.99,5.06,0
7/30/2021,12:10:00,0,Piney Point,0.22,-0.17,56576.8,2,14.07,6.29,50915.5,105,105,6.58,2.904,33.68,51482.1,0.81,7.47,33463,0.46,0,1.181,8.34,-97.5,30.181,2,5.06,0
7/30/2021,12:20:00,0,Piney Point,0.24,-0.07,56465.7,2.009,14.22,6.35,50817.4,98,98,6.14,2.917,33.6,51382.7,0.82,7.5,33399,0.68,0,1.188,8.32,-96.7,30.179,2.011,5.06,0
7/30/2021,12:30:00,0,Piney Point,0.34,0.34,56552.2,2.017,14.57,6.46,50840.8,110.9,110.9,6.94,2.928,33.63,51412.8,1.2,8.8,33418,0.46,0,1.174,8.36,-98.7,30.234,2.018,5.06,0
7/30/2021,12:40:00,0,Piney Point,0.2,-0.24,56556.7,2.02,14.71,6.51,50815.7,109.6,109.6,6.86,2.932,33.61,51390.9,0.78,7.36,33404,0.61,0,1.18,8.35,-98.4,30.263,2.022,5.06,0
7/30/2021,12:50:00,0,Piney Point,0.15,-0.45,56570.3,2.026,14.77,6.53,50785.1,114.8,114.8,7.18,2.941,33.59,51365,0.67,6.98,33387,0.39,0,1.18,8.36,-99.2,30.306,2.027,5.06,0
7/30/2021,13:00:00,0,Piney Point,0.22,-0.17,56672.7,2.036,14.95,6.59,50793.7,137.5,137.5,8.59,2.956,33.6,51383.5,0.82,7.48,33399,0.45,0,1.178,8.41,-102.1,30.389,2.033,5.06,0
7/30/2021,13:10:00,0,Piney Point,0.21,-0.22,56648.7,2.047,15.03,6.61,50760.9,134.6,134.6,8.41,2.972,33.57,51351.7,0.78,7.37,33379,0.38,0,1.183,8.41,-102.1,30.401,2.047,5.06,0
7/30/2021,13:20:00,0,Piney Point,0.2,-0.27,56593.4,2.059,15.04,6.62,50694.6,137.4,137.4,8.58,2.988,33.53,51286.6,0.68,7.02,33336,0.45,0,1.178,8.42,-102.4,30.417,2.058,5.06,0
7/30/2021,13:30:00,0,Piney Point,0.23,-0.13,56571.8,2.077,15.55,6.79,50687.1,149.2,149.2,9.32,3.014,33.52,51277.6,0.89,7.71,33330,0.34,0,1.184,8.45,-104.3,30.406,2.074,5.06,0
7/30/2021,13:40:00,0,Piney Point,0.18,-0.31,56599.9,2.086,15.48,6.77,50674.5,156,156,9.74,3.028,33.51,51269.3,0.93,7.88,33325,0.46,0,1.178,8.46,-105,30.444,2.087,5.06,0
7/30/2021,13:50:00,0,Piney Point,0.21,-0.22,56301,2.093,14.39,6.4,50524.9,120.3,120.3,7.53,3.038,33.39,51104,0.73,7.18,33218,0.48,0,1.183,8.38,-100.4,30.324,2.092,5.06,0
7/30/2021,14:00:00,0,Piney Point,0.24,-0.09,56195.3,2.103,14.04,6.28,50488.9,106.2,106.2,6.66,3.051,33.36,51060.6,0.68,7,33189,0.39,0,1.178,8.37,-99.2,30.265,2.104,5.07,0
7/30/2021,14:10:00,0,Piney Point,0.23,-0.11,56251,2.109,14.7,6.51,50502,104.3,104.3,6.53,3.06,33.38,51078.2,0.8,7.43,33201,0.29,0,1.183,8.36,-98.9,30.302,2.108,5.06,0
7/30/2021,14:20:00,0,Piney Point,0.25,-0.05,56349.8,2.122,15.99,6.93,50540.8,104.6,104.6,6.54,3.08,33.41,51123.3,0.8,7.43,33230,0.4,0,1.178,8.36,-99,30.352,2.119,5.06,0
7/30/2021,14:30:00,0,Piney Point,0.24,-0.1,56435,2.138,15.84,6.89,50568.5,105,105,6.56,3.103,33.43,51157.1,0.68,7.01,33252,0.28,0,1.184,8.37,-99.4,30.402,2.14,5.06,0
7/30/2021,14:40:00,0,Piney Point,0.23,-0.13,56478.6,2.15,15.02,6.61,50594.2,104.9,104.9,6.56,3.12,33.45,51184.7,0.76,7.3,33270,0.31,0,1.191,8.37,-99.6,30.415,2.149,5.06,0
7/30/2021,14:50:00,0,Piney Point,0.29,0.12,56602,2.174,14.29,6.37,50657.3,107.4,107.4,6.71,3.155,33.5,51254.2,0.74,7.22,33315,0.37,0,1.172,8.37,-99.9,30.463,2.172,5.05,0
7/30/2021,15:00:00,0,Piney Point,0.26,-0.01,56740.5,2.187,14.19,6.33,50719.8,108.4,108.4,6.76,3.174,33.55,51324.7,0.87,7.65,33361,0.49,0,1.172,8.38,-100,30.525,2.186,5.06,0
7/30/2021,15:10:00,0,Piney Point,0.28,0.06,56881.7,2.205,12.59,5.8,50809.9,109.5,109.5,6.82,3.2,33.62,51420.2,0.85,7.58,33423,0.48,0,1.181,8.38,-100.3,30.561,2.203,5.05,0
7/30/2021,15:20:00,0,Piney Point,0.38,0.5,57054.7,2.215,12.15,5.65,50912,110.7,110.7,6.89,3.215,33.7,51529.8,1.13,8.54,33494,0.59,0,1.176,8.38,-100.3,30.614,2.212,5.06,0
7/30/2021,15:30:00,0,Piney Point,0.28,0.08,57264.1,2.229,14.12,6.31,51030.3,109.8,109.8,6.82,3.236,33.79,51657.7,1.17,8.69,33578,0.57,0,1.182,8.38,-100.2,30.682,2.228,5.07,0
7/30/2021,15:40:00,0,Piney Point,0.31,0.21,57363.8,2.234,12.97,5.93,51078.7,108.4,108.4,6.73,3.243,33.83,51711.5,0.98,8.03,33612,0.54,0,1.191,8.37,-99.9,30.723,2.234,5.05,0
7/30/2021,15:50:00,0,Piney Point,0.25,-0.04,57471.3,2.243,11.25,5.35,51127.5,108.9,108.9,6.75,3.256,33.87,51766.6,0.81,7.46,33648,0.55,0,1.185,8.38,-100.2,30.77,2.24,5.05,0
7/30/2021,16:00:00,0,Piney Point,0.34,0.3,57514.5,2.253,11.33,5.38,51129,114,114,7.06,3.271,33.87,51772.5,1.04,8.25,33652,0.58,0,1.174,8.39,-101,30.807,2.249,5.06,0
7/30/2021,16:10:00,0,Piney Point,0.35,0.38,57554.5,2.266,12.69,5.83,51141.6,112,112,6.93,3.289,33.88,51788,1.1,8.43,33662,0.54,0,1.177,8.38,-100.5,30.83,2.266,5.06,0
7/30/2021,16:20:00,0,Piney Point,0.21,-0.19,57592.2,2.283,12.43,5.75,51146.5,116.9,116.9,7.24,3.314,33.89,51796.4,0.7,7.09,33668,0.65,0,1.174,8.4,-101.2,30.858,2.278,5.06,0
7/30/2021,16:30:00,0,Piney Point,0.29,0.14,57620,2.296,12.05,5.62,51156.1,115.8,115.8,7.17,3.333,33.89,51808,0.78,7.37,33675,0.45,0,1.178,8.39,-101.1,30.873,2.292,5.05,0
7/30/2021,16:40:00,0,Piney Point,0.4,0.57,57729,2.311,12.17,5.66,51222,116,116,7.17,3.355,33.94,51878.4,1.16,8.64,33721,0.54,0,1.191,8.39,-101.1,30.904,2.309,5.06,0
7/30/2021,16:50:00,0,Piney Point,0.32,0.25,57764.3,2.319,10.73,5.18,51230.4,113.5,113.5,7.02,3.367,33.95,51889.7,1.09,8.4,33728,0.86,0,1.181,8.39,-101,30.927,2.317,5.05,0
7/30/2021,17:00:00,0,Piney Point,0.42,0.63,57807,2.325,10.7,5.17,51254.1,113.2,113.2,6.99,3.374,33.97,51915.4,1.44,9.6,33745,0.78,0,1.182,8.39,-100.7,30.942,2.322,5.06,0
7/30/2021,17:10:00,0,Piney Point,0.48,0.87,57837.7,2.316,10.45,5.09,51261,114.7,114.7,7.08,3.362,33.98,51924.9,1.43,9.57,33751,0.55,0,1.182,8.39,-101.1,30.962,2.315,5.06,0
7/30/2021,17:20:00,0,Piney Point,0.31,0.21,57843.9,2.315,10.89,5.24,51248.8,118.3,118.3,7.31,3.36,33.97,51914.7,1.07,8.33,33745,0.41,0,1.184,8.4,-101.6,30.98,2.313,5.06,0
7/30/2021,17:30:00,0,Piney Point,0.24,-0.07,57870.7,2.312,10.57,5.13,51250.8,120.8,120.8,7.46,3.356,33.97,51919.3,0.9,7.77,33748,0.54,0,1.178,8.41,-101.9,31.002,2.315,5.06,0
7/30/2021,17:40:00,0,Piney Point,0.38,0.48,57877.3,2.307,10.33,5.05,51257.2,117.6,117.6,7.26,3.349,33.98,51925.8,1.28,9.05,33752,0.45,0,1.183,8.4,-101.6,31.001,2.308,5.06,0
7/30/2021,17:50:00,0,Piney Point,0.22,-0.15,57899,2.306,10.81,5.21,51255.3,123.3,123.3,7.61,3.348,33.98,51926.3,0.85,7.58,33752,0.43,0,1.178,8.41,-102.4,31.022,2.306,5.06,0
7/30/2021,18:00:00,0,Piney Point,0.32,0.25,57898.1,2.3,10.69,5.17,51242.5,121.1,121.1,7.47,3.339,33.97,51914.8,1.08,8.37,33745,0.49,0,1.183,8.41,-102,31.034,2.298,5.06,0
7/30/2021,18:10:00,0,Piney Point,0.2,-0.23,57923.6,2.304,10.95,5.26,51251.1,123.8,123.8,7.63,3.345,33.97,51925.3,0.8,7.43,33751,0.48,0,1.178,8.41,-102.3,31.048,2.302,5.06,0
7/30/2021,18:20:00,0,Piney Point,0.21,-0.2,57931.7,2.305,11.03,5.28,51248.4,126.3,126.3,7.79,3.346,33.97,51923.7,0.93,7.87,33750,0.34,0,1.183,8.42,-102.5,31.058,2.302,5.05,0
7/30/2021,18:30:00,0,Piney Point,0.33,0.28,57904.9,2.304,10.68,5.16,51232.5,119.5,119.5,7.37,3.345,33.96,51906.7,1.17,8.69,33739,0.62,0,1.178,8.4,-101.8,31.05,2.302,5.05,0
7/30/2021,18:40:00,0,Piney Point,0.39,0.51,57882.3,2.311,10.76,5.19,51219,120,120,7.4,3.354,33.95,51892.2,1.12,8.5,33730,0.44,0,1.183,8.4,-101.8,31.044,2.312,5.06,0
7/30/2021,18:50:00,0,Piney Point,0.27,0.04,57885.3,2.301,10.67,5.16,51218.8,118.1,118.1,7.29,3.34,33.95,51892.3,0.78,7.37,33730,0.5,0,1.178,8.4,-101.6,31.047,2.301,5.06,0
7/30/2021,19:00:00,0,Piney Point,0.3,0.15,57873.4,2.29,10.78,5.2,51211.3,118.5,118.5,7.31,3.324,33.94,51884.3,1.04,8.25,33725,0.49,0,1.184,8.4,-101.7,31.044,2.287,5.05,0
7/30/2021,19:10:00,0,Piney Point,0.34,0.31,57846.7,2.28,10.88,5.23,51192.2,118.6,118.6,7.32,3.309,33.93,51864.4,1.17,8.7,33712,0.47,0,1.178,8.4,-101.7,31.039,2.28,5.06,0
7/30/2021,19:20:00,0,Piney Point,0.17,-0.36,57870.4,2.265,10.95,5.26,51208.5,113,113,6.97,3.288,33.94,51881.6,0.68,7.03,33723,0.54,0,1.183,8.39,-100.8,31.044,2.264,5.06,0
7/30/2021,19:30:00,0,Piney Point,0.25,-0.06,57873.3,2.245,10.95,5.25,51209.7,111.3,111.3,6.86,3.259,33.94,51882.9,0.63,6.84,33724,0.53,0,1.178,8.38,-100.5,31.045,2.245,5.06,0
7/30/2021,19:40:00,0,Piney Point,0.16,-0.42,57870.6,2.231,10.93,5.25,51209.5,107.9,107.9,6.66,3.239,33.94,51882.4,0.71,7.13,33724,0.39,0,1.184,8.37,-100,31.043,2.227,5.06,0
7/30/2021,19:50:00,0,Piney Point,0.23,-0.14,57866.7,2.213,11.09,5.3,51203.9,106,106,6.54,3.212,33.94,51877,0.73,7.19,33720,0.5,0,1.178,8.37,-99.8,31.045,2.211,5.05,0
7/30/2021,20:00:00,0,Piney Point,0.16,-0.4,57866.4,2.198,10.94,5.25,51207.7,100.8,100.8,6.22,3.191,33.94,51880.4,0.73,7.2,33722,0.37,0,1.183,8.36,-99.1,31.041,2.198,5.06,0
7/30/2021,20:10:00,0,Piney Point,0.2,-0.24,57863.9,2.183,11.08,5.3,51207,98.2,98.2,6.06,3.169,33.94,51879.5,0.64,6.87,33722,0.54,0,1.178,8.35,-98.6,31.039,2.181,5.06,0
7/30/2021,20:20:00,0,Piney Point,0.16,-0.42,57864.6,2.161,11.41,5.41,51211.9,94.5,94.5,5.83,3.137,33.94,51884,1.15,8.63,33725,0.36,0,1.183,8.34,-97.9,31.035,2.159,5.06,0
7/30/2021,20:30:00,0,Piney Point,0.24,-0.1,57848.6,2.146,11.5,5.44,51206.6,88.4,88.4,5.45,3.115,33.94,51877.5,1.05,8.29,33720,0.53,0,1.178,8.32,-97,31.026,2.144,5.06,0
7/30/2021,20:40:00,0,Piney Point,0.17,-0.38,57841.9,2.131,11.77,5.53,51201.5,86.9,86.9,5.36,3.094,33.94,51872.2,0.74,7.21,33717,0.38,0,1.183,8.32,-96.5,31.025,2.129,5.05,0
7/30/2021,20:50:00,0,Piney Point,0.16,-0.42,57812.4,2.113,11.89,5.57,51187.8,80.4,80.4,4.97,3.067,33.92,51856.9,0.91,7.79,33707,0.8,0,1.178,8.3,-95.4,31.013,2.113,5.05,0
7/30/2021,21:00:00,0,Piney Point,0.2,-0.25,57761.4,2.095,12.03,5.62,51148.9,80.5,80.5,4.97,3.04,33.9,51816.7,0.77,7.34,33681,0.33,0,1.184,8.3,-95.4,31.007,2.091,5.05,0
7/30/2021,21:10:00,0,Piney Point,0.16,-0.39,57705.2,2.076,12.4,5.74,51118,81,81,5,3.013,33.87,51783.1,0.6,6.75,33659,0.43,0,1.178,8.3,-95.4,30.988,2.075,5.05,0
7/30/2021,21:20:00,0,Piney Point,0.24,-0.1,57706.3,2.058,12.13,5.65,51127.7,72.8,72.8,4.5,2.988,33.88,51791.9,0.84,7.57,33665,0.97,0,1.183,8.27,-93.7,30.979,2.057,5.06,0
7/30/2021,21:30:00,0,Piney Point,0.15,-0.44,57645.6,2.043,12.29,5.7,51088.4,72.5,72.5,4.48,2.966,33.85,51750.3,0.59,6.72,33638,0.98,0,1.179,8.28,-94.3,30.964,2.043,5.05,0
7/30/2021,21:40:00,0,Piney Point,0.22,-0.18,57550.3,2.025,12.45,5.76,51031.3,72.1,72.1,4.46,2.939,33.8,51689.2,0.78,7.37,33598,0.45,0,1.183,8.27,-93.8,30.937,2.024,5.05,0
7/30/2021,21:50:00,0,Piney Point,0.2,-0.25,57488,2.021,12.76,5.86,50993.7,76.2,76.2,4.71,2.934,33.77,51649,0.79,7.39,33572,0.44,0,1.178,8.27,-93.8,30.919,2.019,5.05,0
7/30/2021,22:00:00,0,Piney Point,0.23,-0.11,57490.3,2.02,12.6,5.81,51001.5,66.3,66.3,4.1,2.931,33.78,51656.1,0.71,7.12,33576,0.42,0,1.183,8.26,-92.8,30.913,2.019,5.05,0
7/30/2021,22:10:00,0,Piney Point,0.16,-0.41,57430,2.024,12.72,5.84,50967.7,63.9,63.9,3.96,2.937,33.75,51619.5,0.73,7.18,33553,0.27,0,1.178,8.25,-92.4,30.893,2.021,5.05,0
7/30/2021,22:20:00,0,Piney Point,0.17,-0.36,57406.8,2.018,12.58,5.8,50967.2,60.5,60.5,3.75,2.929,33.75,51616.6,0.47,6.31,33551,0.33,0,1.183,8.23,-91.2,30.873,2.015,5.05,0
7/30/2021,22:30:00,0,Piney Point,0.19,-0.29,57463.7,2.014,13.07,5.96,51008.8,49.3,49.3,3.05,2.923,33.78,51659.8,0.62,6.8,33579,0.75,0,1.178,8.21,-89.9,30.882,2.013,5.05,0
7/30/2021,22:40:00,0,Piney Point,0.13,-0.54,57399.2,2.01,12.49,5.77,50966.2,52,52,3.22,2.918,33.75,51614.9,0.49,6.38,33550,0.3,0,1.183,8.23,-91.3,30.867,2.01,5.05,0
7/30/2021,22:50:00,0,Piney Point,0.16,-0.42,57394.4,2.002,13.08,5.97,50971.9,56.7,56.7,3.52,2.905,33.76,51619.5,0.63,6.84,33553,0.58,0,1.178,8.21,-90.3,30.857,2.001,5.05,0
7/30/2021,23:00:00,0,Piney Point,0.11,-0.63,57376.7,2,12.68,5.83,50957.6,50.9,50.9,3.15,2.903,33.74,51604.9,0.55,6.58,33543,0.21,0,1.183,8.2,-89.6,30.856,1.999,5.06,0
7/30/2021,23:10:00,0,Piney Point,0.18,-0.34,57349.7,1.999,12.79,5.87,50951.1,45.5,45.5,2.82,2.902,33.74,51596.1,0.63,6.85,33537,0.36,0,1.178,8.19,-89.1,30.838,1.998,5.05,0
7/30/2021,23:20:00,0,Piney Point,0.16,-0.39,57287.6,2.002,12.56,5.79,50909.3,48,48,2.98,2.905,33.71,51552.2,0.57,6.63,33509,0.28,0,1.184,8.2,-89.7,30.825,2,5.05,0
7/30/2021,23:30:00,0,Piney Point,0.17,-0.36,57307.1,2.005,12.99,5.94,50934.3,41.6,41.6,2.58,2.91,33.73,51576.6,0.64,6.87,33525,0.24,0,1.178,8.17,-87.7,30.817,2.005,5.05,0
7/30/2021,23:40:00,0,Piney Point,0.15,-0.45,57260.7,2.008,12.89,5.9,50912.3,41,41,2.54,2.914,33.71,51552,0.46,6.28,33509,0.43,0,1.183,8.17,-87.6,30.798,2.007,5.05,0
7/30/2021,23:50:00,0,Piney Point,0.16,-0.42,57239.3,2.018,12.88,5.9,50898.9,39.5,39.5,2.45,2.929,33.7,51537.8,0.45,6.25,33500,0.25,0,1.178,8.17,-87.6,30.792,2.016,5.05,0
7/31/2021,0:00:00,0,Piney Point,0.19,-0.29,57218.1,2.027,13.5,6.1,50888.2,40,40,2.48,2.942,33.69,51526,0.72,7.14,33492,0.12,0,1.183,8.17,-87.5,30.784,2.025,5.05,0
7/31/2021,0:10:00,0,Piney Point,0.17,-0.38,57210.1,2.043,13.54,6.12,50897.4,43.1,43.1,2.67,2.966,33.7,51533.3,0.72,7.14,33497,0.24,0,1.178,8.16,-87.3,30.767,2.042,5.05,0
7/31/2021,0:20:00,0,Piney Point,0.2,-0.26,57146,2.061,13.75,6.19,50871.8,47.4,47.4,2.94,2.991,33.67,51503.6,0.59,6.73,33477,0.22,0,1.183,8.19,-88.9,30.736,2.059,5.06,0
7/31/2021,0:30:00,0,Piney Point,0.26,0,57044.7,2.079,14.04,6.29,50827.4,61.5,61.5,3.82,3.017,33.64,51453.2,0.64,6.89,33445,0.3,0,1.178,8.24,-91.6,30.69,2.077,5.05,0
7/31/2021,0:40:00,0,Piney Point,0.19,-0.28,56879.4,2.1,14.14,6.32,50762.8,83.6,83.6,5.21,3.048,33.59,51377.9,0.72,7.15,33396,0.38,0,1.183,8.33,-97.2,30.606,2.098,5.05,0
7/31/2021,0:50:00,0,Piney Point,0.24,-0.1,56908.4,2.115,14.28,6.36,50798.8,82,82,5.1,3.069,33.61,51413.1,0.74,7.23,33419,0.32,0,1.178,8.31,-96.1,30.596,2.115,5.05,0
7/31/2021,1:00:00,0,Piney Point,0.28,0.06,56825.3,2.126,13.85,6.22,50787.1,102.7,102.7,6.4,3.085,33.6,51393.9,0.76,7.3,33406,0.28,0,1.183,8.38,-100,30.533,2.127,5.05,0
7/31/2021,1:10:00,0,Piney Point,0.22,-0.15,56844.1,2.143,13.83,6.22,50818.2,102,102,6.36,3.111,33.62,51423.6,0.73,7.19,33425,0.5,0,1.178,8.38,-100.1,30.519,2.141,5.05,0
7/31/2021,1:20:00,0,Piney Point,0.28,0.06,56933.9,2.161,13.7,6.17,50912.1,104.5,104.5,6.51,3.137,33.69,51517,0.82,7.51,33486,0.33,0,1.183,8.39,-100.5,30.505,2.159,5.05,0
7/31/2021,1:30:00,0,Piney Point,0.37,0.46,57116.4,2.176,13.05,5.96,51090.6,102.8,102.8,6.4,3.158,33.82,51695.8,1.32,9.2,33602,0.49,0,1.178,8.38,-100.1,30.49,2.176,5.05,0
7/31/2021,1:40:00,0,Piney Point,0.35,0.37,57154.4,2.193,12.71,5.84,51124.1,99.9,99.9,6.22,3.183,33.85,51729.7,1.14,8.57,33624,0.37,0,1.183,8.37,-99.7,30.49,2.192,5.05,0
7/31/2021,1:50:00,0,Piney Point,0.39,0.54,57266.2,2.208,12.41,5.74,51227.2,99.4,99.4,6.18,3.206,33.93,51833.7,1.16,8.63,33692,0.77,0,1.178,8.37,-99.6,30.487,2.206,5.05,0
7/31/2021,2:00:00,0,Piney Point,0.32,0.26,57322.1,2.226,12.09,5.64,51276,98.1,98.1,6.1,3.232,33.96,51883.2,1.28,9.07,33724,0.41,0,1.184,8.37,-99.3,30.488,2.226,5.05,0
7/31/2021,2:10:00,0,Piney Point,0.42,0.63,57365,2.243,12.05,5.62,51318.3,97.6,97.6,6.07,3.256,33.99,51925.6,1.19,8.74,33752,0.6,0,1.178,8.36,-99.2,30.484,2.24,5.05,0
7/31/2021,2:20:00,0,Piney Point,0.36,0.42,57395.1,2.257,11.98,5.6,51349.1,97.5,97.5,6.07,3.277,34.02,51956.3,1.06,8.3,33772,0.48,0,1.183,8.36,-99.3,30.481,2.254,5.06,0
7/31/2021,2:30:00,0,Piney Point,0.4,0.55,57410.3,2.278,12.14,5.65,51375.7,98,98,6.1,3.307,34.04,51981.6,1.29,9.09,33788,0.74,0,1.178,8.37,-99.4,30.468,2.276,5.05,0
7/31/2021,2:40:00,0,Piney Point,0.39,0.52,57420.2,2.297,12.06,5.63,51391.6,96.8,96.8,6.02,3.335,34.05,51996.8,1.29,9.09,33798,0.53,0,1.183,8.36,-99.1,30.461,2.296,5.05,0
7/31/2021,2:50:00,0,Piney Point,0.37,0.46,57439.5,2.315,11.9,5.57,51417.5,97.5,97.5,6.07,3.361,34.07,52022.1,1.27,9.02,33814,0.62,0,1.178,8.36,-99.1,30.452,2.316,5.05,0
7/31/2021,3:00:00,0,Piney Point,0.38,0.47,57440,2.331,11.8,5.54,51425.4,96.1,96.1,5.98,3.385,34.07,52029.2,1.28,9.04,33819,0.56,0,1.183,8.36,-99,30.445,2.331,5.05,0
7/31/2021,3:10:00,0,Piney Point,0.34,0.31,57447,2.347,11.59,5.47,51437.2,93.4,93.4,5.81,3.408,34.08,52040.5,1.38,9.4,33826,0.88,0,1.178,8.35,-98.6,30.439,2.347,5.05,0
7/31/2021,3:20:00,0,Piney Point,0.44,0.71,57458.2,2.363,11.29,5.37,51475.7,93.7,93.7,5.83,3.432,34.11,52076,1.24,8.92,33849,0.61,0,1.183,8.35,-98.5,30.411,2.364,5.05,0
7/31/2021,3:30:00,0,Piney Point,0.68,1.71,57472.1,2.385,11.2,5.34,51538.4,94,94,5.85,3.463,34.15,52133.5,1.98,11.44,33887,0.8,0,1.178,8.35,-98.1,30.361,2.385,5.05,0
7/31/2021,3:40:00,0,Piney Point,0.47,0.84,57478.6,2.405,10.71,5.18,51573.4,93.2,93.2,5.81,3.493,34.18,52165.5,1.54,9.92,33908,0.6,0,1.183,8.34,-97.9,30.333,2.404,5.05,0
7/31/2021,3:50:00,0,Piney Point,0.52,1.06,57495.1,2.426,10.75,5.19,51596.4,91.4,91.4,5.7,3.523,34.19,52187.7,1.62,10.19,33922,0.67,0,1.178,8.34,-97.6,30.324,2.424,5.05,0
7/31/2021,4:00:00,0,Piney Point,0.53,1.08,57528.1,2.434,10.79,5.2,51620.7,90.6,90.6,5.65,3.535,34.21,52213,1.65,10.3,33938,0.72,0,1.183,8.33,-97.4,30.33,2.433,5.05,0
7/31/2021,4:10:00,0,Piney Point,0.78,2.12,57558.3,2.45,10.48,5.1,51653.9,92.3,92.3,5.75,3.558,34.24,52245.8,2.25,12.35,33960,0.85,0,1.178,8.34,-97.5,30.324,2.449,5.05,0
7/31/2021,4:20:00,0,Piney Point,0.74,1.94,57566.8,2.465,10.47,5.09,51675,93.2,93.2,5.81,3.579,34.25,52265.6,2.31,12.55,33973,0.57,0,1.184,8.34,-97.7,30.31,2.468,5.05,0
7/31/2021,4:30:00,0,Piney Point,0.73,1.91,57563.6,2.472,10.35,5.06,51684.3,93.6,93.6,5.84,3.591,34.26,52273.6,2.29,12.49,33978,0.77,0,1.178,8.34,-97.8,30.298,2.474,5.05,0
7/31/2021,4:40:00,0,Piney Point,0.83,2.31,57553.9,2.484,10.2,5,51690,94.4,94.4,5.88,3.608,34.26,52277.6,2.49,13.17,33980,0.62,0,1.183,8.34,-97.8,30.284,2.483,5.04,0
7/31/2021,4:50:00,0,Piney Point,0.54,1.13,57553.4,2.489,10.03,4.95,51688.5,91.7,91.7,5.71,3.615,34.26,52276.2,1.72,10.54,33980,0.71,0,1.178,8.33,-97.4,30.285,2.49,5.05,0
7/31/2021,5:00:00,0,Piney Point,0.79,2.16,57543.6,2.492,10.04,4.95,51682.6,92.8,92.8,5.79,3.62,34.26,52269.9,2.53,13.31,33975,0.62,0,1.183,8.34,-97.5,30.282,2.492,5.05,0
7/31/2021,5:10:00,0,Piney Point,0.44,0.74,57541.6,2.492,10.35,5.05,51683.6,88,88,5.48,3.619,34.26,52270.6,1.5,9.82,33976,0.83,0,1.178,8.32,-96.6,30.28,2.492,5.05,0
7/31/2021,5:20:00,0,Piney Point,0.74,1.94,57519.8,2.49,10.11,4.98,51682.2,89.7,89.7,5.6,3.616,34.25,52267.1,2.39,12.84,33974,1.15,0,1.183,8.33,-97.2,30.262,2.492,5.04,0
7/31/2021,5:30:00,0,Piney Point,0.6,1.39,57506.4,2.482,10.08,4.97,51685.1,90.7,90.7,5.66,3.604,34.26,52268.2,1.97,11.41,33974,0.72,0,1.191,8.33,-97.2,30.247,2.482,5.04,0
7/31/2021,5:40:00,0,Piney Point,0.5,0.97,57493.5,2.472,10.17,4.99,51679.7,88.7,88.7,5.54,3.59,34.25,52262,1.77,10.72,33970,1.22,0,1.175,8.33,-96.9,30.241,2.47,5.05,0
7/31/2021,5:50:00,0,Piney Point,0.6,1.4,57480.5,2.466,10.34,5.05,51684.1,89.4,89.4,5.58,3.581,34.25,52264.6,2.01,11.55,33972,1.72,0,1.179,8.33,-97,30.225,2.469,5.05,0
7/31/2021,6:00:00,0,Piney Point,0.83,2.3,57470.4,2.462,10.17,5,51686.5,88,88,5.49,3.575,34.25,52265.7,2.33,12.61,33973,0.68,0,1.191,8.33,-96.9,30.214,2.461,5.05,0
7/31/2021,6:10:00,0,Piney Point,0.76,2.02,57450.2,2.459,10.14,4.99,51693.1,87.4,87.4,5.46,3.571,34.26,52269.4,1.89,11.11,33975,0.62,0,1.183,8.32,-96.7,30.189,2.458,5.04,0
7/31/2021,6:20:00,0,Piney Point,0.58,1.28,57433.2,2.455,10.46,5.09,51690.5,86.8,86.8,5.42,3.566,34.26,52265.3,1.89,11.11,33972,0.77,0,1.174,8.32,-96.5,30.177,2.459,5.04,0
7/31/2021,6:30:00,0,Piney Point,0.71,1.84,57403.5,2.452,10.24,5.02,51681.1,86.1,86.1,5.38,3.56,34.25,52253.8,2.12,11.9,33965,0.66,0,1.176,8.32,-96.5,30.16,2.452,5.05,0
7/31/2021,6:40:00,0,Piney Point,0.66,1.62,57391.7,2.445,10.32,5.05,51683.2,85,85,5.31,3.552,34.25,52254.4,1.95,11.32,33965,1.16,0,1.182,8.32,-96.3,30.147,2.444,5.04,0
7/31/2021,6:50:00,0,Piney Point,0.61,1.41,57365.6,2.441,10.65,5.16,51673,84.3,84.3,5.27,3.545,34.24,52242.5,1.74,10.61,33958,0.63,0,1.178,8.31,-96.2,30.134,2.44,5.04,0
7/31/2021,7:00:00,0,Piney Point,0.73,1.91,57353.6,2.428,10.39,5.07,51673,83.2,83.2,5.2,3.526,34.24,52241.3,2.03,11.6,33957,0.62,0,1.189,8.31,-95.9,30.124,2.428,5.04,0
7/31/2021,7:10:00,0,Piney Point,0.64,1.52,57333.8,2.418,10.4,5.07,51665.5,82.6,82.6,5.16,3.512,34.23,52232.4,1.97,11.4,33951,0.81,0,1.185,8.31,-95.8,30.113,2.421,5.04,0
7/31/2021,7:20:00,0,Piney Point,0.65,1.57,57313.6,2.408,10.74,5.19,51659.1,81.7,81.7,5.11,3.497,34.23,52224.6,2.11,11.86,33946,0.52,0,1.181,8.31,-95.8,30.102,2.406,5.05,0
7/31/2021,7:30:00,0,Piney Point,0.78,2.1,57325.8,2.392,10.46,5.09,51663.7,77,77,4.82,3.474,34.23,52230,2.16,12.03,33950,0.68,0,1.178,8.29,-94.9,30.108,2.391,5.04,0
7/31/2021,7:40:00,0,Piney Point,0.31,0.18,57335,2.38,10.43,5.08,51662.8,71.6,71.6,4.47,3.457,34.23,52230.2,1.14,8.59,33950,0.87,0,1.183,8.28,-94,30.117,2.382,5.04,0
7/31/2021,7:50:00,0,Piney Point,0.38,0.5,57289.9,2.368,10.61,5.14,51632.5,73.4,73.4,4.59,3.438,34.21,52198.3,1.23,8.88,33929,0.99,0,1.187,8.29,-94.4,30.107,2.367,5.04,0
7/31/2021,8:00:00,0,Piney Point,0.33,0.27,57329,2.349,10.82,5.21,51651.5,64.9,64.9,4.05,3.411,34.22,52219.4,1.35,9.3,33943,0.91,0,1.181,8.26,-92.6,30.123,2.35,5.04,0
7/31/2021,8:10:00,0,Piney Point,0.27,0.05,57327.8,2.331,10.9,5.24,51646.8,63.5,63.5,3.97,3.385,34.22,52215.1,1.01,8.12,33940,0.81,0,1.175,8.25,-92.6,30.127,2.33,5.04,0
7/31/2021,8:20:00,0,Piney Point,0.28,0.08,57320.9,2.313,10.89,5.23,51638.5,61.8,61.8,3.87,3.359,34.21,52207,1.09,8.39,33935,0.65,0,1.179,8.25,-92.3,30.129,2.313,5.04,0
7/31/2021,8:30:00,0,Piney Point,0.34,0.3,57325.2,2.301,11.18,5.33,51636.8,59.3,59.3,3.7,3.342,34.21,52205.9,1.77,10.71,33934,0.6,0,1.178,8.24,-91.8,30.134,2.3,5.04,0
7/31/2021,8:40:00,0,Piney Point,0.28,0.09,57337.6,2.286,10.83,5.22,51636.6,53.4,53.4,3.34,3.321,34.21,52207,1.05,8.26,33935,0.6,0,1.184,8.22,-90.8,30.145,2.288,5.04,0
7/31/2021,8:50:00,0,Piney Point,0.21,-0.2,57352.8,2.272,11,5.27,51635.4,50.6,50.6,3.16,3.3,34.21,52207.5,0.86,7.64,33935,0.72,0,1.178,8.22,-90.3,30.16,2.271,5.04,0
7/31/2021,9:00:00,0,Piney Point,0.27,0.03,57355.4,2.26,11.22,5.34,51629.4,52.4,52.4,3.27,3.282,34.21,52202.4,1.18,8.72,33932,0.64,0,1.184,8.22,-90.5,30.168,2.258,5.04,0
7/31/2021,9:10:00,0,Piney Point,0.31,0.21,57357.7,2.25,11.19,5.33,51620.9,51.9,51.9,3.24,3.267,34.2,52195.1,1.07,8.34,33927,0.58,0,1.191,8.22,-90.3,30.179,2.248,5.04,0
7/31/2021,9:20:00,0,Piney Point,0.33,0.3,57362.9,2.225,11.24,5.35,51611.2,56.1,56.1,3.5,3.231,34.2,52187,1.28,9.07,33922,0.53,0,1.18,8.23,-91,30.193,2.225,5.04,0
7/31/2021,9:30:00,0,Piney Point,0.23,-0.14,57344.3,2.209,11.47,5.43,51585.2,62.6,62.6,3.91,3.208,34.18,52161.8,1,8.1,33905,0.41,0,1.184,8.25,-92.1,30.202,2.21,5.04,0
7/31/2021,9:40:00,0,Piney Point,0.25,-0.04,57372,2.188,11.19,5.34,51586.4,59.9,59.9,3.74,3.177,34.18,52165.8,0.87,7.66,33908,0.6,0,1.172,8.23,-91.4,30.225,2.187,5.04,0
7/31/2021,9:50:00,0,Piney Point,0.32,0.23,57340,2.163,11.86,5.56,51548.7,64,64,4,3.142,34.15,52128.7,1.09,8.41,33884,0.48,0,1.173,8.25,-92.4,30.234,2.164,5.04,0
7/31/2021,10:00:00,0,Piney Point,0.2,-0.24,57268.7,2.141,12.07,5.63,51481.7,70.4,70.4,4.39,3.11,34.1,52061.3,0.72,7.16,33840,0.64,0,1.178,8.28,-94.1,30.237,2.142,5.04,0
7/31/2021,10:10:00,0,Piney Point,0.25,-0.03,57186.7,2.118,12.43,5.75,51401.3,74.4,74.4,4.65,3.076,34.04,51980.8,1.1,8.44,33788,0.34,0,1.181,8.28,-94.1,30.244,2.118,5.04,0
7/31/2021,10:20:00,0,Piney Point,0.18,-0.35,57271.7,2.101,11.83,5.55,51440.8,76.6,76.6,4.78,3.05,34.07,52025.1,0.78,7.37,33816,0.38,0,1.18,8.28,-94.1,30.28,2.101,5.04,0
7/31/2021,10:30:00,0,Piney Point,0.19,-0.27,57262,2.078,12.43,5.75,51401.4,82.7,82.7,5.16,3.018,34.05,51988.9,0.73,7.19,33793,0.4,0,1.172,8.3,-95.3,30.31,2.079,5.03,0
7/31/2021,10:40:00,0,Piney Point,0.18,-0.31,57274.1,2.059,12.6,5.81,51384.7,88,88,5.49,2.99,34.04,51975.2,0.84,7.55,33784,0.4,0,1.181,8.31,-95.9,30.338,2.059,5.04,0
7/31/2021,10:50:00,0,Piney Point,0.14,-0.48,57211.2,2.049,12.45,5.76,51313.6,92,92,5.74,2.976,33.98,51905,0.66,6.96,33738,0.38,0,1.181,8.32,-96.7,30.352,2.048,5.03,0
7/31/2021,11:00:00,0,Piney Point,0.16,-0.39,57283.6,2.038,12.68,5.83,51340.3,93.4,93.4,5.82,2.96,34.01,51936.5,0.61,6.77,33759,0.51,0,1.182,8.32,-96.8,30.39,2.042,5.04,0
7/31/2021,11:10:00,0,Piney Point,0.21,-0.21,57229.3,2.025,12.99,5.93,51272.8,98,98,6.11,2.939,33.96,51870.6,0.81,7.46,33716,0.35,0,1.18,8.34,-97.6,30.409,2.023,5.03,0
7/31/2021,11:20:00,0,Piney Point,0.23,-0.11,57243.6,2.006,13.27,6.03,51248.7,104.4,104.4,6.51,2.913,33.94,51850.5,0.87,7.66,33703,1.12,0,1.178,8.35,-98.6,30.446,2.003,5.04,0
7/31/2021,11:30:00,0,Piney Point,0.2,-0.26,57171.4,2.001,13.26,6.02,51172.9,107.5,107.5,6.7,2.905,33.88,51775.1,0.64,6.88,33654,0.44,0,1.177,8.36,-99.1,30.457,2,5.04,0
7/31/2021,11:40:00,0,Piney Point,0.24,-0.08,57307.4,1.994,13.5,6.11,51209.2,117.4,117.4,7.3,2.895,33.92,51822,0.76,7.29,33684,0.5,0,1.176,8.38,-100.2,30.542,1.994,5.03,0
7/31/2021,11:50:00,0,Piney Point,0.18,-0.33,57282.7,1.983,13.24,6.02,51186.6,116.5,116.5,7.25,2.878,33.9,51799.2,0.77,7.34,33669,0.45,0,1.174,8.38,-100,30.542,1.981,5.04,0
7/31/2021,12:00:00,0,Piney Point,0.17,-0.38,57172.2,1.971,13.84,6.22,51122.1,113.3,113.3,7.05,2.861,33.85,51729.8,0.66,6.95,33624,0.41,0,1.173,8.37,-99.8,30.508,1.974,5.03,0
7/31/2021,12:10:00,0,Piney Point,0.22,-0.18,57176.6,1.966,13.67,6.16,51110.9,111.3,111.3,6.93,2.854,33.84,51720.3,0.71,7.12,33618,0.48,0,1.174,8.37,-99.5,30.523,1.965,5.04,0
7/31/2021,12:20:00,0,Piney Point,0.2,-0.26,57234.1,1.951,14.02,6.28,51098.5,119.2,119.2,7.41,2.832,33.84,51715.4,0.68,7.02,33615,0.41,0,1.175,8.38,-100.5,30.587,1.951,5.04,0
7/31/2021,12:30:00,0,Piney Point,0.18,-0.33,57295,1.943,13.74,6.18,51089.6,122.4,122.4,7.61,2.821,33.83,51713.9,0.71,7.12,33614,0.54,0,1.175,8.39,-100.7,30.65,1.94,5.04,0
7/31/2021,12:40:00,0,Piney Point,0.23,-0.11,57201.2,1.936,14,6.27,50988,120.8,120.8,7.5,2.81,33.76,51613.2,0.73,7.17,33549,0.46,0,1.175,8.39,-101,30.668,1.934,5.03,0
7/31/2021,12:50:00,0,Piney Point,0.19,-0.3,57265,1.934,14.09,6.3,50992.9,126.9,126.9,7.88,2.807,33.76,51624.4,0.62,6.81,33556,0.4,0,1.177,8.4,-101.6,30.721,1.933,5.04,0
7/31/2021,13:00:00,0,Piney Point,0.2,-0.24,57226.2,1.93,13.97,6.26,50959,121.7,121.7,7.56,2.801,33.74,51590,0.57,6.66,33533,0.37,0,1.178,8.4,-101.2,30.72,1.93,5.04,0
7/31/2021,13:10:00,0,Piney Point,0.21,-0.2,57266.8,1.931,13.9,6.24,50944.6,130.2,130.2,8.08,2.803,33.73,51581.5,0.67,6.97,33528,0.35,0,1.177,8.42,-102.5,30.771,1.931,5.04,0
7/31/2021,13:20:00,0,Piney Point,0.22,-0.15,57229.8,1.933,13.8,6.21,50913.3,120.8,120.8,7.49,2.806,33.71,51549.6,0.5,6.42,33507,0.5,0,1.178,8.4,-101.5,30.769,1.929,5.04,0
7/31/2021,13:30:00,0,Piney Point,0.27,0.03,57243.6,1.943,13.66,6.16,50907.7,119.5,119.5,7.41,2.82,33.7,51546.1,0.71,7.13,33505,0.54,0,1.177,8.4,-101.3,30.787,1.941,5.04,0
7/31/2021,13:40:00,0,Piney Point,0.22,-0.17,57320.3,1.954,13.57,6.13,50909.8,125.1,125.1,7.75,2.836,33.71,51556.1,0.53,6.52,33511,0.27,0,1.177,8.41,-101.9,30.854,1.952,5.03,0
7/31/2021,13:50:00,0,Piney Point,0.18,-0.32,57363.6,1.966,13.47,6.09,50916.8,124.4,124.4,7.7,2.853,33.72,51567,0.55,6.58,33519,0.32,0,1.175,8.41,-102,30.885,1.965,5.04,0
7/31/2021,14:00:00,0,Piney Point,0.3,0.15,57430,1.977,13.32,6.05,50939.8,122.7,122.7,7.59,2.869,33.73,51594.6,0.75,7.26,33537,0.35,0,1.177,8.41,-101.8,30.921,1.977,5.04,0
7/31/2021,14:10:00,0,Piney Point,0.22,-0.16,57506.7,1.989,13.32,6.05,50955.5,124.2,124.2,7.68,2.887,33.75,51616.9,0.72,7.15,33551,0.3,0,1.178,8.41,-102,30.974,1.988,5.04,0
7/31/2021,14:20:00,0,Piney Point,0.29,0.13,57585,2.01,13.33,6.05,50980,124.8,124.8,7.71,2.917,33.77,51647.1,1.06,8.3,33571,0.33,0,1.18,8.41,-102.2,31.02,2.008,5.04,0
7/31/2021,14:30:00,0,Piney Point,0.23,-0.14,57652.5,2.028,13.25,6.02,51004.4,124.7,124.7,7.7,2.943,33.79,51676.2,0.69,7.06,33590,3.18,0,1.181,8.41,-102.4,31.055,2.027,5.04,0
7/31/2021,14:40:00,0,Piney Point,0.16,-0.39,57709.7,2.052,13.06,5.96,51006.2,130.8,130.8,8.07,2.979,33.79,51683.9,0.64,6.88,33595,0.44,0,1.184,8.42,-102.9,31.104,2.053,5.04,0
7/31/2021,14:50:00,0,Piney Point,0.21,-0.19,57782.3,2.069,12.96,5.93,51043.8,128.5,128.5,7.92,3.003,33.82,51725.2,0.64,6.87,33621,0.43,0,1.186,8.42,-102.7,31.131,2.069,5.04,0
7/31/2021,15:00:00,0,Piney Point,0.19,-0.3,57858.2,2.082,12.66,5.82,51071.1,128.7,128.7,7.93,3.022,33.85,51757.7,0.53,6.51,33642,0.29,0,1.189,8.42,-102.8,31.171,2.082,5.04,0
7/31/2021,15:10:00,0,Piney Point,0.2,-0.25,57920.1,2.092,12.44,5.75,51092.5,127.6,127.6,7.85,3.036,33.86,51783.4,0.69,7.04,33659,0.54,0,1.18,8.42,-102.7,31.205,2.091,5.04,0
7/31/2021,15:20:00,0,Piney Point,0.22,-0.15,57970.7,2.1,12.45,5.76,51111,126.4,126.4,7.78,3.048,33.88,51805.4,0.75,7.27,33673,0.49,0,1.179,8.42,-102.5,31.231,2.099,5.04,0
7/31/2021,15:30:00,0,Piney Point,0.21,-0.2,58028.7,2.112,12.34,5.72,51122.7,129.8,129.8,7.98,3.065,33.89,51822.1,0.65,6.9,33684,0.47,0,1.183,8.42,-103,31.271,2.114,5.04,0
7/31/2021,15:40:00,0,Piney Point,0.24,-0.07,58102.3,2.115,12.11,5.64,51150.8,127.3,127.3,7.82,3.069,33.91,51855,0.7,7.09,33706,0.52,0,1.183,8.42,-102.6,31.308,2.112,5.04,0
7/31/2021,15:50:00,0,Piney Point,0.23,-0.13,58129.1,2.122,12.19,5.67,51152.9,128.9,128.9,7.92,3.08,33.92,51859.8,0.77,7.32,33709,0.47,0,1.183,8.42,-102.9,31.329,2.125,5.04,0
7/31/2021,16:00:00,0,Piney Point,0.24,-0.07,58152.7,2.133,12.22,5.68,51159.5,130,130,7.98,3.096,33.92,51868.2,0.69,7.05,33714,0.36,0,1.185,8.42,-103.1,31.344,2.133,5.04,0
7/31/2021,16:10:00,0,Piney Point,0.28,0.07,58198.5,2.14,12.23,5.68,51163,133.1,133.1,8.17,3.106,33.93,51876.3,0.65,6.92,33720,0.54,0,1.184,8.43,-103.4,31.381,2.142,5.04,0
7/31/2021,16:20:00,0,Piney Point,0.24,-0.07,58241.7,2.145,12.05,5.62,51174.3,134.5,134.5,8.25,3.114,33.94,51891,0.62,6.82,33729,0.53,0,1.183,8.43,-103.7,31.408,2.143,5.04,0
7/31/2021,16:30:00,0,Piney Point,0.19,-0.3,58276.1,2.151,12.04,5.62,51179.7,133.1,133.1,8.16,3.121,33.94,51899.5,0.56,6.6,33735,0.53,0,1.184,8.43,-103.5,31.433,2.146,5.04,0
7/31/2021,16:40:00,0,Piney Point,0.24,-0.1,58301.7,2.16,12.09,5.63,51180,136,136,8.34,3.135,33.94,51902.6,0.75,7.24,33737,0.45,0,1.184,8.44,-104,31.455,2.16,5.04,0
7/31/2021,16:50:00,0,Piney Point,0.24,-0.09,58328,2.167,13.65,6.15,51179.2,135.9,135.9,8.33,3.145,33.94,51904.7,0.81,7.46,33738,0.43,0,1.186,8.44,-103.9,31.479,2.169,5.03,0
7/31/2021,17:00:00,0,Piney Point,0.25,-0.05,58349,2.171,13.89,6.24,51181.8,135.9,135.9,8.33,3.151,33.95,51909.3,0.72,7.17,33741,0.5,0,1.186,8.44,-104,31.495,2.167,5.04,0
7/31/2021,17:10:00,0,Piney Point,0.24,-0.09,58378.3,2.182,12.23,5.68,51177.2,140.3,140.3,8.59,3.167,33.94,51908.4,0.69,7.06,33740,0.37,0,1.186,8.45,-104.6,31.526,2.178,5.04,0
7/31/2021,17:20:00,0,Piney Point,0.24,-0.1,58396.8,2.19,12.07,5.63,51178.8,140.7,140.7,8.61,3.178,33.95,51911.8,0.65,6.93,33743,0.49,0,1.186,8.45,-104.6,31.541,2.189,5.04,0
7/31/2021,17:30:00,0,Piney Point,0.23,-0.13,58413.9,2.202,14.27,6.36,51188.1,140.4,140.4,8.59,3.196,33.95,51921.9,0.76,7.29,33749,0.59,0,1.185,8.45,-104.7,31.546,2.203,5.04,0
7/31/2021,17:40:00,0,Piney Point,0.27,0.05,58434.7,2.208,11.78,5.53,51203.6,138.5,138.5,8.48,3.204,33.96,51938,0.8,7.44,33760,0.41,0,1.186,8.45,-104.5,31.549,2.205,5.04,0
7/31/2021,17:50:00,0,Piney Point,0.25,-0.03,58446.8,2.213,11.8,5.54,51210.3,138.3,138.3,8.47,3.212,33.97,51945.2,0.65,6.92,33764,0.46,0,1.186,8.45,-104.5,31.553,2.217,5.04,0
7/31/2021,18:00:00,0,Piney Point,0.2,-0.26,58459.2,2.216,12.02,5.61,51212.2,139.1,139.1,8.51,3.216,33.97,51948.2,0.53,6.5,33766,0.46,0,1.185,8.45,-104.7,31.562,2.214,5.04,0
7/31/2021,18:10:00,0,Piney Point,0.26,0.01,58468.9,2.222,11.89,5.57,51216.4,139.2,139.2,8.52,3.226,33.98,51953.1,0.63,6.86,33770,0.43,0,1.184,8.45,-104.7,31.566,2.223,5.04,0
7/31/2021,18:20:00,0,Piney Point,0.21,-0.22,58470.9,2.224,11.93,5.58,51222,137.5,137.5,8.41,3.228,33.98,51958.2,0.65,6.92,33773,7249.34,0,1.185,8.45,-104.6,31.562,2.222,5.04,0
7/31/2021,18:30:00,0,Piney Point,0.24,-0.1,58467.3,2.231,11.74,5.52,51222.3,137.1,137.1,8.39,3.238,33.98,51958.1,0.55,6.59,33773,0.84,0,1.185,8.45,-104.6,31.559,2.23,5.04,0
7/31/2021,18:40:00,0,Piney Point,0.33,0.3,58471.4,2.234,11.98,5.6,51221,139.1,139.1,8.51,3.243,33.98,51957.5,0.88,7.7,33772,0.44,0,1.186,8.45,-104.9,31.564,2.237,5.04,0
7/31/2021,18:50:00,0,Piney Point,0.31,0.19,58467.9,2.23,11.86,5.56,51218.5,136.3,136.3,8.34,3.236,33.98,51954.9,0.75,7.27,33771,0.5,0,1.185,8.44,-104.4,31.563,2.23,5.04,0
7/31/2021,19:00:00,0,Piney Point,0.28,0.08,58465.2,2.228,11.93,5.58,51216.2,139.3,139.3,8.53,3.234,33.98,51952.5,0.68,7.03,33769,0.45,0,1.186,8.45,-105,31.563,2.227,5.04,0
7/31/2021,19:10:00,0,Piney Point,0.28,0.07,58461.9,2.225,11.95,5.59,51213.1,139.4,139.4,8.53,3.229,33.97,51949.4,0.64,6.89,33767,0.43,0,1.185,8.45,-105,31.564,2.224,5.04,0
7/31/2021,19:20:00,0,Piney Point,0.26,-0.02,58460.7,2.224,11.91,5.57,51220.5,140.2,140.2,8.58,3.227,33.98,51955.8,0.77,7.31,33771,0.43,0,1.185,8.46,-105.2,31.555,2.223,5.04,0
7/31/2021,19:30:00,0,Piney Point,0.2,-0.23,58451.6,2.226,11.96,5.59,51219.3,138.5,138.5,8.48,3.231,33.98,51953.8,0.75,7.25,33770,0.46,0,1.186,8.46,-105,31.548,2.225,5.03,0
7/31/2021,19:40:00,0,Piney Point,0.31,0.21,58445,2.226,12,5.61,51229.3,138.3,138.3,8.46,3.231,33.98,51962,0.79,7.4,33775,1.02,0,1.187,8.45,-104.8,31.532,2.228,5.04,0
7/31/2021,19:50:00,0,Piney Point,0.27,0.03,58433.2,2.219,12.11,5.64,51234.9,139,139,8.51,3.221,33.99,51965.7,0.79,7.4,33778,0.45,0,1.186,8.46,-105.1,31.516,2.221,5.05,0
7/31/2021,20:00:00,0,Piney Point,0.25,-0.03,58429.6,2.215,12.08,5.63,51235.8,139.6,139.6,8.55,3.215,33.99,51966.1,0.64,6.89,33778,0.29,0,1.187,8.46,-105.1,31.512,2.216,5.04,0
7/31/2021,20:10:00,0,Piney Point,0.29,0.11,58417.3,2.207,12.08,5.63,51239,135.1,135.1,8.27,3.203,33.99,51967.6,0.69,7.07,33779,0.36,0,1.188,8.45,-104.5,31.498,2.206,5.04,0
7/31/2021,20:20:00,0,Piney Point,0.38,0.5,58392.6,2.199,12.2,5.67,51237.5,136.3,136.3,8.35,3.191,33.99,51963.6,0.98,8.03,33776,0.38,0,1.191,8.45,-104.9,31.478,2.203,5.04,0
7/31/2021,20:30:00,0,Piney Point,0.4,0.55,58375.1,2.186,12.16,5.66,51242.7,135.7,135.7,8.32,3.173,33.99,51966.4,1.2,8.77,33778,0.34,0,1.19,8.45,-104.6,31.457,2.184,5.03,0
7/31/2021,20:40:00,0,Piney Point,0.37,0.45,58357.5,2.173,12.23,5.68,51245.5,133,133,8.15,3.154,33.99,51967,1.02,8.19,33779,0.39,0,1.19,8.45,-104.4,31.438,2.172,5.04,0
7/31/2021,20:50:00,0,Piney Point,0.33,0.3,58345.9,2.165,12.41,5.74,51249.4,128.8,128.8,7.9,3.142,33.99,51969.2,0.86,7.63,33780,0.29,0,1.191,8.43,-103.6,31.424,2.165,5.03,0
7/31/2021,21:00:00,0,Piney Point,0.3,0.17,58323.2,2.152,12.11,5.64,51256.1,128.2,128.2,7.86,3.124,34,51972.7,0.88,7.7,33782,0.42,0,1.177,8.43,-103.5,31.397,2.153,5.04,0
7/31/2021,21:10:00,0,Piney Point,0.38,0.49,58297.4,2.142,12.3,5.7,51259.5,129.2,129.2,7.93,3.109,34,51973,0.89,7.75,33782,0.44,0,1.178,8.43,-103.7,31.371,2.139,5.03,0
7/31/2021,21:20:00,0,Piney Point,0.31,0.21,58283.6,2.139,12.59,5.8,51258.9,128.6,128.6,7.89,3.105,34,51970.9,0.89,7.73,33781,0.38,0,1.185,8.44,-103.7,31.36,2.139,5.04,0
7/31/2021,21:30:00,0,Piney Point,0.37,0.43,58256.7,2.13,12.44,5.75,51253.3,128.8,128.8,7.9,3.092,33.99,51963,1.2,8.79,33776,0.34,0,1.187,8.44,-103.8,31.341,2.133,5.04,0
7/31/2021,21:40:00,0,Piney Point,0.31,0.2,58236.3,2.124,12.51,5.78,51256.2,127.5,127.5,7.83,3.083,33.99,51963.4,1.02,8.17,33776,0.35,0,1.189,8.44,-104,31.32,2.124,5.04,0
7/31/2021,21:50:00,0,Piney Point,0.31,0.21,58211.5,2.12,12.46,5.76,51247.9,127.5,127.5,7.83,3.078,33.99,51953.3,1.04,8.23,33770,0.42,0,1.191,8.44,-104.2,31.307,2.121,5.03,0
7/31/2021,22:00:00,0,Piney Point,0.27,0.03,58185.8,2.118,12.44,5.75,51244.5,127.5,127.5,7.83,3.074,33.98,51947.6,0.9,7.75,33766,0.46,0,1.179,8.44,-104.2,31.287,2.118,5.03,0
7/31/2021,22:10:00,0,Piney Point,0.28,0.08,58152.9,2.112,12.44,5.75,51234.5,127.9,127.9,7.86,3.065,33.97,51935.1,0.81,7.45,33758,0.48,0,1.172,8.45,-104.5,31.268,2.108,5.03,0
7/31/2021,22:20:00,0,Piney Point,0.33,0.29,58115,2.11,12.62,5.81,51226.3,129.7,129.7,7.97,3.062,33.97,51923.7,1.08,8.38,33750,0.41,0,1.176,8.45,-104.7,31.243,2.11,5.04,0
7/31/2021,22:30:00,0,Piney Point,0.32,0.22,58088.9,2.11,12.51,5.78,51223.1,128.6,128.6,7.91,3.063,33.96,51918.1,0.93,7.85,33747,0.31,0,1.178,8.45,-104.6,31.223,2.111,5.03,0
7/31/2021,22:40:00,0,Piney Point,0.27,0.02,58068.2,2.11,12.48,5.77,51223.8,128.4,128.4,7.9,3.063,33.96,51916.5,0.85,7.58,33746,0.33,0,1.172,8.45,-104.6,31.204,2.107,5.03,0
7/31/2021,22:50:00,0,Piney Point,0.24,-0.07,58044.8,2.109,12.59,5.8,51221.7,126.6,126.6,7.79,3.061,33.96,51912,0.77,7.33,33743,0.37,0,1.182,8.45,-104.5,31.185,2.107,5.03,0
7/31/2021,23:00:00,0,Piney Point,0.32,0.23,58013.9,2.109,12.74,5.85,51215.6,126.5,126.5,7.79,3.062,33.95,51903.2,0.95,7.95,33737,0.31,0,1.178,8.45,-104.4,31.164,2.107,5.03,0
7/31/2021,23:10:00,0,Piney Point,0.36,0.41,57984,2.106,12.74,5.85,51210.7,127.3,127.3,7.84,3.056,33.95,51895.7,0.98,8.05,33732,0.4,0,1.175,8.45,-104.5,31.142,2.105,5.04,0
7/31/2021,23:20:00,0,Piney Point,0.29,0.13,57964.7,2.109,12.77,5.86,51209.3,125.7,125.7,7.75,3.061,33.95,51892.4,0.96,7.97,33730,0.49,0,1.175,8.45,-104.4,31.127,2.106,5.03,0
7/31/2021,23:30:00,0,Piney Point,0.3,0.15,57949.6,2.105,12.79,5.87,51209.4,123.1,123.1,7.59,3.056,33.95,51890.9,0.79,7.39,33729,0.48,0,1.175,8.44,-104,31.113,2.1,5.03,0
7/31/2021,23:40:00,0,Piney Point,0.25,-0.05,57924.6,2.103,12.74,5.85,51206.8,122.4,122.4,7.55,3.053,33.94,51885.9,0.85,7.6,33726,0.39,0,1.173,8.44,-104,31.093,2.102,5.03,0
7/31/2021,23:50:00,0,Piney Point,0.23,-0.12,57918.2,2.105,12.64,5.82,51208.7,119.5,119.5,7.37,3.055,33.94,51886.9,0.77,7.33,33726,0.4,0,1.176,8.43,-103.6,31.086,2.101,5.03,0
8/1/2021,0:00:00,0,Piney Point,0.31,0.2,57876.7,2.102,12.73,5.85,51201.9,122.7,122.7,7.57,3.051,33.94,51876.4,0.88,7.7,33720,0.51,0,1.177,8.44,-103.9,31.056,2.1,5.03,0
8/1/2021,0:10:00,0,Piney Point,0.25,-0.06,57869,2.108,12.8,5.87,51199.6,118,118,7.28,3.06,33.94,51873.4,0.85,7.6,33718,0.43,0,1.176,8.43,-103.4,31.051,2.106,5.03,0
8/1/2021,0:20:00,0,Piney Point,0.26,-0.01,57844.7,2.111,13.03,5.95,51194.6,117.8,117.8,7.27,3.064,33.93,51866.3,0.73,7.19,33713,0.47,0,1.175,8.43,-103.4,31.035,2.106,5.03,0
8/1/2021,0:30:00,0,Piney Point,0.34,0.33,57817.3,2.121,13.06,5.96,51201,119.5,119.5,7.38,3.079,33.93,51869.2,0.91,7.81,33715,0.47,0,1.175,8.43,-103.6,31.004,2.12,5.03,0
8/1/2021,0:40:00,0,Piney Point,0.26,0,57822,2.13,13.13,5.98,51212.2,117.5,117.5,7.25,3.091,33.94,51879.7,0.9,7.75,33722,0.39,0,1.173,8.43,-103.4,30.997,2.125,5.03,0
8/1/2021,0:50:00,0,Piney Point,0.49,0.92,57815.6,2.131,12.87,5.9,51230.8,119.2,119.2,7.36,3.093,33.95,51895.5,1.31,9.14,33732,0.37,0,1.172,8.43,-103.6,30.973,2.132,5.03,0
8/1/2021,1:00:00,0,Piney Point,0.53,1.07,57794.7,2.141,13.24,6.02,51246.9,120.3,120.3,7.43,3.107,33.96,51907.7,1.33,9.22,33740,0.4,0,1.172,8.44,-104,30.938,2.14,5.03,0
8/1/2021,1:10:00,0,Piney Point,0.31,0.21,57797.2,2.139,13.04,5.95,51251.3,116.5,116.5,7.2,3.105,33.97,51911.9,0.95,7.93,33743,0.35,0,1.174,8.43,-103.4,30.936,2.138,5.03,0
8/1/2021,1:20:00,0,Piney Point,0.31,0.21,57789.8,2.14,12.93,5.92,51256.5,115.9,115.9,7.16,3.106,33.97,51915.7,0.99,8.06,33745,0.36,0,1.179,8.43,-103.2,30.924,2.135,5.03,0
8/1/2021,1:30:00,0,Piney Point,0.29,0.12,57786.8,2.144,12.86,5.89,51257.8,111.7,111.7,6.9,3.112,33.97,51916.6,1.06,8.31,33746,0.32,0,1.179,8.42,-102.6,30.92,2.141,5.03,0
8/1/2021,1:40:00,0,Piney Point,0.32,0.25,57758.6,2.153,12.98,5.93,51257.6,114,114,7.05,3.125,33.97,51913.4,0.94,7.92,33744,0.26,0,1.182,8.42,-102.9,30.895,2.153,5.03,0
8/1/2021,1:50:00,0,Piney Point,0.51,1,57762.8,2.165,12.79,5.87,51275.2,114,114,7.05,3.142,33.98,51929.5,1.36,9.33,33754,0.33,0,1.181,8.42,-102.9,30.881,2.166,5.02,0
8/1/2021,2:00:00,0,Piney Point,0.51,1.03,57767.4,2.181,12.79,5.87,51306.8,113.6,113.6,7.03,3.166,34.01,51958.2,1.43,9.55,33773,0.31,0,1.181,8.42,-102.9,30.854,2.18,5.02,0
8/1/2021,2:10:00,0,Piney Point,0.5,0.98,57789.6,2.19,12.65,5.82,51343.8,111.9,111.9,6.92,3.18,34.03,51993.6,1.41,9.49,33796,0.34,0,1.182,8.42,-102.4,30.836,2.188,5.03,0
8/1/2021,2:20:00,0,Piney Point,0.49,0.92,57814.8,2.204,12.43,5.75,51378.4,110.1,110.1,6.81,3.2,34.06,52027.2,1.32,9.2,33818,0.36,0,1.182,8.41,-102,30.824,2.203,5.03,0
8/1/2021,2:30:00,0,Piney Point,0.81,2.23,57851.2,2.216,12.41,5.74,51426.5,109.3,109.3,6.77,3.218,34.09,52073.9,1.98,11.42,33848,0.45,0,1.182,8.4,-101.8,30.809,2.216,5.03,0
8/1/2021,2:40:00,0,Piney Point,0.64,1.52,57883.7,2.233,12.49,5.77,51466.2,107,107,6.62,3.241,34.12,52112.9,1.85,10.99,33873,1.42,0,1.184,8.39,-101.1,30.798,2.232,5.02,0
8/1/2021,2:50:00,0,Piney Point,0.43,0.71,57908.1,2.244,12.38,5.73,51497.5,103.6,103.6,6.41,3.258,34.14,52143.4,1.41,9.5,33893,0.45,0,1.182,8.38,-100.4,30.788,2.243,5.02,0
8/1/2021,3:00:00,0,Piney Point,0.59,1.35,57928,2.257,12.35,5.72,51523.4,102.5,102.5,6.34,3.276,34.16,52168.7,2.07,11.74,33910,1.56,0,1.183,8.38,-100,30.78,2.255,5.02,0
8/1/2021,3:10:00,0,Piney Point,0.5,0.97,57940.2,2.26,12.34,5.72,51544.5,101.2,101.2,6.26,3.282,34.18,52188.8,1.3,9.13,33923,0.48,0,1.184,8.37,-99.7,30.77,2.26,5.02,0
8/1/2021,3:20:00,0,Piney Point,0.62,1.45,57954,2.272,12.22,5.68,51569.3,100.9,100.9,6.24,3.299,34.2,52212.4,1.79,10.79,33938,0.46,0,1.186,8.37,-99.6,30.757,2.269,5.03,0
8/1/2021,3:30:00,0,Piney Point,0.72,1.85,57957.9,2.281,11.87,5.56,51591.1,98.7,98.7,6.11,3.312,34.21,52232.3,1.89,11.14,33951,0.51,0,1.185,8.36,-99,30.739,2.277,5.02,0
8/1/2021,3:40:00,0,Piney Point,0.49,0.94,57963.3,2.299,11.85,5.55,51599,95.1,95.1,5.89,3.338,34.22,52239.9,1.59,10.12,33956,0.46,0,1.187,8.35,-98.4,30.736,2.296,5.03,0
8/1/2021,3:50:00,0,Piney Point,0.73,1.9,57972.8,2.311,12.19,5.67,51623.6,93.4,93.4,5.78,3.355,34.23,52262.9,2.19,12.13,33971,0.67,0,1.187,8.34,-98,30.72,2.312,5.03,0
8/1/2021,4:00:00,0,Piney Point,0.74,1.96,57979.7,2.318,11.72,5.51,51649.2,91.4,91.4,5.66,3.366,34.25,52286.4,2.04,11.64,33986,0.55,0,1.188,8.33,-97.5,30.701,2.317,5.02,0
8/1/2021,4:10:00,0,Piney Point,0.74,1.95,57971.2,2.336,11.45,5.42,51666.2,89.6,89.6,5.55,3.392,34.26,52300.7,2.04,11.64,33995,0.58,0,1.188,8.33,-97.1,30.676,2.335,5.03,0
8/1/2021,4:20:00,0,Piney Point,0.62,1.47,57974.8,2.352,11.7,5.5,51670.9,86,86,5.33,3.416,34.27,52305.3,1.66,10.33,33998,0.54,0,1.187,8.32,-96.5,30.675,2.353,5.02,0
8/1/2021,4:30:00,0,Piney Point,0.45,0.77,57977.3,2.359,11.64,5.49,51681.7,85.1,85.1,5.27,3.425,34.28,52315.2,1.56,10,34005,0.93,0,1.187,8.32,-96.5,30.667,2.357,5.02,0
8/1/2021,4:40:00,0,Piney Point,0.82,2.26,57950.2,2.373,11.51,5.44,51705.2,88.7,88.7,5.5,3.445,34.29,52333.3,2.33,12.61,34017,0.79,0,1.189,8.32,-96.9,30.619,2.372,5.02,0
8/1/2021,4:50:00,0,Piney Point,0.63,1.5,57948.8,2.379,11.64,5.48,51711,87.8,87.8,5.45,3.455,34.29,52338.3,1.83,10.94,34020,1.1,0,1.189,8.32,-96.9,30.612,2.377,5.02,0
8/1/2021,5:00:00,0,Piney Point,0.59,1.35,57936.9,2.392,11.47,5.43,51707.7,86.9,86.9,5.39,3.474,34.29,52334.1,1.9,11.14,34017,0.65,0,1.189,8.32,-96.8,30.605,2.39,5.02,0
8/1/2021,5:10:00,0,Piney Point,0.63,1.49,57920.1,2.404,11.44,5.42,51718.5,89.2,89.2,5.53,3.49,34.3,52342,1.68,10.4,34022,0.72,0,1.187,8.33,-97.1,30.58,2.402,5.02,0
8/1/2021,5:20:00,0,Piney Point,0.52,1.06,57908.5,2.417,11.44,5.42,51720.5,88.1,88.1,5.46,3.51,34.3,52342.5,1.61,10.16,34023,0.8,0,1.186,8.33,-96.9,30.567,2.414,5.02,0
8/1/2021,5:30:00,0,Piney Point,0.47,0.86,57901.5,2.424,11.35,5.39,51726.5,85.9,85.9,5.33,3.521,34.3,52347.1,1.54,9.93,34026,0.84,0,1.186,8.32,-96.6,30.555,2.425,5.02,0
8/1/2021,5:40:00,0,Piney Point,0.62,1.47,57868.5,2.425,11.03,5.28,51738.2,89.7,89.7,5.57,3.522,34.31,52354,1.78,10.76,34030,0.84,0,1.185,8.33,-97.3,30.515,2.424,5.02,0
8/1/2021,5:50:00,0,Piney Point,0.76,2.04,57866.9,2.439,11.5,5.44,51743.6,88.4,88.4,5.49,3.543,34.31,52358.7,3.73,17.37,34033,0.69,0,1.184,8.33,-97,30.508,2.436,5.02,0
8/1/2021,6:00:00,0,Piney Point,0.7,1.79,57855.1,2.448,11.34,5.39,51761.4,88.5,88.5,5.5,3.555,34.32,52373.3,2.24,12.31,34043,0.93,0,1.181,8.33,-97.1,30.48,2.445,5.02,0
8/1/2021,6:10:00,0,Piney Point,0.82,2.28,57849.3,2.461,11.31,5.38,51779.3,89.7,89.7,5.57,3.573,34.34,52388.8,2.66,13.75,34053,0.83,0,1.18,8.33,-97.2,30.457,2.46,5.03,0
8/1/2021,6:20:00,0,Piney Point,0.74,1.93,57842.5,2.473,11.45,5.42,51789.5,88.1,88.1,5.47,3.592,34.34,52397.1,2.11,11.86,34058,1.1,0,1.179,8.33,-97,30.441,2.472,5.03,0
8/1/2021,6:30:00,0,Piney Point,0.85,2.39,57828.3,2.476,11.16,5.33,51813.3,89,89,5.53,3.597,34.36,52416.9,2.7,13.88,34071,1.02,0,1.178,8.33,-96.9,30.405,2.475,5.02,0
8/1/2021,6:40:00,0,Piney Point,0.83,2.29,57815.9,2.474,11.09,5.3,51817.4,88,88,5.47,3.593,34.36,52419.2,2.39,12.83,34072,1.04,0,1.178,8.32,-96.7,30.39,2.476,5.02,0
8/1/2021,6:50:00,0,Piney Point,0.83,2.32,57812.2,2.47,11.16,5.32,51817.1,86,86,5.35,3.587,34.36,52418.5,2.12,11.92,34072,1.22,0,1.175,8.32,-96.5,30.387,2.47,5.02,0
8/1/2021,7:00:00,0,Piney Point,0.43,0.69,57806.9,2.464,10.92,5.25,51811.5,83.4,83.4,5.19,3.579,34.36,52413,1.39,9.42,34068,1.2,0,1.174,8.31,-95.9,30.388,2.466,5.02,0
8/1/2021,7:10:00,0,Piney Point,0.92,2.66,57760.4,2.449,11.34,5.39,51790,86.5,86.5,5.38,3.557,34.34,52388.8,2.31,12.55,34053,1.04,0,1.175,8.32,-96.6,30.368,2.446,5.02,0
8/1/2021,7:20:00,0,Piney Point,0.49,0.93,57770.3,2.439,11.69,5.5,51786.1,81.4,81.4,5.06,3.543,34.34,52386.4,1.56,10.01,34051,0.92,0,1.191,8.31,-96.1,30.381,2.435,5.02,0
8/1/2021,7:30:00,0,Piney Point,0.59,1.35,57769,2.432,11.47,5.43,51776.1,77.1,77.1,4.8,3.532,34.33,52377.4,1.13,8.55,34045,1.44,0,1.183,8.29,-95,30.389,2.433,5.02,0
8/1/2021,7:40:00,0,Piney Point,0.48,0.87,57774.1,2.42,11.5,5.44,51775.9,73.7,73.7,4.59,3.514,34.33,52377.7,1.64,10.29,34046,1.06,0,1.18,8.29,-94.5,30.394,2.418,5.02,0
8/1/2021,7:50:00,0,Piney Point,0.51,1,57774.8,2.413,11.83,5.55,51771.7,70,70,4.35,3.504,34.33,52374,2.32,12.6,34043,0.9,0,1.174,8.27,-93.7,30.399,2.411,5.02,0
8/1/2021,8:00:00,0,Piney Point,0.58,1.29,57752.4,2.405,11.83,5.55,51756.8,71.7,71.7,4.46,3.493,34.32,52358.4,1.64,10.28,34033,1.01,0,1.179,8.28,-94,30.394,2.405,5.02,0
8/1/2021,8:10:00,0,Piney Point,0.6,1.36,57731.8,2.393,11.96,5.59,51741.8,72.1,72.1,4.49,3.475,34.31,52342.7,1.93,11.26,34023,0.74,0,1.191,8.28,-94.1,30.39,2.391,5.02,0
8/1/2021,8:20:00,0,Piney Point,0.4,0.55,57722.2,2.384,12.15,5.65,51729.9,71.8,71.8,4.47,3.462,34.3,52331.1,1.58,10.08,34015,0.99,0,1.172,8.28,-94.1,30.394,2.383,5.02,0
8/1/2021,8:30:00,0,Piney Point,0.3,0.15,57719.1,2.385,12.1,5.64,51717.6,72.5,72.5,4.51,3.464,34.29,52319.8,1.17,8.67,34008,0.72,0,1.174,8.28,-94.4,30.403,2.385,5.02,0
8/1/2021,8:40:00,0,Piney Point,0.31,0.18,57744.2,2.376,12.17,5.66,51729.5,64.3,64.3,4,3.451,34.3,52333.1,1.23,8.88,34017,0.75,0,1.174,8.26,-92.9,30.413,2.373,5.02,0
8/1/2021,8:50:00,0,Piney Point,0.47,0.85,57676.6,2.378,12.19,5.67,51693,71.9,71.9,4.47,3.454,34.27,52293.3,1.46,9.68,33991,0.81,0,1.178,8.28,-94.3,30.39,2.378,5.02,0
8/1/2021,9:00:00,0,Piney Point,0.34,0.31,57678.7,2.374,12.05,5.62,51687.9,70.6,70.6,4.39,3.448,34.27,52289,1.25,8.95,33988,0.86,0,1.175,8.28,-94.1,30.397,2.373,5.02,0
8/1/2021,9:10:00,0,Piney Point,0.27,0.03,57701.5,2.365,12.24,5.68,51693.5,71.1,71.1,4.42,3.435,34.27,52296.4,1.21,8.8,33993,0.65,0,1.172,8.28,-94.1,30.411,2.362,5.02,0
8/1/2021,9:20:00,0,Piney Point,0.29,0.11,57731.4,2.355,12.22,5.68,51697.7,67.5,67.5,4.2,3.42,34.27,52303.4,0.96,7.95,33997,0.64,0,1.188,8.27,-93.4,30.434,2.357,5.02,0
8/1/2021,9:30:00,0,Piney Point,0.26,0,57685.5,2.331,12.33,5.72,51650.6,73.9,73.9,4.6,3.385,34.24,52256.4,1.04,8.23,33967,0.55,0,1.178,8.29,-94.7,30.439,2.329,5.02,0
8/1/2021,9:40:00,0,Piney Point,0.26,0.01,57716.2,2.309,12.44,5.75,51659.7,76.2,76.2,4.74,3.353,34.25,52267.8,0.83,7.54,33974,0.51,0,1.174,8.29,-95.1,30.458,2.31,5.02,0
8/1/2021,9:50:00,0,Piney Point,0.23,-0.1,57746.9,2.288,12.43,5.75,51660.8,76,76,4.72,3.323,34.25,52272,0.93,7.85,33977,0.61,0,1.18,8.29,-95,30.484,2.286,5.02,0
8/1/2021,10:00:00,0,Piney Point,0.24,-0.06,57757.1,2.253,12.66,5.83,51642.2,79.7,79.7,4.95,3.271,34.24,52256.5,0.92,7.82,33967,0.62,0,1.175,8.3,-95.4,30.511,2.25,5.02,0
8/1/2021,10:10:00,0,Piney Point,0.22,-0.17,57629.6,2.227,12.96,5.92,51540.4,89,89,5.54,3.234,34.16,52152,0.75,7.27,33899,0.42,0,1.172,8.34,-97.9,30.499,2.226,5.01,0
8/1/2021,10:20:00,0,Piney Point,0.26,-0.01,57567,2.192,12.86,5.89,51466.1,92.2,92.2,5.73,3.183,34.11,52079,0.84,7.57,33851,0.34,0,1.188,8.35,-98.6,30.517,2.192,5.02,0
8/1/2021,10:30:00,0,Piney Point,0.35,0.35,57521.5,2.165,13.09,5.97,51415.7,94.2,94.2,5.86,3.144,34.07,52029.2,1.05,8.27,33819,0.46,0,1.191,8.36,-99.3,30.527,2.167,5.02,0
8/1/2021,10:40:00,0,Piney Point,0.4,0.55,57516.1,2.139,13.19,6,51387.5,96.6,96.6,6,3.105,34.05,52003.4,1.16,8.64,33802,0.61,0,1.182,8.37,-99.6,30.55,2.137,5.02,0
8/1/2021,10:50:00,0,Piney Point,0.34,0.32,57522.1,2.119,13.29,6.04,51366.7,98.4,98.4,6.11,3.076,34.04,51985.5,1,8.12,33791,0.47,0,1.174,8.38,-100,30.576,2.118,5.02,0
8/1/2021,11:00:00,0,Piney Point,0.45,0.76,57525.4,2.102,13.4,6.07,51343.9,100.3,100.3,6.23,3.052,34.02,51965.5,1.28,9.07,33778,0.4,0,1.179,8.38,-100.2,30.602,2.101,5.02,0
8/1/2021,11:10:00,0,Piney Point,0.5,0.96,57541.2,2.084,13.48,6.1,51334.5,102,102,6.33,3.025,34.01,51958.8,1.45,9.63,33773,0.36,0,1.191,8.38,-100.5,30.625,2.083,5.02,0
8/1/2021,11:20:00,0,Piney Point,0.5,0.96,57561.2,2.07,13.53,6.11,51324.9,103.6,103.6,6.43,3.005,34.01,51952.3,1.33,9.22,33769,0.34,0,1.181,8.38,-100.5,30.652,2.067,5.02,0
8/1/2021,11:30:00,0,Piney Point,0.56,1.23,57570.4,2.054,13.46,6.09,51312.6,105.6,105.6,6.55,2.982,34,51942.3,1.59,10.11,33763,0.41,0,1.184,8.39,-100.7,30.673,2.053,5.02,0
8/1/2021,11:40:00,0,Piney Point,0.7,1.78,57575.5,2.038,13.2,6,51291.4,108,108,6.7,2.959,33.99,51924,1.57,10.03,33751,0.41,0,1.181,8.39,-101,30.699,2.037,5.02,0
8/1/2021,11:50:00,0,Piney Point,0.5,0.97,57596.6,2.029,13.38,6.07,51279.8,110.2,110.2,6.83,2.945,33.98,51915.9,1.49,9.77,33745,0.34,0,1.188,8.39,-101.2,30.729,2.028,5.02,0
8/1/2021,12:00:00,0,Piney Point,0.56,1.21,57605.1,2.019,13.47,6.1,51266.2,109.8,109.8,6.8,2.932,33.97,51904.6,1.09,8.41,33738,0.32,0,1.177,8.39,-100.9,30.75,2.018,5.01,0
8/1/2021,12:10:00,0,Piney Point,0.51,1,57639.4,2.005,13.36,6.06,51256.1,111.9,111.9,6.93,2.911,33.96,51899.3,1.43,9.58,33735,0.37,0,1.185,8.4,-101.2,30.791,2.006,5.02,0
8/1/2021,12:20:00,0,Piney Point,0.44,0.74,57677.9,1.99,13.45,6.09,51246.8,115.7,115.7,7.16,2.889,33.96,51895.1,1.3,9.12,33732,0.52,0,1.178,8.4,-101.6,30.834,1.987,5.02,0
8/1/2021,12:30:00,0,Piney Point,0.5,0.98,57691.6,1.97,13.5,6.11,51232.1,115.4,115.4,7.14,2.859,33.95,51883.4,1.51,9.85,33724,0.42,0,1.174,8.4,-101.6,30.861,1.966,5.02,0
8/1/2021,12:40:00,0,Piney Point,0.42,0.63,57729.8,1.955,13.32,6.04,51225.2,116.6,116.6,7.21,2.839,33.95,51881.4,1.09,8.41,33723,0.47,0,1.183,8.4,-101.6,30.902,1.955,5.02,0
8/1/2021,12:50:00,0,Piney Point,0.46,0.81,57758,1.943,13.44,6.08,51210.4,119.2,119.2,7.37,2.821,33.94,51871.1,1.46,9.68,33716,0.34,0,1.184,8.4,-101.8,30.942,1.944,5.02,0
8/1/2021,13:00:00,0,Piney Point,0.44,0.72,57781.8,1.94,13.41,6.07,51200.2,119.4,119.4,7.38,2.816,33.93,51864.7,1.02,8.17,33712,0.39,0,1.185,8.4,-101.7,30.973,1.943,5.02,0
8/1/2021,13:10:00,0,Piney Point,0.49,0.93,57781.3,1.932,13.42,6.08,51197.1,117.4,117.4,7.25,2.804,33.93,51861.8,1.44,9.6,33710,0.44,0,1.187,8.4,-101.4,30.976,1.934,5.02,0
8/1/2021,13:20:00,0,Piney Point,0.4,0.54,57844.5,1.924,13.37,6.06,51201.9,120.3,120.3,7.42,2.793,33.94,51872.8,1.17,8.66,33717,0.38,0,1.185,8.4,-101.8,31.027,1.93,5.02,0
8/1/2021,13:30:00,0,Piney Point,0.62,1.45,57871.6,1.92,13.29,6.04,51194.2,122.6,122.6,7.56,2.786,33.93,51868.9,1.58,10.07,33715,0.34,0,1.187,8.41,-101.9,31.059,1.92,5.02,0
8/1/2021,13:40:00,0,Piney Point,0.48,0.88,57912.4,1.908,13.23,6.01,51184.8,124.4,124.4,7.67,2.769,33.93,51865,1.14,8.6,33712,0.3,0,1.189,8.41,-102.1,31.105,1.908,5.02,0
8/1/2021,13:50:00,0,Piney Point,0.44,0.74,57948.3,1.892,13.28,6.03,51175.2,128.4,128.4,7.91,2.746,33.92,51860.2,2.16,12.03,33709,0.29,0,1.181,8.42,-102.7,31.146,1.889,5.02,0
8/1/2021,14:00:00,0,Piney Point,0.56,1.21,57993.7,1.883,13.22,6.01,51158.7,131.4,131.4,8.09,2.733,33.91,51850.4,0.97,8,33703,0.56,0,1.175,8.42,-103,31.203,1.883,5.02,0
8/1/2021,14:10:00,0,Piney Point,0.38,0.49,58027.4,1.871,13.33,6.05,51145.2,130.9,130.9,8.05,2.715,33.91,51842,0.94,7.91,33697,0.38,0,1.175,8.42,-103,31.247,1.868,5.02,0
8/1/2021,14:20:00,0,Piney Point,0.32,0.23,58061.8,1.866,13.13,5.98,51132.7,133.9,133.9,8.23,2.708,33.9,51834.5,0.91,7.8,33692,0.39,0,1.182,8.43,-103.4,31.29,1.864,5.02,0
8/1/2021,14:30:00,0,Piney Point,0.36,0.4,58097.1,1.853,13.39,6.07,51124.3,134.9,134.9,8.29,2.689,33.89,51830.9,0.81,7.45,33690,0.28,0,1.183,8.43,-103.6,31.33,1.852,5.02,0
8/1/2021,14:40:00,0,Piney Point,0.33,0.26,58130.7,1.854,13.38,6.06,51111,136.6,136.6,8.38,2.691,33.89,51822.7,0.83,7.53,33685,0.3,0,1.188,8.43,-103.6,31.373,1.853,5.02,0
8/1/2021,14:50:00,0,Piney Point,0.26,0.01,58174.9,1.849,13.1,5.97,51105.8,137,137,8.41,2.684,33.88,51822.7,0.9,7.77,33685,0.29,0,1.182,8.43,-103.7,31.418,1.851,5.02,0
8/1/2021,15:00:00,0,Piney Point,0.63,1.48,58229.3,1.861,13.14,5.98,51104.5,138.2,138.2,8.47,2.701,33.89,51827.5,1.12,8.51,33688,0.39,0,1.175,8.44,-104,31.467,1.86,5.02,0
8/1/2021,15:10:00,0,Piney Point,0.39,0.54,58308.6,1.879,13.1,5.97,51112.1,142.6,142.6,8.73,2.727,33.9,51842.8,0.9,7.77,33698,0.33,0,1.173,8.45,-104.6,31.53,1.88,5.02,0
8/1/2021,15:20:00,0,Piney Point,0.45,0.78,58359.6,1.899,13.18,6,51116.7,147.5,147.5,9.03,2.756,33.9,51852.4,1.32,9.21,33704,0.39,0,1.179,8.46,-105,31.57,1.899,5.02,0
8/1/2021,15:30:00,0,Piney Point,0.38,0.5,58425.6,1.907,12.77,5.86,51134.5,145.1,145.1,8.87,2.768,33.92,51875.4,1.13,8.55,33719,0.57,0,1.181,8.45,-104.7,31.611,1.906,5.02,0
8/1/2021,15:40:00,0,Piney Point,0.51,1.03,58489.8,1.917,12.62,5.81,51144.6,146.3,146.3,8.94,2.782,33.93,51891.3,1.11,8.47,33729,0.41,0,1.184,8.45,-105,31.658,1.918,5.02,0
8/1/2021,15:50:00,0,Piney Point,0.49,0.93,58531.6,1.933,12.62,5.81,51153.1,147,147,8.98,2.805,33.93,51903.5,1.52,9.86,33737,0.76,0,1.187,8.46,-105.2,31.686,1.934,5.02,0
8/1/2021,16:00:00,0,Piney Point,0.44,0.71,58585.3,1.94,12.45,5.76,51165.7,147.6,147.6,9.01,2.815,33.95,51920.5,1.33,9.23,33748,0.47,0,1.191,8.46,-105.1,31.721,1.938,5.02,0
8/1/2021,16:10:00,0,Piney Point,0.46,0.82,58618.1,1.954,12.52,5.78,51176.6,148.1,148.1,9.04,2.836,33.95,51933.8,1.13,8.54,33757,0.37,0,1.183,8.46,-105.2,31.739,1.95,5.03,0
8/1/2021,16:20:00,0,Piney Point,0.64,1.56,58658.7,1.965,12.37,5.73,51202.9,148.3,148.3,9.05,2.851,33.98,51961.6,1.73,10.57,33775,0.47,0,1.178,8.46,-105.3,31.748,1.965,5.02,0
8/1/2021,16:30:00,0,Piney Point,0.6,1.38,58708.5,1.983,12.38,5.73,51224.5,149.2,149.2,9.09,2.877,33.99,51986.2,1.33,9.23,33791,0.53,0,1.178,8.46,-105.5,31.77,1.981,5.03,0
8/1/2021,16:40:00,0,Piney Point,0.65,1.57,58760.9,1.999,12.33,5.71,51248.3,150.5,150.5,9.17,2.901,34.01,52013.1,1.72,10.54,33809,0.45,0,1.186,8.47,-105.7,31.792,1.999,5.02,0
8/1/2021,16:50:00,0,Piney Point,0.69,1.73,58813,2.021,12.21,5.67,51272.7,149.9,149.9,9.13,2.934,34.03,52040.5,1.96,11.38,33826,0.59,0,1.188,8.47,-105.7,31.814,2.022,5.03,0
8/1/2021,17:00:00,0,Piney Point,0.6,1.38,58852.2,2.033,12.13,5.65,51295.9,149.4,149.4,9.1,2.951,34.05,52065.4,1.84,10.94,33843,0.43,0,1.191,8.47,-105.9,31.825,2.033,5.02,0
8/1/2021,17:10:00,0,Piney Point,0.63,1.48,58896.5,2.047,11.98,5.6,51324.6,148.5,148.5,9.04,2.971,34.07,52095.8,3.04,15.01,33862,0.54,0,1.18,8.46,-105.7,31.835,2.048,5.02,0
8/1/2021,17:20:00,0,Piney Point,0.74,1.93,58940.3,2.059,11.86,5.56,51346.8,147.7,147.7,8.99,2.988,34.09,52120.3,1.85,10.99,33878,0.54,0,1.175,8.46,-105.7,31.851,2.059,5.02,0
8/1/2021,17:30:00,0,Piney Point,0.68,1.7,58965,2.069,11.92,5.58,51358.7,147.6,147.6,8.98,3.003,34.1,52133.6,1.83,10.92,33887,0.62,0,1.178,8.47,-105.9,31.861,2.069,5.02,0
8/1/2021,17:40:00,0,Piney Point,0.9,2.61,58986.2,2.084,11.77,5.53,51373.7,144.9,144.9,8.82,3.024,34.11,52149.2,2.46,13.07,33897,0.49,0,1.188,8.46,-105.6,31.864,2.084,5.02,0
8/1/2021,17:50:00,0,Piney Point,0.76,2.02,59011.4,2.092,11.66,5.49,51385.9,143.5,143.5,8.73,3.036,34.12,52162.8,1.78,10.75,33906,0.63,0,1.179,8.46,-105.3,31.874,2.091,5.02,0
8/1/2021,18:00:00,0,Piney Point,0.92,2.66,59028.9,2.105,11.63,5.48,51404.6,142,142,8.64,3.056,34.13,52181.4,2.35,12.69,33918,0.76,0,1.173,8.46,-105.2,31.87,2.106,5.02,0
8/1/2021,18:10:00,0,Piney Point,0.83,2.29,59040.1,2.123,11.61,5.48,51416.9,142.5,142.5,8.67,3.082,34.14,52193.6,2.17,12.09,33926,0.74,0,1.177,8.46,-105.2,31.868,2.122,5.02,0
8/1/2021,18:20:00,0,Piney Point,0.81,2.22,59047.8,2.134,11.67,5.5,51425.6,139.7,139.7,8.5,3.098,34.15,52202.1,2.07,11.73,33931,0.79,0,1.182,8.45,-104.7,31.866,2.136,5.02,0
8/1/2021,18:30:00,0,Piney Point,0.87,2.47,59055.1,2.148,11.6,5.47,51440.4,137.4,137.4,8.36,3.117,34.16,52216.1,2.39,12.82,33940,0.76,0,1.184,8.45,-104.5,31.857,2.146,5.02,0
8/1/2021,18:40:00,0,Piney Point,0.85,2.39,59052.7,2.161,11.67,5.49,51454.2,136.6,136.6,8.31,3.136,34.17,52228.2,2.42,12.92,33948,1.23,0,1.186,8.44,-104.4,31.841,2.161,5.02,0
8/1/2021,18:50:00,0,Piney Point,0.94,2.77,59051.4,2.168,11.67,5.49,51469.7,134,134,8.15,3.146,34.18,52241.8,2.48,13.12,33957,0.97,0,1.188,8.44,-104,31.824,2.165,5.02,0
8/1/2021,19:00:00,0,Piney Point,0.96,2.85,59053.2,2.174,11.66,5.49,51480.9,134.2,134.2,8.17,3.155,34.19,52252,1.44,9.6,33964,0.83,0,1.178,8.44,-104.1,31.815,2.177,5.02,0
8/1/2021,19:10:00,0,Piney Point,0.81,2.24,59044.3,2.177,11.42,5.41,51489,132.7,132.7,8.08,3.159,34.19,52258.2,1.56,10.01,33968,0.84,0,1.175,8.44,-103.9,31.799,2.177,5.02,0
8/1/2021,19:20:00,0,Piney Point,0.86,2.45,59045.8,2.188,11.5,5.44,51492,130.7,130.7,7.96,3.175,34.19,52261,2.08,11.78,33970,0.81,0,1.19,8.43,-103.6,31.797,2.184,5.02,0
8/1/2021,19:30:00,0,Piney Point,1.18,3.74,59034.9,2.185,11.35,5.39,51500.8,131,131,7.98,3.172,34.2,52267.7,2.79,14.19,33974,0.81,0,1.189,8.43,-103.6,31.779,2.184,5.02,0
8/1/2021,19:40:00,0,Piney Point,0.9,2.58,59029.7,2.195,11.47,5.43,51505,128.8,128.8,7.84,3.185,34.2,52270.9,1.98,11.42,33976,0.79,0,1.189,8.43,-103.4,31.77,2.198,5.02,0
8/1/2021,19:50:00,0,Piney Point,0.95,2.8,59007.9,2.204,11.46,5.43,51499.3,127.4,127.4,7.76,3.2,34.2,52263.4,2.62,13.62,33971,0.8,0,1.186,8.42,-103.2,31.756,2.201,5.02,0
8/1/2021,20:00:00,0,Piney Point,0.99,2.97,58993.8,2.208,11.6,5.47,51510.6,129,129,7.86,3.205,34.2,52271.9,2.65,13.7,33977,0.71,0,1.187,8.43,-103.5,31.733,2.206,5.02,0
8/1/2021,20:10:00,0,Piney Point,1,3,58976.4,2.216,11.58,5.46,51511.9,124.7,124.7,7.6,3.217,34.2,52271.3,2.25,12.33,33976,0.92,0,1.187,8.42,-102.9,31.716,2.215,5.02,0
8/1/2021,20:20:00,0,Piney Point,0.93,2.72,58969.6,2.215,11.61,5.48,51518.4,124.3,124.3,7.58,3.215,34.21,52276.3,2.2,12.18,33980,0.69,0,1.187,8.42,-102.9,31.704,2.214,5.02,0
8/1/2021,20:30:00,0,Piney Point,1.2,3.83,58957.7,2.223,11.64,5.48,51526.6,126.3,126.3,7.7,3.227,34.21,52282.3,2.98,14.82,33984,0.87,0,1.187,8.42,-103.1,31.685,2.221,5.02,0
8/1/2021,20:40:00,0,Piney Point,1.07,3.3,58937.6,2.217,11.63,5.48,51529.3,123.6,123.6,7.54,3.218,34.21,52282.5,2.62,13.61,33984,1.03,0,1.186,8.42,-103,31.664,2.214,5.02,0
8/1/2021,20:50:00,0,Piney Point,1.04,3.17,58919,2.216,11.62,5.48,51521.2,122,122,7.44,3.217,34.21,52273.3,2.99,14.87,33978,0.88,0,1.187,8.41,-102.6,31.656,2.216,5.02,0
8/1/2021,21:00:00,0,Piney Point,0.96,2.84,58899.8,2.209,11.62,5.48,51517.7,120,120,7.32,3.206,34.2,52268.1,2.42,12.92,33974,1.18,0,1.187,8.41,-102.2,31.643,2.208,5.02,0
8/1/2021,21:10:00,0,Piney Point,0.72,1.87,58886.2,2.2,11.75,5.52,51514.4,117.7,117.7,7.18,3.193,34.2,52263.7,2.03,11.61,33971,0.76,0,1.187,8.41,-102,31.634,2.199,5.02,0
8/1/2021,21:20:00,0,Piney Point,0.8,2.2,58855.4,2.185,11.86,5.56,51498.6,117.6,117.6,7.18,3.171,34.19,52246.3,1.4,9.45,33960,0.66,0,1.189,8.41,-102.1,31.623,2.182,5.02,0
8/1/2021,21:30:00,0,Piney Point,0.82,2.26,58817.9,2.177,11.98,5.6,51478.9,118.9,118.9,7.26,3.16,34.17,52224.7,2.92,14.61,33946,0.62,0,1.189,8.41,-102.6,31.61,2.18,5.02,0
8/1/2021,21:40:00,0,Piney Point,0.95,2.78,58771.1,2.179,11.93,5.58,51457.6,123.2,123.2,7.52,3.163,34.16,52200.6,2.49,13.17,33930,0.51,0,1.19,8.43,-103.3,31.59,2.177,5.01,0
8/1/2021,21:50:00,0,Piney Point,0.6,1.36,58783.8,2.184,12.05,5.62,51468,114.6,114.6,7,3.17,34.16,52211.2,1.53,9.9,33937,0.48,0,1.191,8.4,-101.9,31.591,2.181,5.01,0
8/1/2021,22:00:00,0,Piney Point,0.65,1.6,58781.1,2.184,12.02,5.61,51471.9,107.5,107.5,6.57,3.17,34.17,52214.4,1.75,10.66,33939,0.67,0,1.191,8.39,-101,31.585,2.185,5.02,0
8/1/2021,22:10:00,0,Piney Point,0.88,2.51,58710.8,2.182,12.15,5.65,51449.1,121.1,121.1,7.4,3.167,34.15,52186.6,2.31,12.54,33921,0.56,0,1.191,8.42,-103.2,31.545,2.18,5.02,0
8/1/2021,22:20:00,0,Piney Point,0.71,1.81,58702.3,2.177,12.13,5.65,51447.5,118.9,118.9,7.27,3.161,34.15,52184.2,2.13,11.94,33920,0.57,0,1.191,8.42,-103,31.54,2.179,5.02,0
8/1/2021,22:30:00,0,Piney Point,0.67,1.66,58683.4,2.18,12.19,5.67,51443.6,117.4,117.4,7.18,3.164,34.14,52178.7,1.22,8.85,33916,0.44,0,1.191,8.41,-102.5,31.527,2.18,5.02,0
8/1/2021,22:40:00,0,Piney Point,0.62,1.44,58681.5,2.168,12.49,5.77,51448.1,112,112,6.85,3.146,34.15,52182.5,1.72,10.56,33919,0.64,0,1.189,8.4,-101.7,31.521,2.166,5.01,0
8/1/2021,22:50:00,0,Piney Point,0.5,0.99,58660.5,2.159,12.39,5.74,51446.4,109.4,109.4,6.69,3.135,34.14,52178.7,1.49,9.76,33916,0.56,0,1.189,8.39,-101.3,31.504,2.158,5.02,0
8/1/2021,23:00:00,0,Piney Point,0.72,1.88,58620.5,2.163,12.2,5.67,51435.2,116.3,116.3,7.12,3.139,34.13,52164.4,2.02,11.56,33907,0.41,0,1.189,8.41,-102.5,31.48,2.16,5.02,0
8/1/2021,23:10:00,0,Piney Point,0.54,1.14,58624.9,2.151,12.35,5.72,51438.8,109.6,109.6,6.71,3.122,34.14,52168.1,1.4,9.47,33909,0.52,0,1.191,8.4,-101.4,31.48,2.149,5.01,0
8/1/2021,23:20:00,0,Piney Point,0.52,1.06,58572.5,2.148,12.73,5.85,51419.7,115.7,115.7,7.08,3.117,34.12,52145.4,1.24,8.91,33895,0.58,0,1.177,8.42,-102.7,31.453,2.146,5.01,0
8/1/2021,23:30:00,0,Piney Point,0.81,2.23,58545,2.139,12.65,5.82,51412.6,115.2,115.2,7.06,3.105,34.12,52136.1,2.5,13.2,33888,0.48,0,1.179,8.42,-102.7,31.436,2.14,5.01,0
8/1/2021,23:40:00,0,Piney Point,0.62,1.46,58523.5,2.135,12.64,5.82,51408,116.1,116.1,7.12,3.099,34.11,52129.7,1.7,10.5,33884,0.51,0,1.18,8.42,-102.7,31.422,2.134,5.01,0
8/1/2021,23:50:00,0,Piney Point,0.53,1.11,58517.9,2.125,12.8,5.87,51406.6,110.5,110.5,6.77,3.084,34.11,52127.8,1.47,9.7,33883,0.79,0,1.179,8.4,-101.7,31.418,2.123,5.02,0
8/2/2021,0:00:00,0,Piney Point,0.87,2.47,58452.5,2.12,12.73,5.85,51375.7,117.6,117.6,7.21,3.077,34.09,52093.2,1.96,11.38,33861,0.55,0,1.18,8.42,-103.1,31.391,2.12,5.01,0
8/2/2021,0:10:00,0,Piney Point,0.69,1.74,58437.8,2.114,12.97,5.93,51365.7,115.2,115.2,7.07,3.068,34.08,52082.7,1.88,11.1,33854,0.56,0,1.181,8.42,-103,31.388,2.114,5.01,0
8/2/2021,0:20:00,0,Piney Point,0.5,0.96,58454.3,2.121,13.17,6,51381.4,102.4,102.4,6.28,3.079,34.09,52098.5,1.76,10.67,33864,0.5,0,1.181,8.38,-100.7,31.387,2.12,5.01,0
8/2/2021,0:30:00,0,Piney Point,0.45,0.76,58454.4,2.125,12.92,5.91,51379.6,99.5,99.5,6.1,3.084,34.09,52096.9,1.43,9.57,33863,0.42,0,1.181,8.38,-100.3,31.389,2.124,5.01,0
8/2/2021,0:40:00,0,Piney Point,0.42,0.65,58477.2,2.131,13.29,6.04,51396.9,88.3,88.3,5.42,3.093,34.1,52114.8,1.51,9.83,33875,0.51,0,1.181,8.35,-98.6,31.392,2.132,5.01,0
8/2/2021,0:50:00,0,Piney Point,0.73,1.9,58356.2,2.134,13.12,5.98,51365.4,115.7,115.7,7.1,3.098,34.07,52073.7,2.06,11.69,33848,0.45,0,1.182,8.42,-103,31.317,2.133,5.01,0
8/2/2021,1:00:00,0,Piney Point,0.76,2.01,58342.3,2.141,12.93,5.91,51375.9,115.9,115.9,7.12,3.108,34.08,52081.6,2.17,12.08,33853,0.37,0,1.181,8.42,-102.9,31.294,2.139,5.01,0
8/2/2021,1:10:00,0,Piney Point,0.87,2.46,58331.7,2.138,12.92,5.91,51385.2,116.2,116.2,7.14,3.103,34.09,52088.7,2.45,13.01,33858,0.45,0,1.18,8.42,-102.9,31.275,2.135,5.01,0
8/2/2021,1:20:00,0,Piney Point,0.72,1.84,58326.4,2.146,12.89,5.9,51391,112.2,112.2,6.9,3.116,34.09,52093.3,1.63,10.24,33861,0.44,0,1.18,8.41,-102.1,31.265,2.147,5.01,0
8/2/2021,1:30:00,0,Piney Point,0.87,2.47,58313.2,2.148,12.89,5.9,51406,111.8,111.8,6.87,3.118,34.1,52105.3,2.62,13.61,33868,0.47,0,1.178,8.41,-102.3,31.238,2.145,5.01,0
8/2/2021,1:40:00,0,Piney Point,0.61,1.43,58313.2,2.148,12.85,5.89,51408.8,109.5,109.5,6.73,3.118,34.1,52107.7,1.77,10.72,33870,0.49,0,1.178,8.4,-101.8,31.235,2.147,5.01,0
8/2/2021,1:50:00,0,Piney Point,0.71,1.82,58293.1,2.154,12.97,5.93,51410.9,109,109,6.7,3.127,34.1,52107.4,1.96,11.35,33870,0.49,0,1.179,8.4,-101.7,31.215,2.155,5.02,0
8/2/2021,2:00:00,0,Piney Point,0.46,0.81,58284.7,2.161,12.78,5.87,51411.8,105,105,6.46,3.136,34.1,52107.3,1.58,10.08,33870,0.66,0,1.179,8.39,-101.3,31.207,2.161,5.02,0
8/2/2021,2:10:00,0,Piney Point,0.55,1.19,58269.7,2.169,12.93,5.91,51416.8,106.7,106.7,6.56,3.149,34.11,52110.2,1.82,10.88,33872,0.52,0,1.181,8.4,-101.5,31.189,2.171,5.01,0
8/2/2021,2:20:00,0,Piney Point,0.91,2.63,58263.9,2.176,13.04,5.95,51425.8,107.1,107.1,6.59,3.159,34.11,52117.6,2.71,13.91,33876,0.46,0,1.181,8.4,-101.6,31.174,2.174,5.01,0
8/2/2021,2:30:00,0,Piney Point,0.8,2.17,58250.3,2.179,13.19,6,51432,107,107,6.59,3.163,34.11,52121.7,1.98,11.42,33879,0.48,0,1.182,8.4,-101.6,31.156,2.177,5.01,0
8/2/2021,2:40:00,0,Piney Point,0.69,1.74,58246.5,2.193,13.39,6.07,51435.9,104.9,104.9,6.46,3.184,34.12,52124.7,2.21,12.2,33881,0.46,0,1.182,8.4,-101.3,31.149,2.193,5.01,0
8/2/2021,2:50:00,0,Piney Point,0.55,1.19,58234.3,2.2,12.92,5.91,51439.8,102.2,102.2,6.29,3.194,34.12,52126.9,1.49,9.77,33882,0.63,0,1.182,8.39,-100.7,31.134,2.199,5.02,0
8/2/2021,3:00:00,0,Piney Point,0.55,1.17,58228.1,2.205,13.09,5.97,51451.3,104,104,6.4,3.201,34.13,52136.5,1.63,10.23,33889,0.55,0,1.183,8.39,-101.1,31.117,2.206,5.01,0
8/2/2021,3:10:00,0,Piney Point,0.83,2.3,58212,2.208,13.06,5.96,51463.9,107,107,6.59,3.205,34.14,52146,2.24,12.3,33895,0.46,0,1.185,8.4,-101.6,31.091,2.207,5.01,0
8/2/2021,3:20:00,0,Piney Point,0.56,1.2,58206.9,2.217,13.14,5.98,51469.3,105.3,105.3,6.49,3.219,34.14,52150.2,2.07,11.72,33898,0.43,0,1.187,8.39,-101.2,31.081,2.217,5.01,0
8/2/2021,3:30:00,0,Piney Point,0.94,2.77,58203.1,2.234,12.66,5.83,51475.4,102.9,102.9,6.34,3.243,34.14,52155.3,2.76,14.07,33901,0.81,0,1.189,8.39,-100.8,31.071,2.232,5.01,0
8/2/2021,3:40:00,0,Piney Point,0.98,2.93,58212,2.249,13.18,6,51497.9,102.1,102.1,6.29,3.265,34.16,52176.3,2.24,12.32,33915,0.51,0,1.189,8.38,-100.4,31.056,2.248,5.01,0
8/2/2021,3:50:00,0,Piney Point,0.95,2.79,58216.5,2.268,13.05,5.95,51516.9,98.8,98.8,6.09,3.292,34.17,52193.7,3.01,14.91,33926,0.61,0,1.18,8.37,-100,31.042,2.267,5.01,0
8/2/2021,4:00:00,0,Piney Point,0.82,2.25,58226,2.291,12.96,5.93,51546.6,97.2,97.2,5.99,3.326,34.19,52221.3,2.31,12.56,33944,0.71,0,1.178,8.36,-99.4,31.02,2.29,5.02,0
8/2/2021,4:10:00,0,Piney Point,0.99,2.96,58232.6,2.31,12.73,5.85,51572.6,92.7,92.7,5.71,3.354,34.21,52245.2,3.2,15.58,33959,0.96,0,1.191,8.35,-98.2,31,2.31,5.01,0
8/2/2021,4:20:00,0,Piney Point,0.78,2.11,58243.9,2.332,12.84,5.88,51601.5,91.1,91.1,5.62,3.385,34.23,52272.1,2.3,12.53,33977,0.65,0,1.184,8.33,-97.5,30.981,2.328,5.01,0
8/2/2021,4:30:00,0,Piney Point,0.85,2.41,58257.3,2.342,12.56,5.79,51637.3,88.3,88.3,5.44,3.4,34.26,52305.5,2.39,12.81,33999,1.02,0,1.176,8.32,-96.6,30.957,2.339,5.01,0
8/2/2021,4:40:00,0,Piney Point,0.88,2.5,58264.2,2.354,11.91,5.57,51667.9,87.6,87.6,5.41,3.418,34.28,52333.5,2.57,13.42,34017,1.07,0,1.176,8.31,-96.2,30.933,2.355,5.01,0
8/2/2021,4:50:00,0,Piney Point,0.8,2.19,58266.3,2.359,12.04,5.62,51695.7,87.7,87.7,5.41,3.425,34.3,52358.6,2.31,12.55,34033,0.67,0,1.191,8.31,-96.1,30.907,2.357,5.02,0
8/2/2021,5:00:00,0,Piney Point,0.69,1.74,58266.8,2.369,12.1,5.64,51703.2,87,87,5.37,3.44,34.3,52365.3,1.96,11.35,34037,0.92,0,1.181,8.3,-95.8,30.9,2.369,5.01,0
8/2/2021,5:10:00,0,Piney Point,0.94,2.77,58264.9,2.384,12.08,5.63,51717.1,85,85,5.25,3.462,34.31,52377.5,2.28,12.46,34045,0.89,0,1.177,8.3,-95.4,30.885,2.383,5.01,0
8/2/2021,5:20:00,0,Piney Point,0.9,2.58,58258.4,2.402,11.75,5.52,51756.4,85.3,85.3,5.27,3.487,34.34,52411.9,2.44,13.01,34068,0.94,0,1.178,8.29,-95.2,30.84,2.4,5.01,0
8/2/2021,5:30:00,0,Piney Point,0.98,2.93,58257.9,2.416,11.56,5.46,51770.9,83.6,83.6,5.17,3.508,34.35,52424.8,2.85,14.38,34076,0.87,0,1.187,8.29,-94.7,30.825,2.416,5.01,0
8/2/2021,5:40:00,0,Piney Point,0.93,2.72,58257.3,2.434,11.48,5.43,51792.5,83.4,83.4,5.15,3.534,34.37,52444,4.6,20.34,34089,0.82,0,1.19,8.29,-94.6,30.804,2.43,5.01,0
8/2/2021,5:50:00,0,Piney Point,0.74,1.94,58257.4,2.447,11.31,5.38,51820,81.2,81.2,5.02,3.553,34.38,52468.5,2.27,12.41,34105,1.12,0,1.179,8.28,-94.2,30.776,2.442,5.01,0
8/2/2021,6:00:00,0,Piney Point,0.85,2.37,58257.4,2.458,11.49,5.44,51837.4,79.6,79.6,4.92,3.569,34.4,52484,2.48,13.14,34115,1.13,0,1.173,8.28,-94,30.759,2.459,5.01,0
8/2/2021,6:10:00,0,Piney Point,1.68,5.75,58277.7,2.456,10.87,5.23,51924.8,82.4,82.4,5.1,3.567,34.46,52564.2,4.48,19.91,34167,1,0,1.178,8.28,-94.5,30.691,2.458,5,0
8/2/2021,6:20:00,0,Piney Point,1.58,5.34,58289.5,2.454,10.63,5.15,51957.1,82.1,82.1,5.08,3.564,34.48,52594.3,4.12,18.69,34186,1.06,0,1.178,8.28,-94.3,30.669,2.452,5,0
8/2/2021,6:30:00,0,Piney Point,1.17,3.69,58263.6,2.445,10.58,5.13,51950,81,81,5.01,3.55,34.47,52585.2,3.26,15.76,34180,1.28,0,1.183,8.28,-94.1,30.654,2.442,5.01,0
8/2/2021,6:40:00,0,Piney Point,0.84,2.35,58284.8,2.437,10.69,5.17,51956.2,74.1,74.1,4.59,3.539,34.48,52593,2.57,13.44,34185,1.07,0,1.191,8.26,-92.9,30.666,2.434,5.01,0
8/2/2021,6:50:00,0,Piney Point,0.86,2.42,58280.5,2.432,10.83,5.22,51952.5,71.6,71.6,4.43,3.533,34.48,52589.2,2.41,12.88,34183,1.88,0,1.175,8.25,-92.6,30.666,2.433,5.01,0
8/2/2021,7:00:00,0,Piney Point,0.82,2.29,58288.6,2.434,10.9,5.24,51955.1,66,66,4.09,3.535,34.48,52592.5,2.22,12.23,34185,0.92,0,1.177,8.24,-91.6,30.671,2.435,5,0
8/2/2021,7:10:00,0,Piney Point,0.69,1.75,58283.5,2.448,11.13,5.32,51955,66.5,66.5,4.11,3.555,34.48,52591.8,2.08,11.76,34185,0.68,0,1.178,8.24,-91.7,30.666,2.447,5,0
8/2/2021,7:20:00,0,Piney Point,0.68,1.71,58284.6,2.445,10.89,5.24,51951.3,61.2,61.2,3.79,3.551,34.48,52588.6,1.89,11.13,34183,0.86,0,1.191,8.22,-90.8,30.671,2.444,5.01,0
8/2/2021,7:30:00,0,Piney Point,0.82,2.25,58280,2.445,11.06,5.29,51944.2,57.8,57.8,3.57,3.551,34.47,52581.8,3.93,18.04,34178,1.14,0,1.174,8.21,-90,30.674,2.445,5,0
8/2/2021,7:40:00,0,Piney Point,0.78,2.1,58289,2.444,11.24,5.35,51949.2,53.6,53.6,3.32,3.549,34.48,52587.2,2.37,12.77,34182,0.97,0,1.183,8.2,-89.5,30.677,2.442,5,0
8/2/2021,7:50:00,0,Piney Point,0.68,1.69,58278.4,2.437,11.01,5.27,51938.7,52.5,52.5,3.25,3.539,34.47,52576.7,1.84,10.95,34175,0.87,0,1.179,8.19,-89,30.678,2.436,5.01,0
8/2/2021,8:00:00,0,Piney Point,0.85,2.39,58279.3,2.425,11.22,5.34,51937.2,49.6,49.6,3.07,3.522,34.47,52575.5,2.45,13.02,34174,1.1,0,1.183,8.18,-88.5,30.68,2.426,5,0
8/2/2021,8:10:00,0,Piney Point,0.81,2.24,58285.9,2.411,11.24,5.35,51939.4,44.5,44.5,2.75,3.502,34.47,52578.1,2.85,14.4,34176,1.05,0,1.191,8.17,-87.8,30.684,2.407,5.01,0
8/2/2021,8:20:00,0,Piney Point,0.85,2.39,58277.6,2.397,11.25,5.35,51929.8,42.4,42.4,2.62,3.482,34.46,52568.7,2.91,14.6,34170,1.03,0,1.178,8.17,-87.4,30.686,2.396,5,0
8/2/2021,8:30:00,0,Piney Point,0.79,2.16,58278.2,2.384,11.41,5.41,51927.2,39.1,39.1,2.42,3.462,34.46,52566.4,4.44,19.77,34168,0.85,0,1.179,8.15,-86.6,30.689,2.381,5,0
8/2/2021,8:40:00,0,Piney Point,0.71,1.81,58278.4,2.376,11.24,5.35,51924.2,35.7,35.7,2.21,3.451,34.46,52563.7,1.97,11.4,34166,0.77,0,1.176,8.14,-86.1,30.692,2.375,5,0
8/2/2021,8:50:00,0,Piney Point,0.6,1.38,58278,2.369,11.3,5.37,51920.6,33.2,33.2,2.05,3.441,34.46,52560.6,1.82,10.88,34164,0.81,0,1.191,8.14,-85.7,30.695,2.368,5,0
8/2/2021,9:00:00,0,Piney Point,0.59,1.36,58282.2,2.36,11.54,5.45,51917.4,33.2,33.2,2.05,3.427,34.45,52558.1,1.31,9.15,34163,0.82,0,1.184,8.13,-85.4,30.702,2.358,5.01,0
8/2/2021,9:10:00,0,Piney Point,0.64,1.55,58289.7,2.353,12.02,5.61,51912,32,32,1.98,3.417,34.45,52554.1,1.71,10.53,34160,0.7,0,1.179,8.13,-85.2,30.714,2.351,5,0
8/2/2021,9:20:00,0,Piney Point,0.62,1.45,58292,2.339,12.16,5.66,51906.9,35.3,35.3,2.18,3.397,34.45,52549.8,2.06,11.71,34157,0.84,0,1.171,8.14,-85.6,30.721,2.338,5,0
8/2/2021,9:30:00,0,Piney Point,0.53,1.08,58304.4,2.325,12.12,5.64,51901.6,35.9,35.9,2.22,3.377,34.44,52546.4,1.38,9.4,34155,0.68,0,1.176,8.14,-85.8,30.737,2.325,5,0
8/2/2021,9:40:00,0,Piney Point,0.46,0.8,58334.5,2.32,12,5.6,51899.9,38.2,38.2,2.36,3.369,34.44,52548,1.76,10.69,34156,0.58,0,1.185,8.15,-86.2,30.765,2.318,5,0
8/2/2021,9:50:00,0,Piney Point,0.44,0.74,58336.2,2.299,12.1,5.64,51891.7,42.1,42.1,2.6,3.338,34.44,52540.9,1.33,9.21,34152,0.8,0,1.181,8.16,-87,30.775,2.298,5.01,0
8/2/2021,10:00:00,0,Piney Point,0.57,1.25,58337.6,2.292,12.45,5.76,51887.7,39.9,39.9,2.47,3.328,34.44,52537.5,1.99,11.45,34149,1.98,0,1.176,8.15,-86.4,30.78,2.291,5,0
8/2/2021,10:10:00,0,Piney Point,0.5,0.99,58345.1,2.275,12.61,5.81,51885.8,43,43,2.66,3.304,34.43,52536.6,1.57,10.03,34149,0.86,0,1.172,8.16,-87,30.788,2.275,5,0
8/2/2021,10:20:00,0,Piney Point,0.54,1.13,58376.7,2.249,12.31,5.71,51885.9,45.4,45.4,2.8,3.266,34.44,52540.1,1.67,10.38,34151,0.71,0,1.174,8.17,-87.4,30.816,2.248,5,0
8/2/2021,10:30:00,0,Piney Point,0.35,0.36,58402.8,2.233,12.43,5.75,51882.2,46.4,46.4,2.87,3.242,34.43,52539.5,1.21,8.81,34151,0.7,0,1.188,8.17,-87.4,30.843,2.231,5,0
8/2/2021,10:40:00,0,Piney Point,0.56,1.21,58431.2,2.205,12.45,5.75,51867.3,51.8,51.8,3.19,3.203,34.43,52529.3,1.65,10.3,34144,0.79,0,1.174,8.19,-88.6,30.882,2.204,5,0
8/2/2021,10:50:00,0,Piney Point,0.26,-0.01,58459.2,2.182,12.91,5.91,51859.5,54.6,54.6,3.37,3.168,34.42,52525.3,0.83,7.53,34141,1.06,0,1.183,8.19,-88.7,30.915,2.183,5,0
8/2/2021,11:00:00,0,Piney Point,0.45,0.77,58494.7,2.164,13.26,6.03,51848.2,61.2,61.2,3.77,3.142,34.42,52519.1,1.88,11.08,34137,1.31,0,1.179,8.21,-90.1,30.957,2.163,5,0
8/2/2021,11:10:00,0,Piney Point,0.71,1.84,58507.8,2.147,12.85,5.89,51833.6,67.3,67.3,4.14,3.118,34.41,52507.5,3.58,16.86,34130,0.97,0,1.183,8.22,-90.7,30.983,2.146,5,0
8/2/2021,11:20:00,0,Piney Point,0.66,1.62,58518.5,2.129,12.81,5.87,51824.9,69.2,69.2,4.26,3.092,34.4,52500.8,2.3,12.51,34126,0.7,0,1.178,8.23,-91.4,31.001,2.128,5,0
8/2/2021,11:30:00,0,Piney Point,0.58,1.3,58547.6,2.111,13.16,5.99,51809.2,76.4,76.4,4.7,3.065,34.39,52489.9,2.01,11.54,34118,0.67,0,1.184,8.25,-92.3,31.042,2.11,5,0
8/2/2021,11:40:00,0,Piney Point,0.41,0.61,58612,2.092,13.16,5.99,51807.3,87.6,87.6,5.39,3.038,34.39,52495.2,1.2,8.78,34122,0.69,0,1.178,8.27,-93.9,31.101,2.091,5,0
8/2/2021,11:50:00,0,Piney Point,0.56,1.2,58592.3,2.075,13.29,6.04,51766.4,92.2,92.2,5.67,3.013,34.36,52456.6,1.6,10.13,34097,0.39,0,1.184,8.29,-94.9,31.124,2.075,5,0
8/2/2021,12:00:00,0,Piney Point,0.57,1.26,58648.1,2.062,13.26,6.02,51778.5,94.9,94.9,5.83,2.994,34.37,52473.4,1.62,10.2,34108,0.78,0,1.178,8.29,-94.9,31.161,2.062,5,0
8/2/2021,12:10:00,0,Piney Point,0.56,1.23,58686.2,2.044,13.41,6.07,51762,99.6,99.6,6.11,2.968,34.36,52462.7,1.28,9.06,34101,0.65,0,1.183,8.3,-95.7,31.211,2.045,5,0
8/2/2021,12:20:00,0,Piney Point,0.34,0.33,58731.8,2.026,14.68,6.5,51743.9,111.1,111.1,6.82,2.941,34.35,52451.5,1.11,8.48,34093,0.5,0,1.178,8.33,-97.3,31.269,2.026,5,0
8/2/2021,12:30:00,0,Piney Point,0.35,0.37,58745.8,2.006,14.06,6.29,51727.2,118.7,118.7,7.28,2.912,34.34,52438.2,1.63,10.23,34085,0.46,0,1.184,8.34,-98.3,31.298,2.003,4.99,0
8/2/2021,12:40:00,0,Piney Point,0.38,0.48,58769.3,1.987,13.89,6.24,51710.5,124,124,7.6,2.885,34.33,52425.8,1.25,8.97,34077,0.58,0,1.178,8.36,-99.1,31.335,1.986,5.01,0
8/2/2021,12:50:00,0,Piney Point,0.31,0.21,58785.1,1.956,14.08,6.3,51671.1,131.4,131.4,8.05,2.84,34.31,52392.4,1.23,8.88,34055,0.33,0,1.184,8.38,-100.4,31.388,1.955,5,0
8/2/2021,13:00:00,0,Piney Point,0.64,1.55,58755.8,1.937,14.02,6.28,51593.5,136,136,8.33,2.812,34.25,52320.1,1.38,9.38,34008,2.45,0,1.178,8.4,-101.4,31.44,1.936,5,0
8/2/2021,13:10:00,0,Piney Point,0.58,1.28,58785.7,1.916,14.18,6.33,51565.2,141.9,141.9,8.68,2.781,34.23,52298.1,3.14,15.35,33994,0.38,0,1.183,8.41,-102,31.495,1.915,5,0
8/2/2021,13:20:00,0,Piney Point,0.42,0.67,58839.5,1.904,14.63,6.48,51548.9,149.2,149.2,9.12,2.764,34.22,52289.4,1.7,10.48,33988,0.48,0,1.178,8.42,-103,31.559,1.904,5,0
8/2/2021,13:30:00,0,Piney Point,0.43,0.67,58723.6,1.885,14.5,6.44,51459.5,147.6,147.6,9.02,2.737,34.16,52197.2,0.52,6.47,33928,0.32,0,1.183,8.43,-103.7,31.546,1.883,5,0
8/2/2021,13:40:00,0,Piney Point,0.31,0.22,58719.4,1.868,14.53,6.45,51463.5,148.8,148.8,9.1,2.712,34.16,52200.3,1.31,9.14,33930,5.02,0,1.178,8.44,-103.8,31.539,1.867,5.01,0
8/2/2021,13:50:00,0,Piney Point,0.33,0.27,58593.8,1.847,14.58,6.46,51354.2,139.7,139.7,8.55,2.68,34.08,52089.4,0.95,7.92,33858,1.21,0,1.183,8.43,-103.3,31.538,1.844,5.01,0
8/2/2021,14:00:00,0,Piney Point,0.29,0.11,58630.8,1.827,14.87,6.56,51371.4,143.8,143.8,8.79,2.652,34.09,52108.7,0.5,6.4,33871,1.06,0,1.178,8.43,-103.8,31.553,1.827,5,0
8/2/2021,14:10:00,0,Piney Point,0.3,0.16,58466.2,1.811,14.68,6.5,51246.1,132.8,132.8,8.13,2.628,34,51979.2,0.97,8,33786,0.25,0,1.183,8.42,-103,31.534,1.81,5,0
8/2/2021,14:20:00,0,Piney Point,0.43,0.67,58515.6,1.803,14.72,6.51,51275.1,132,132,8.08,2.617,34.02,52010.4,1.02,8.17,33807,0.36,0,1.178,8.42,-102.8,31.548,1.804,5,0
8/2/2021,14:30:00,0,Piney Point,0.38,0.49,58441.5,1.783,14.9,6.57,51217.9,128.5,128.5,7.86,2.588,33.98,51951.4,0.78,7.34,33768,0.3,0,1.184,8.41,-102.4,31.541,1.782,5.01,0
8/2/2021,14:40:00,0,Piney Point,0.44,0.74,58554.2,1.777,14.91,6.58,51248.6,133.7,133.7,8.17,2.579,34,51991,1.19,8.75,33794,0.35,0,1.178,8.43,-103.3,31.609,1.775,5.01,0
8/2/2021,14:50:00,0,Piney Point,0.39,0.54,58643.2,1.772,14.93,6.58,51234.7,141,141,8.61,2.571,34,51988.2,0.97,8,33792,0.24,0,1.183,8.44,-104.1,31.702,1.771,5,0
8/2/2021,15:00:00,0,Piney Point,0.26,-0.01,58706,1.771,15.86,6.89,51222.9,146.3,146.3,8.92,2.57,33.99,51984.5,0.88,7.7,33790,0.67,0,1.177,8.45,-104.6,31.769,1.77,5,0
8/2/2021,15:10:00,0,Piney Point,0.23,-0.12,58699.4,1.771,14.92,6.58,51213.5,144.8,144.8,8.83,2.57,33.98,51975.5,0.69,7.05,33784,0.19,0,1.183,8.45,-104.6,31.773,1.77,5,0
8/2/2021,15:20:00,0,Piney Point,0.33,0.29,58759.4,1.766,15.24,6.69,51249.2,152.8,152.8,9.31,2.563,34.01,52013.7,0.7,7.08,33809,0.46,0,1.178,8.46,-105.5,31.79,1.766,5.01,0
8/2/2021,15:30:00,0,Piney Point,0.3,0.16,58679.2,1.763,15.67,6.83,51168.3,149.2,149.2,9.09,2.558,33.95,51933,0.73,7.2,33756,0.28,0,1.183,8.46,-105.3,31.801,1.762,5.01,0
8/2/2021,15:40:00,0,Piney Point,0.37,0.46,58681.2,1.761,14.87,6.56,51160.9,146.2,146.2,8.91,2.556,33.95,51926.6,1.15,8.6,33752,0.25,0,1.191,8.45,-104.8,31.81,1.761,5.01,0
8/2/2021,15:50:00,0,Piney Point,0.25,-0.05,58779.5,1.763,14.96,6.59,51186.4,150.3,150.3,9.15,2.559,33.97,51960,1.07,8.36,33774,0.65,0,1.178,8.46,-105.4,31.871,1.763,5,0
8/2/2021,16:00:00,0,Piney Point,0.41,0.62,58753.7,1.761,15.11,6.64,51150.1,145.6,145.6,8.86,2.556,33.94,51924.9,0.51,6.44,33751,0.37,0,1.179,8.45,-105,31.886,1.76,5.01,0
8/2/2021,16:10:00,0,Piney Point,0.5,0.96,58756.7,1.777,14.87,6.56,51134.9,145.6,145.6,8.86,2.579,33.93,51911.7,1.26,9,33743,0.37,0,1.174,8.45,-104.9,31.904,1.776,5.01,0
8/2/2021,16:20:00,0,Piney Point,0.23,-0.13,58775.7,1.776,15.41,6.74,51124.4,148.1,148.1,9.01,2.578,33.93,51904.4,0.64,6.88,33738,0.78,0,1.174,8.46,-105.3,31.931,1.776,5.01,0
8/2/2021,16:30:00,0,Piney Point,0.4,0.56,58810.4,1.792,14.95,6.59,51112.1,145.5,145.5,8.84,2.6,33.92,51897.2,1,8.09,33733,0.45,0,1.174,8.46,-105.4,31.974,1.791,5,0
8/2/2021,16:40:00,0,Piney Point,0.74,1.93,58802.1,1.798,14.59,6.47,51079.4,149.6,149.6,9.09,2.609,33.9,51867.3,1.86,11.01,33714,0.31,0,1.181,8.46,-105.7,32,1.797,5.01,0
8/2/2021,16:50:00,0,Piney Point,0.7,1.76,58801.8,1.809,14.84,6.55,51066.3,143.9,143.9,8.75,2.624,33.89,51855.5,1.67,10.37,33706,0.54,0,1.185,8.46,-105.1,32.013,1.809,5.01,0
8/2/2021,17:00:00,0,Piney Point,0.73,1.9,58792.5,1.824,13.55,6.12,51063.9,135.6,135.6,8.24,2.647,33.89,51852.4,1.79,10.78,33704,0.34,0,1.178,8.44,-104.4,32.008,1.825,5.01,0
8/2/2021,17:10:00,0,Piney Point,0.68,1.68,58817.9,1.839,14.04,6.28,51081.2,138.4,138.4,8.41,2.668,33.9,51870.5,2.71,13.9,33716,0.42,0,1.175,8.45,-104.7,32.012,1.838,5.01,0
8/2/2021,17:20:00,0,Piney Point,0.51,1.02,58850.7,1.845,14.01,6.27,51097.2,138.8,138.8,8.43,2.678,33.91,51888.4,1.67,10.36,33727,0.5,0,1.172,8.45,-104.6,32.025,1.846,5,0
8/2/2021,17:30:00,0,Piney Point,0.91,2.64,58894.5,1.861,13.02,5.94,51107.7,137,137,8.32,2.7,33.92,51902.5,2.52,13.26,33737,0.3,0,1.177,8.44,-104.2,32.053,1.86,5.01,0
8/2/2021,17:40:00,0,Piney Point,0.67,1.67,58928.1,1.88,12.96,5.93,51132,135.4,135.4,8.22,2.727,33.94,51927.8,1.41,9.49,33753,0.34,0,1.191,8.44,-104.1,32.058,1.88,5,0
8/2/2021,17:50:00,0,Piney Point,0.97,2.87,58978,1.897,12.78,5.86,51164.5,136.4,136.4,8.28,2.752,33.96,51962.2,2.5,13.19,33775,0.36,0,1.185,8.44,-104.3,32.069,1.899,5.01,0
8/2/2021,18:00:00,0,Piney Point,0.9,2.59,58997.7,1.912,12.75,5.86,51180.2,136.5,136.5,8.28,2.775,33.98,51978.3,2.99,14.87,33786,0.42,0,1.178,8.44,-104.3,32.07,1.911,5.01,0
8/2/2021,18:10:00,0,Piney Point,0.8,2.18,59014,1.933,12.87,5.9,51213.1,135.4,135.4,8.22,2.806,34,52009.3,1.91,11.19,33806,0.56,0,1.18,8.44,-104.2,32.051,1.935,5,0
8/2/2021,18:20:00,0,Piney Point,1.14,3.56,59033.6,1.946,12.61,5.81,51246.1,134.6,134.6,8.17,2.824,34.02,52040.8,1.75,10.65,33827,0.45,0,1.185,8.43,-103.9,32.035,1.944,5.01,0
8/2/2021,18:30:00,0,Piney Point,0.76,2.02,59060.2,1.963,12.62,5.81,51275,134.4,134.4,8.16,2.849,34.04,52069.4,1.9,11.16,33845,0.41,0,1.186,8.43,-103.9,32.029,1.962,5,0
8/2/2021,18:40:00,0,Piney Point,0.78,2.09,59089.6,1.98,12.3,5.71,51312.4,132.8,132.8,8.06,2.873,34.07,52105.9,2.25,12.35,33869,0.43,0,1.186,8.43,-103.5,32.017,1.979,5.01,0
8/2/2021,18:50:00,0,Piney Point,0.95,2.78,59124,1.991,12.25,5.69,51349.8,131.2,131.2,7.96,2.89,34.1,52142.9,1.95,11.35,33893,0.71,0,1.191,8.43,-103.4,32.01,1.992,5.01,0
8/2/2021,19:00:00,0,Piney Point,0.95,2.8,59131.2,2.001,12.19,5.67,51372.9,129.1,129.1,7.84,2.903,34.12,52164.3,1.56,10.01,33907,0.74,0,1.178,8.42,-103,31.992,2.001,5.01,0
8/2/2021,19:10:00,0,Piney Point,1.05,3.22,59148.3,2.014,12.39,5.74,51402.7,129.9,129.9,7.89,2.922,34.14,52192.7,2.79,14.19,33925,0.94,0,1.173,8.42,-102.9,31.977,2.013,5,0
8/2/2021,19:20:00,0,Piney Point,0.94,2.76,59157,2.029,12.05,5.62,51425.8,128.4,128.4,7.8,2.944,34.15,52214.2,2.47,13.09,33939,0.65,0,1.176,8.42,-102.8,31.962,2.03,5,0
8/2/2021,19:30:00,0,Piney Point,1.1,3.39,59165.4,2.052,12.03,5.62,51453.1,127.8,127.8,7.76,2.978,34.17,52239.4,2.21,12.22,33956,0.65,0,1.187,8.41,-102.6,31.941,2.05,5.01,0
8/2/2021,19:40:00,0,Piney Point,1.16,3.64,59178.4,2.07,11.96,5.59,51508.7,127.3,127.3,7.74,3.005,34.21,52290.3,3.69,17.25,33989,0.85,0,1.181,8.41,-102.3,31.897,2.07,5.01,0
8/2/2021,19:50:00,0,Piney Point,1.47,4.92,59172.1,2.081,11.48,5.43,51544,124.6,124.6,7.58,3.021,34.24,52321.1,3.58,16.86,34009,0.98,0,1.177,8.4,-101.7,31.856,2.077,5.01,0
8/2/2021,20:00:00,0,Piney Point,1.25,4.02,59153.7,2.093,11.67,5.5,51553.1,124.3,124.3,7.56,3.038,34.24,52327.2,4,18.3,34013,0.66,0,1.179,8.4,-101.6,31.83,2.093,5,0
8/2/2021,20:10:00,0,Piney Point,1.32,4.29,59139.8,2.103,11.63,5.48,51559.8,122.1,122.1,7.43,3.052,34.25,52331.6,7.91,31.56,34016,0.51,0,1.187,8.4,-101.5,31.811,2.103,5,0
8/2/2021,20:20:00,0,Piney Point,0.95,2.79,59123.2,2.121,11.74,5.52,51563.1,120.3,120.3,7.32,3.078,34.25,52332.8,3.05,15.07,34016,0.66,0,1.178,8.39,-101.4,31.793,2.12,5.01,0
8/2/2021,20:30:00,0,Piney Point,1.13,3.54,59098.3,2.127,11.64,5.48,51572.8,121.7,121.7,7.41,3.088,34.25,52338.7,3.13,15.33,34020,0.97,0,1.174,8.4,-101.7,31.762,2.126,5,0
8/2/2021,20:40:00,0,Piney Point,1.73,5.96,59098.9,2.14,11.52,5.44,51581.6,119,119,7.24,3.107,34.26,52346.6,8.54,33.72,34025,0.74,0,1.177,8.39,-101.4,31.754,2.141,5,0
8/2/2021,20:50:00,0,Piney Point,1.1,3.41,59092.1,2.153,11.36,5.39,51593.6,117.2,117.2,7.14,3.124,34.27,52356.6,3.82,17.67,34032,0.63,0,1.187,8.39,-101.2,31.736,2.153,5,0
8/2/2021,21:00:00,0,Piney Point,1.18,3.75,59083.5,2.158,11.38,5.4,51606.7,118.4,118.4,7.22,3.132,34.28,52367.3,3.48,16.53,34039,0.7,0,1.18,8.39,-101.4,31.715,2.156,5,0
8/2/2021,21:10:00,0,Piney Point,0.94,2.75,59071.4,2.162,11.49,5.44,51613.5,115.7,115.7,7.05,3.139,34.28,52372,2.57,13.43,34042,0.92,0,1.176,8.39,-101,31.697,2.161,5.01,0
8/2/2021,21:20:00,0,Piney Point,1.02,3.08,59053.3,2.165,11.48,5.43,51619.7,118.2,118.2,7.21,3.143,34.28,52375.6,3.02,14.96,34044,0.88,0,1.174,8.39,-101.3,31.675,2.164,5,0
8/2/2021,21:30:00,0,Piney Point,1.55,5.24,59050.9,2.173,11.46,5.43,51634.5,117.9,117.9,7.19,3.155,34.29,52388.5,3.36,16.1,34053,0.84,0,1.177,8.39,-101.3,31.658,2.171,5,0
8/2/2021,21:40:00,0,Piney Point,0.97,2.89,59031,2.174,11.37,5.4,51626.3,114.5,114.5,6.98,3.156,34.29,52379.1,2.91,14.6,34046,0.73,0,1.189,8.38,-100.7,31.649,2.172,4.99,0
8/2/2021,21:50:00,0,Piney Point,1.24,3.99,58999.1,2.179,11.53,5.45,51623.2,114.8,114.8,7,3.163,34.28,52372.9,2.89,14.52,34042,0.64,0,1.182,8.39,-100.9,31.624,2.179,5,0
8/2/2021,22:00:00,0,Piney Point,0.97,2.86,58985.2,2.184,11.57,5.46,51628,111.9,111.9,6.83,3.17,34.29,52375.6,2.21,12.2,34044,0.92,0,1.178,8.38,-100.6,31.607,2.185,4.99,0
8/2/2021,22:10:00,0,Piney Point,0.94,2.76,58976.5,2.188,11.42,5.41,51632.1,110.9,110.9,6.77,3.176,34.29,52378.3,2.73,13.97,34046,0.84,0,1.172,8.38,-100.3,31.595,2.187,5.01,0
8/2/2021,22:20:00,0,Piney Point,0.96,2.84,58951.5,2.188,11.52,5.45,51629.6,110.4,110.4,6.74,3.176,34.29,52373.4,2.15,11.99,34043,0.76,0,1.175,8.38,-100.2,31.576,2.185,5,0
8/2/2021,22:30:00,0,Piney Point,1.25,4,58922.2,2.189,11.62,5.48,51627.1,113.2,113.2,6.92,3.178,34.28,52368,2.99,14.87,34039,0.69,0,1.182,8.38,-100.5,31.553,2.189,5,0
8/2/2021,22:40:00,0,Piney Point,0.96,2.82,58908.4,2.185,11.73,5.51,51624.3,110.8,110.8,6.77,3.171,34.28,52364,2.51,13.23,34037,0.65,0,1.186,8.38,-100.4,31.543,2.184,4.99,0
8/2/2021,22:50:00,0,Piney Point,1.02,3.09,58892.3,2.184,11.8,5.54,51622,108.7,108.7,6.64,3.17,34.28,52360.2,2.96,14.77,34034,0.6,0,1.189,8.37,-100,31.532,2.184,4.99,0
8/2/2021,23:00:00,0,Piney Point,0.85,2.4,58864.1,2.172,11.93,5.58,51618.8,106.4,106.4,6.5,3.153,34.27,52354.3,2.61,13.57,34030,1.16,0,1.18,8.37,-99.7,31.51,2.171,5,0
8/2/2021,23:10:00,0,Piney Point,1.13,3.51,58848.7,2.165,12.03,5.62,51617.1,103.4,103.4,6.32,3.143,34.27,52351.1,1.92,11.21,34028,0.93,0,1.175,8.36,-99.2,31.498,2.164,5,0
8/2/2021,23:20:00,0,Piney Point,1.19,3.78,58826.1,2.161,11.87,5.56,51615.3,104.5,104.5,6.39,3.137,34.27,52347.1,2.54,13.33,34026,0.63,0,1.188,8.36,-99.3,31.48,2.158,4.99,0
8/2/2021,23:30:00,0,Piney Point,1.27,4.09,58808.6,2.15,11.98,5.6,51616.4,104,104,6.36,3.121,34.27,52346.2,2.97,14.79,34025,0.62,0,1.186,8.36,-99.2,31.464,2.149,4.99,0
8/2/2021,23:40:00,0,Piney Point,1.25,4.01,58790,2.138,11.93,5.58,51611.6,103.4,103.4,6.33,3.103,34.26,52339.9,3.04,15.04,34021,0.55,0,1.185,8.36,-99,31.452,2.14,4.99,0
8/2/2021,23:50:00,0,Piney Point,0.76,2.02,58781.4,2.13,12.21,5.68,51603.1,100.4,100.4,6.14,3.093,34.26,52331.4,2,11.5,34015,0.69,0,1.184,8.35,-98.5,31.453,2.13,4.99,0
8/3/2021,0:00:00,0,Piney Point,0.99,2.97,58762.6,2.133,12.15,5.66,51589.6,99.8,99.8,6.11,3.096,34.25,52317.3,1.9,11.14,34006,0.58,0,1.184,8.35,-98.5,31.45,2.133,4.99,0
8/3/2021,0:10:00,0,Piney Point,0.67,1.66,58770,2.137,12.12,5.65,51593.3,94.7,94.7,5.79,3.102,34.25,52321.5,1.56,10.01,34009,0.51,0,1.184,8.34,-97.8,31.453,2.138,4.99,0
8/3/2021,0:20:00,0,Piney Point,0.8,2.18,58738.7,2.143,12.41,5.74,51576.7,92.6,92.6,5.67,3.111,34.24,52303.2,2.35,12.7,33997,0.54,0,1.181,8.34,-97.9,31.442,2.14,4.99,0
8/3/2021,0:30:00,0,Piney Point,0.59,1.34,58745.9,2.135,12.27,5.69,51586.1,87.1,87.1,5.33,3.099,34.25,52312.4,1.64,10.28,34003,0.88,0,1.18,8.31,-96.5,31.439,2.135,4.99,0
8/3/2021,0:40:00,0,Piney Point,0.68,1.69,58723.9,2.114,12.54,5.79,51572.5,84.4,84.4,5.17,3.069,34.23,52298,1.69,10.45,33994,0.8,0,1.178,8.31,-96.2,31.433,2.114,4.99,0
8/3/2021,0:50:00,0,Piney Point,0.66,1.61,58661.6,2.103,12.77,5.86,51527.6,90.9,90.9,5.57,3.053,34.2,52251.1,1.63,10.23,33963,0.66,0,1.177,8.33,-97.3,31.423,2.104,5,0
8/3/2021,1:00:00,0,Piney Point,0.71,1.83,58652,2.089,12.86,5.89,51523,86.3,86.3,5.29,3.032,34.2,52246.1,2.01,11.52,33960,0.96,0,1.177,8.31,-96.5,31.419,2.087,4.99,0
8/3/2021,1:10:00,0,Piney Point,0.78,2.13,58549.7,2.093,12.97,5.93,51444.3,94.3,94.3,5.78,3.038,34.14,52164.8,2.34,12.67,33907,0.52,0,1.185,8.34,-98.1,31.408,2.094,4.99,0
8/3/2021,1:20:00,0,Piney Point,0.67,1.64,58581.5,2.092,12.97,5.93,51475.5,86.8,86.8,5.32,3.037,34.16,52196.1,1.98,11.41,33927,0.77,0,1.18,8.32,-96.9,31.405,2.092,4.99,0
8/3/2021,1:30:00,0,Piney Point,0.71,1.83,58561.7,2.109,13.11,5.97,51466.2,80.9,80.9,4.96,3.061,34.15,52185.6,1.84,10.96,33921,0.5,0,1.181,8.3,-95.8,31.397,2.107,4.99,0
8/3/2021,1:40:00,0,Piney Point,1.04,3.17,58481.8,2.125,13.32,6.04,51427.6,92.5,92.5,5.67,3.084,34.12,52142.7,2.91,14.59,33893,0.52,0,1.179,8.35,-98.3,31.365,2.127,4.99,0
8/3/2021,1:50:00,0,Piney Point,0.81,2.21,58480.4,2.14,13.07,5.96,51443.1,92.7,92.7,5.69,3.107,34.13,52156.3,2.53,13.3,33902,0.62,0,1.178,8.33,-97.6,31.348,2.141,4.99,0
8/3/2021,2:00:00,0,Piney Point,1.1,3.4,58448.7,2.152,13.09,5.97,51454.6,98.2,98.2,6.03,3.124,34.14,52163.1,2.96,14.77,33906,0.97,0,1.177,8.35,-98.6,31.309,2.148,4.99,0
8/3/2021,2:10:00,0,Piney Point,1,3,58433.1,2.157,13.01,5.94,51471.4,99,99,6.08,3.132,34.15,52176.5,2.85,14.39,33915,0.74,0,1.177,8.35,-98.6,31.278,2.161,4.99,0
8/3/2021,2:20:00,0,Piney Point,1.07,3.3,58419.1,2.155,13.12,5.98,51489.7,99.7,99.7,6.13,3.128,34.16,52191.3,2.69,13.83,33924,0.66,0,1.175,8.35,-98.5,31.247,2.155,4.99,0
8/3/2021,2:30:00,0,Piney Point,1.14,3.58,58410.3,2.162,13.09,5.97,51496.6,97.6,97.6,6,3.138,34.17,52196.4,3.08,15.15,33928,0.66,0,1.174,8.34,-98.1,31.233,2.164,4.99,0
8/3/2021,2:40:00,0,Piney Point,1.19,3.78,58387.7,2.172,13.2,6,51502.4,95,95,5.84,3.152,34.17,52199.2,3.2,15.58,33929,0.95,0,1.173,8.33,-97.6,31.207,2.173,4.98,0
8/3/2021,2:50:00,0,Piney Point,1.23,3.92,58364.2,2.179,13.1,5.97,51521.4,95,95,5.84,3.163,34.18,52213.6,3.52,16.66,33939,0.85,0,1.18,8.33,-97.3,31.167,2.178,4.99,0
8/3/2021,3:00:00,0,Piney Point,1.3,4.21,58340.7,2.19,13.09,5.97,51528.8,93.8,93.8,5.77,3.179,34.19,52217.7,3.71,17.32,33942,0.9,0,1.184,8.32,-96.9,31.139,2.187,4.99,0
8/3/2021,3:10:00,0,Piney Point,1.15,3.6,58331.8,2.205,12.89,5.9,51541.7,90.2,90.2,5.55,3.202,34.19,52228.3,3.07,15.12,33948,0.6,0,1.184,8.31,-96.2,31.119,2.204,4.99,0
8/3/2021,3:20:00,0,Piney Point,1.09,3.34,58305.1,2.225,12.89,5.9,51559.7,89,89,5.48,3.23,34.21,52241.4,3.11,15.27,33957,1.75,0,1.184,8.3,-95.8,31.077,2.224,4.99,0
8/3/2021,3:30:00,0,Piney Point,1.09,3.35,58267.9,2.228,12.59,5.8,51566,89.3,89.3,5.5,3.235,34.21,52243.1,2.87,14.45,33958,0.96,0,1.185,8.3,-95.7,31.038,2.224,4.99,0
8/3/2021,3:40:00,0,Piney Point,0.95,2.78,58244.9,2.239,12.38,5.73,51574.3,88,88,5.43,3.251,34.21,52248,2.85,14.39,33961,0.79,0,1.184,8.3,-95.3,31.009,2.237,4.99,0
8/3/2021,3:50:00,0,Piney Point,1.06,3.23,58219.4,2.251,12.39,5.74,51579.1,86.3,86.3,5.32,3.269,34.22,52249.5,5.96,24.93,33962,0.84,0,1.183,8.29,-94.9,30.982,2.248,4.99,0
8/3/2021,4:00:00,0,Piney Point,1.26,4.05,58185.3,2.267,12.38,5.73,51582.4,87.3,87.3,5.38,3.291,34.22,52248.8,8.08,32.15,33962,0.94,0,1.184,8.29,-95,30.949,2.268,4.98,0
8/3/2021,4:10:00,0,Piney Point,1.28,4.14,58160.6,2.27,12.28,5.7,51587,86.2,86.2,5.32,3.295,34.22,52250.3,3.91,17.99,33963,0.96,0,1.184,8.29,-94.7,30.922,2.268,4.99,0
8/3/2021,4:20:00,0,Piney Point,1.09,3.37,58153.9,2.3,12.21,5.68,51589.1,83.7,83.7,5.17,3.339,34.22,52251.4,3.27,15.8,33963,0.88,0,1.185,8.28,-94.3,30.914,2.298,4.98,0
8/3/2021,4:30:00,0,Piney Point,1.16,3.64,58154.2,2.316,12.29,5.7,51596,81.1,81.1,5.01,3.362,34.22,52257.6,2.14,11.97,33967,0.72,0,1.187,8.27,-93.8,30.908,2.318,4.98,0
8/3/2021,4:40:00,0,Piney Point,1.19,3.77,58142.4,2.329,12.15,5.66,51614.3,83.6,83.6,5.16,3.382,34.24,52272.7,3.36,16.13,33977,0.92,0,1.187,8.28,-94.3,30.879,2.326,4.98,0
8/3/2021,4:50:00,0,Piney Point,1.18,3.74,58131.4,2.354,12.5,5.77,51628.9,84,84,5.19,3.419,34.25,52284.6,3.96,18.17,33985,0.97,0,1.178,8.28,-94.2,30.855,2.356,4.98,0
8/3/2021,5:00:00,0,Piney Point,1.79,6.19,58116.4,2.387,12.46,5.76,51640.8,82,82,5.07,3.466,34.25,52293.5,8.87,34.82,33991,13.87,0,1.177,8.27,-93.8,30.83,2.388,4.99,0
8/3/2021,5:10:00,0,Piney Point,1.79,6.21,58120.3,2.418,12.62,5.81,51660.8,79.5,79.5,4.91,3.511,34.27,52311.8,4.53,20.07,34003,10.4,0,1.182,8.27,-93.6,30.813,2.42,4.98,0
8/3/2021,5:20:00,0,Piney Point,1,3.01,58102.2,2.395,12.61,5.81,51682.8,80.5,80.5,4.98,3.477,34.28,52329.5,3.57,16.82,34014,2.44,0,1.181,8.27,-93.6,30.776,2.387,4.98,0
8/3/2021,5:30:00,0,Piney Point,1.06,3.23,58096.6,2.407,12.74,5.85,51687,79.9,79.9,4.94,3.496,34.28,52332.6,3.12,15.31,34016,1.26,0,1.182,8.27,-93.5,30.767,2.407,4.99,0
8/3/2021,5:40:00,0,Piney Point,1.22,3.89,58071,2.391,12.72,5.85,51682.1,79.2,79.2,4.9,3.472,34.28,52325.6,3.51,16.64,34012,3.5,0,1.181,8.27,-93.6,30.749,2.389,4.99,0
8/3/2021,5:50:00,0,Piney Point,1.18,3.74,58057.2,2.391,12.77,5.86,51682,76.6,76.6,4.74,3.472,34.28,52324,2.1,11.84,34011,2.77,0,1.18,8.26,-93.2,30.737,2.387,4.99,0
8/3/2021,6:00:00,0,Piney Point,1.91,6.7,58018.4,2.455,12.72,5.84,51687.5,76.9,76.9,4.76,3.564,34.28,52324.8,5.92,24.81,34011,8.67,0,1.181,8.26,-92.9,30.697,2.46,4.98,0
8/3/2021,6:10:00,0,Piney Point,2.52,9.15,57949,2.506,12.17,5.66,51701.8,76,76,4.71,3.638,34.29,52330.2,6.08,25.36,34015,9.54,0,1.181,8.25,-92.6,30.622,2.51,4.98,0
8/3/2021,6:20:00,0,Piney Point,1.94,6.81,57894.2,2.471,11.64,5.49,51708.6,76,76,4.72,3.589,34.29,52330.3,6.92,28.2,34015,4.6,0,1.178,8.25,-92.7,30.567,2.473,4.98,0
8/3/2021,6:30:00,0,Piney Point,0.7,1.78,57871.3,2.453,11.83,5.55,51700.3,74.9,74.9,4.65,3.563,34.28,52320.5,4.3,19.32,34008,2.68,0,1.177,8.25,-92.4,30.555,2.452,4.98,0
8/3/2021,6:40:00,0,Piney Point,1.36,4.47,57813.5,2.437,12.13,5.65,51654.2,73.6,73.6,4.57,3.538,34.25,52273.2,3.82,17.68,33978,2.48,0,1.176,8.25,-92.1,30.549,2.439,4.98,0
8/3/2021,6:50:00,0,Piney Point,1.41,4.68,57779.9,2.436,12.33,5.72,51628.9,73.1,73.1,4.54,3.537,34.23,52247.1,3.72,17.35,33961,5.67,0,1.182,8.24,-91.9,30.544,2.441,4.98,0
8/3/2021,7:00:00,0,Piney Point,1.82,6.33,57733.3,2.451,12.18,5.66,51596.3,69.3,69.3,4.3,3.559,34.2,52213,5.12,22.1,33938,5.17,0,1.178,8.23,-91.2,30.535,2.451,4.98,0
8/3/2021,7:10:00,0,Piney Point,0.94,2.76,57630.5,2.455,12.12,5.64,51560.6,69.1,69.1,4.29,3.565,34.17,52170.2,4.86,21.21,33911,7.06,0,1.175,8.23,-91.4,30.48,2.454,4.98,0
8/3/2021,7:20:00,0,Piney Point,1.5,5.01,57600.1,2.477,12.11,5.64,51562.7,68.9,68.9,4.29,3.596,34.17,52168.8,6.8,27.8,33910,5.64,0,1.174,8.23,-91.1,30.451,2.473,4.98,0
8/3/2021,7:30:00,0,Piney Point,1.51,5.06,57598.4,2.489,12.96,5.92,51562.4,64.6,64.6,4.02,3.614,34.17,52168.4,4.82,21.06,33909,2.86,0,1.176,8.22,-90.4,30.45,2.49,4.99,0
8/3/2021,7:40:00,0,Piney Point,1.65,5.65,57525.3,2.452,11.74,5.52,51549.1,70.8,70.8,4.41,3.56,34.16,52148.7,4.42,19.71,33897,2.01,0,1.176,8.24,-91.5,30.398,2.455,4.98,0
8/3/2021,7:50:00,0,Piney Point,1.19,3.76,57487.9,2.432,12.1,5.64,51522.1,69.5,69.5,4.33,3.531,34.14,52120.6,4.73,20.75,33878,2.05,0,1.175,8.23,-91.2,30.391,2.429,4.98,0
8/3/2021,8:00:00,0,Piney Point,1.18,3.74,57455.4,2.415,12.42,5.74,51488.5,70.4,70.4,4.38,3.507,34.12,52087.2,4.53,20.1,33857,2.06,0,1.173,8.24,-91.5,30.396,2.414,4.97,0
8/3/2021,8:10:00,0,Piney Point,1.15,3.6,57477.5,2.389,12.48,5.76,51496.1,64.2,64.2,4,3.469,34.12,52096.3,3.34,16.05,33863,2.14,0,1.179,8.22,-90.5,30.408,2.387,4.98,0
8/3/2021,8:20:00,0,Piney Point,0.88,2.49,57487.5,2.377,12.44,5.75,51497,58.2,58.2,3.62,3.452,34.12,52098.2,3.2,15.58,33864,1.7,0,1.186,8.2,-89.5,30.416,2.376,4.98,0
8/3/2021,8:30:00,0,Piney Point,0.89,2.54,57491.5,2.361,12.64,5.82,51492.4,53.5,53.5,3.33,3.429,34.12,52094.5,3.67,17.18,33861,2.35,0,1.188,8.19,-88.7,30.424,2.356,4.97,0
8/3/2021,8:40:00,0,Piney Point,0.86,2.45,57468.9,2.348,12.42,5.74,51475.2,54.9,54.9,3.42,3.41,34.11,52076.7,4.6,20.33,33850,1.37,0,1.18,8.19,-88.9,30.421,2.347,4.99,0
8/3/2021,8:50:00,0,Piney Point,0.75,1.98,57451.3,2.353,12.56,5.79,51462.2,53.3,53.3,3.32,3.417,34.1,52063.2,2.52,13.26,33841,0.81,0,1.172,8.19,-88.8,30.418,2.357,4.98,0
8/3/2021,9:00:00,0,Piney Point,1.21,3.87,57428.8,2.359,12.67,5.83,51449.5,52.8,52.8,3.29,3.425,34.09,52049.5,7.6,30.52,33832,0.87,0,1.185,8.18,-88.5,30.411,2.356,4.98,0
8/3/2021,9:10:00,0,Piney Point,1.03,3.14,57401.5,2.368,12.42,5.74,51434.7,50.9,50.9,3.17,3.438,34.08,52033.4,4.38,19.57,33822,0.77,0,1.188,8.18,-88.1,30.401,2.37,4.97,0
8/3/2021,9:20:00,0,Piney Point,0.82,2.26,57365.8,2.356,12.86,5.89,51425.2,55.9,55.9,3.49,3.421,34.07,52021.1,2.95,14.72,33814,0.9,0,1.186,8.19,-88.9,30.379,2.36,4.98,0
8/3/2021,9:30:00,0,Piney Point,0.96,2.82,57353.2,2.349,12.52,5.78,51414.3,54.4,54.4,3.39,3.411,34.06,52010,3.01,14.94,33807,0.88,0,1.19,8.19,-88.6,30.379,2.347,4.98,0
8/3/2021,9:40:00,0,Piney Point,1.15,3.59,57219.7,2.343,12.39,5.73,51361.7,67,67,4.18,3.402,34.02,51948.9,3.08,15.16,33767,0.81,0,1.191,8.22,-90.6,30.312,2.346,4.97,0
8/3/2021,9:50:00,0,Piney Point,1.1,3.41,57229.3,2.339,12.52,5.78,51357.4,62.7,62.7,3.91,3.396,34.01,51946.1,2.57,13.43,33765,0.95,0,1.178,8.21,-90,30.325,2.342,4.97,0
8/3/2021,10:00:00,0,Piney Point,1.03,3.14,57171.1,2.335,12.54,5.79,51341.4,69.1,69.1,4.31,3.39,34,51925.6,1.97,11.4,33752,0.93,0,1.181,8.23,-91.2,30.289,2.331,4.97,0
8/3/2021,10:10:00,0,Piney Point,2.08,7.4,57142.6,2.346,12.52,5.78,51339.2,70.3,70.3,4.39,3.407,34,51920.6,3.32,15.99,33748,1.07,0,1.185,8.23,-91.2,30.266,2.346,4.98,0
8/3/2021,10:20:00,0,Piney Point,1.11,3.43,57148.6,2.363,12.44,5.75,51346.9,68.9,68.9,4.3,3.43,34,51928.2,4.17,18.86,33753,0.98,0,1.184,8.22,-90.8,30.263,2.36,4.98,0
8/3/2021,10:30:00,0,Piney Point,1.35,4.41,57133.3,2.351,12.24,5.69,51345,69.3,69.3,4.33,3.413,34,51924.8,3.43,16.34,33751,0.79,0,1.186,8.23,-91,30.252,2.349,4.97,0
8/3/2021,10:40:00,0,Piney Point,1.14,3.55,57131.8,2.356,12.21,5.67,51343.5,69.1,69.1,4.32,3.421,34,51923.3,2.48,13.14,33750,0.84,0,1.174,8.23,-90.8,30.252,2.358,4.97,0
8/3/2021,10:50:00,0,Piney Point,1.14,3.56,57130.4,2.334,12.3,5.71,51341.6,66.2,66.2,4.13,3.389,34,51921.5,7.08,28.73,33749,0.85,0,1.174,8.22,-90.4,30.253,2.33,4.97,0
8/3/2021,11:00:00,0,Piney Point,1.11,3.43,57113.1,2.335,12.3,5.71,51335.6,68,68,4.25,3.39,33.99,51914.3,4.2,18.98,33744,0.82,0,1.178,8.22,-90.7,30.243,2.331,4.98,0
8/3/2021,11:10:00,0,Piney Point,1.08,3.33,57092.2,2.319,12.32,5.71,51327.2,69.6,69.6,4.35,3.367,33.99,51904.6,6.71,27.5,33738,0.84,0,1.174,8.23,-90.8,30.233,2.318,4.98,0
8/3/2021,11:20:00,0,Piney Point,1.4,4.62,57101.4,2.313,12.47,5.76,51327.3,68,68,4.25,3.359,33.99,51905.6,2.1,11.83,33739,0.67,0,1.189,8.22,-90.3,30.241,2.311,4.97,0
8/3/2021,11:30:00,0,Piney Point,1.06,3.24,57076.2,2.296,12.63,5.81,51317.1,69,69,4.31,3.334,33.98,51893.9,3.07,15.13,33731,0.84,0,1.19,8.22,-90.7,30.228,2.298,4.97,0
8/3/2021,11:40:00,0,Piney Point,1.06,3.25,57059.1,2.288,12.56,5.79,51309.5,69.8,69.8,4.36,3.322,33.97,51885.3,5.36,22.89,33725,0.93,0,1.191,8.23,-90.9,30.221,2.289,4.97,0
8/3/2021,11:50:00,0,Piney Point,1.32,4.29,57039.1,2.265,12.52,5.78,51300.9,70,70,4.38,3.288,33.97,51875.5,4.15,18.8,33719,1.52,0,1.179,8.23,-90.9,30.211,2.265,4.97,0
8/3/2021,12:00:00,0,Piney Point,4.29,16.36,57001.3,2.265,12.67,5.83,51281,71.2,71.2,4.45,3.288,33.95,51853.7,6.01,25.12,33705,2.58,0,1.182,8.23,-91.2,30.197,2.261,4.98,0
8/3/2021,12:10:00,0,Piney Point,1.89,6.59,56979.8,2.259,12.63,5.81,51276.5,70.7,70.7,4.42,3.28,33.95,51847.4,8.74,34.39,33701,7.18,0,1.186,8.23,-91.2,30.183,2.262,4.97,0
8/3/2021,12:20:00,0,Piney Point,2.09,7.42,56920.7,2.263,12.65,5.82,51263.8,72.7,72.7,4.55,3.286,33.94,51829.8,8.93,35.02,33689,7.44,0,1.174,8.24,-91.5,30.143,2.26,4.97,0
8/3/2021,12:30:00,0,Piney Point,1.52,5.12,56879.3,2.253,12.86,5.89,51255.6,72.9,72.9,4.56,3.272,33.93,51818.1,5.97,24.99,33682,4.14,0,1.181,8.24,-91.6,30.114,2.248,4.97,0
8/3/2021,12:40:00,0,Piney Point,1.76,6.1,56883.4,2.247,12.6,5.81,51256.1,71.2,71.2,4.46,3.263,33.93,51819,11.01,42.08,33682,7.87,0,1.172,8.23,-91.2,30.117,2.244,4.98,0
8/3/2021,12:50:00,0,Piney Point,1.4,4.63,56872,2.218,12.72,5.85,51253.2,70.1,70.1,4.39,3.22,33.93,51815.2,4.8,20.99,33680,3.47,0,1.177,8.23,-91,30.11,2.222,4.97,0
8/3/2021,13:00:00,0,Piney Point,2.25,8.06,56818.1,2.174,13.03,5.95,51225.5,73.2,73.2,4.59,3.157,33.9,51784.7,6.43,26.55,33660,3.97,0,1.191,8.24,-91.9,30.089,2.17,4.97,0
8/3/2021,13:10:00,0,Piney Point,1.51,5.07,56757.3,2.139,13.19,6,51182.7,74.8,74.8,4.69,3.106,33.87,51740.1,5.11,22.04,33631,3.8,0,1.19,8.26,-92.8,30.077,2.138,4.97,0
8/3/2021,13:20:00,0,Piney Point,1.55,5.23,56709,2.111,13.27,6.03,51151.5,75.2,75.2,4.71,3.066,33.85,51707,3.08,15.17,33610,3.13,0,1.171,8.26,-93.2,30.065,2.11,4.97,0
8/3/2021,13:30:00,0,Piney Point,1.13,3.54,56655.1,2.079,13.54,6.12,51113.9,75.8,75.8,4.76,3.019,33.82,51667.8,3.95,18.13,33584,1.59,0,1.184,8.27,-93.6,30.054,2.076,4.97,0
8/3/2021,13:40:00,0,Piney Point,1.28,4.14,56596.9,2.049,13.73,6.18,51067.9,76.8,76.8,4.82,2.974,33.78,51620.5,3.95,18.11,33553,1.66,0,1.179,8.28,-94.2,30.047,2.045,4.98,0
8/3/2021,13:50:00,0,Piney Point,0.94,2.76,56554.2,2.031,13.74,6.18,51034.3,76.9,76.9,4.83,2.949,33.76,51585.9,4.04,18.41,33531,1.53,0,1.183,8.29,-94.4,30.043,2.029,4.97,0
8/3/2021,14:00:00,0,Piney Point,1.11,3.44,56504.5,2.013,13.9,6.24,51002.1,77.7,77.7,4.88,2.922,33.73,51551.9,3.59,16.91,33509,1.6,0,1.191,8.29,-94.7,30.03,2.015,4.97,0
8/3/2021,14:10:00,0,Piney Point,1.15,3.61,56459.4,1.994,13.84,6.22,50989.8,79.8,79.8,5.01,2.896,33.72,51536.2,7.11,28.86,33499,1.2,0,1.18,8.3,-95,30.001,1.995,4.97,0
8/3/2021,14:20:00,0,Piney Point,1.38,4.56,56449.9,1.985,13.82,6.21,50981.3,79.9,79.9,5.02,2.881,33.72,51527.6,6.94,28.26,33493,2.76,0,1.181,8.3,-95.1,30.002,1.979,4.97,0
8/3/2021,14:30:00,0,Piney Point,1.29,4.18,56429.3,1.989,13.75,6.19,50972.2,80.3,80.3,5.05,2.888,33.71,51517.2,9.55,37.13,33486,5.29,0,1.181,8.3,-95.1,29.992,1.972,4.97,0
8/3/2021,14:40:00,0,Piney Point,1.21,3.83,56404.6,1.981,13.89,6.23,50964.3,81.5,81.5,5.12,2.876,33.7,51507.6,5.82,24.48,33480,4.83,0,1.191,8.3,-95.2,29.978,1.981,4.97,0
8/3/2021,14:50:00,0,Piney Point,1.5,5.03,56397.2,1.977,13.74,6.19,50966.2,81.1,81.1,5.1,2.871,33.7,51508.5,5.63,23.81,33481,4.9,0,1.181,8.3,-95.1,29.969,1.988,4.97,0
8/3/2021,15:00:00,0,Piney Point,1.12,3.47,56395,1.97,13.65,6.15,50970.5,81.9,81.9,5.15,2.86,33.71,51512.1,3.19,15.55,33483,9.6,0,1.186,8.3,-95.2,29.963,1.97,4.97,0
8/3/2021,15:10:00,0,Piney Point,1.26,4.05,56381.9,1.945,13.78,6.2,50968.4,83,83,5.22,2.824,33.71,51508.9,3.37,16.14,33481,3.91,0,1.173,8.3,-95.2,29.953,1.944,4.97,0
8/3/2021,15:20:00,0,Piney Point,1.3,4.2,56351.2,1.91,13.78,6.2,50936.2,86.9,86.9,5.46,2.773,33.68,51476.8,4.17,18.85,33460,2.47,0,1.179,8.31,-96,29.958,1.907,4.97,0
8/3/2021,15:30:00,0,Piney Point,1.16,3.65,56311.2,1.886,13.99,6.27,50894.2,88.9,88.9,5.59,2.738,33.65,51435.1,4.2,18.96,33433,2.09,0,1.191,8.32,-96.4,29.963,1.888,4.97,0
8/3/2021,15:40:00,0,Piney Point,0.98,2.91,56264.1,1.863,13.88,6.23,50843,91.2,91.2,5.73,2.704,33.61,51384.3,4.46,19.86,33400,2.24,0,1.174,8.33,-96.9,29.972,1.86,4.97,0
8/3/2021,15:50:00,0,Piney Point,1.04,3.18,56228.5,1.843,14.23,6.35,50797.3,92.2,92.2,5.8,2.676,33.58,51339.8,3.66,17.13,33371,1.58,0,1.183,8.33,-97.3,29.986,1.841,4.97,0
8/3/2021,16:00:00,0,Piney Point,1.01,3.05,56166.2,1.827,14.41,6.41,50736.9,93.1,93.1,5.86,2.652,33.54,51279.2,3.11,15.27,33331,2.77,0,1.179,8.34,-97.5,29.99,1.829,4.97,0
8/3/2021,16:10:00,0,Piney Point,0.98,2.92,56170.7,1.805,14.74,6.52,50718.5,94.3,94.3,5.93,2.619,33.52,51263.3,4.49,19.96,33321,1.16,0,1.184,8.34,-97.6,30.012,1.805,4.97,0
8/3/2021,16:20:00,0,Piney Point,0.79,2.16,56119.5,1.781,14.98,6.6,50661.3,96.4,96.4,6.06,2.586,33.48,51206.7,2.72,13.96,33284,2.21,0,1.191,8.35,-98.1,30.023,1.782,4.97,0
8/3/2021,16:30:00,0,Piney Point,0.9,2.58,56087.5,1.759,15.25,6.69,50599.4,99.8,99.8,6.27,2.553,33.44,51148,3,14.91,33246,1.16,0,1.174,8.36,-98.7,30.056,1.757,4.97,0
8/3/2021,16:40:00,0,Piney Point,0.86,2.44,55998.7,1.738,15.57,6.8,50521.6,101.1,101.1,6.35,2.522,33.38,51069,3.66,17.13,33195,0.89,0,1.178,8.36,-99.1,30.054,1.734,4.97,0
8/3/2021,16:50:00,0,Piney Point,1.07,3.29,55947.5,1.742,15.69,6.84,50477,101.8,101.8,6.4,2.528,33.35,51023.8,2.42,12.92,33165,1.12,0,1.177,8.37,-99.3,30.052,1.742,4.97,0
8/3/2021,17:00:00,0,Piney Point,1.11,3.46,56056.5,1.762,16.03,6.95,50539.6,98.4,98.4,6.18,2.557,33.39,51091.2,5.71,24.08,33209,1.13,0,1.178,8.35,-98.5,30.088,1.76,4.97,0
8/3/2021,17:10:00,0,Piney Point,1.14,3.57,56070.8,1.785,16.37,7.06,50563.7,98.3,98.3,6.18,2.591,33.41,51114.3,2.83,14.31,33224,0.76,0,1.181,8.35,-98.4,30.077,1.787,4.97,0
8/3/2021,17:20:00,0,Piney Point,0.89,2.54,56102.8,1.802,15.53,6.78,50600.4,101.1,101.1,6.35,2.615,33.44,51150.5,1.91,11.18,33248,0.7,0,1.185,8.36,-98.6,30.069,1.807,4.97,0
8/3/2021,17:30:00,0,Piney Point,1.18,3.73,56143,1.81,14.81,6.54,50637,102.2,102.2,6.42,2.628,33.46,51187.4,2.82,14.3,33272,0.83,0,1.176,8.36,-98.7,30.069,1.81,4.98,0
8/3/2021,17:40:00,0,Piney Point,1.04,3.17,56168.5,1.822,14.29,6.37,50657.6,102.2,102.2,6.42,2.644,33.48,51208.5,3.53,16.69,33286,0.98,0,1.181,8.35,-98.5,30.071,1.821,4.97,0
8/3/2021,17:50:00,0,Piney Point,1.01,3.03,56192.5,1.831,14.36,6.39,50674,101.8,101.8,6.39,2.658,33.49,51225.7,6.58,27.05,33297,1.05,0,1.181,8.35,-98.5,30.076,1.831,4.97,0
8/3/2021,18:00:00,0,Piney Point,0.97,2.87,56207.7,1.837,14.15,6.32,50681.8,100.7,100.7,6.32,2.666,33.5,51234.3,1.94,11.3,33302,0.88,0,1.183,8.35,-98.4,30.082,1.837,4.97,0
8/3/2021,18:10:00,0,Piney Point,0.93,2.73,56235,1.84,14.79,6.54,50717.6,101.5,101.5,6.37,2.67,33.52,51269.2,2.73,13.98,33325,0.77,0,1.189,8.35,-98.5,30.071,1.839,4.97,0
8/3/2021,18:20:00,0,Piney Point,1.48,4.97,56248.7,1.848,14.13,6.32,50726.6,101.6,101.6,6.38,2.683,33.53,51278.7,4.44,19.78,33331,0.75,0,1.191,8.35,-98.4,30.075,1.846,4.97,0
8/3/2021,18:30:00,0,Piney Point,0.88,2.51,56265.4,1.844,13.9,6.24,50743.9,100.8,100.8,6.33,2.677,33.54,51295.9,3.49,16.57,33342,0.76,0,1.189,8.35,-98.3,30.072,1.843,4.98,0
8/3/2021,18:40:00,0,Piney Point,1.16,3.63,56273.3,1.847,13.85,6.22,50750.4,100.5,100.5,6.31,2.681,33.55,51302.6,4.46,19.86,33347,0.83,0,1.182,8.35,-98.2,30.073,1.847,4.97,0
8/3/2021,18:50:00,0,Piney Point,0.92,2.69,56265.9,1.856,14.05,6.29,50755.3,100.3,100.3,6.3,2.694,33.55,51306.2,2.52,13.27,33349,1.31,0,1.177,8.35,-98.3,30.061,1.857,4.97,0
8/3/2021,19:00:00,0,Piney Point,1.24,3.95,56279.2,1.855,13.95,6.26,50772,99.2,99.2,6.23,2.693,33.56,51322.5,3.98,18.23,33360,0.61,0,1.181,8.35,-98.1,30.056,1.856,4.98,0
8/3/2021,19:10:00,0,Piney Point,0.84,2.35,56292,1.875,13.69,6.17,50780.7,98.4,98.4,6.18,2.721,33.57,51331.6,1.62,10.22,33366,0.71,0,1.178,8.35,-98,30.059,1.874,4.97,0
8/3/2021,19:20:00,0,Piney Point,2.24,8.04,56337.8,1.897,13.93,6.25,50829.9,98.5,98.5,6.19,2.754,33.61,51380.4,4.09,18.59,33397,0.61,0,1.184,8.34,-97.8,30.052,1.899,4.97,0
8/3/2021,19:30:00,0,Piney Point,1.22,3.88,56406.7,1.926,13.57,6.13,50899.8,98.7,98.7,6.2,2.796,33.66,51450.1,4.65,20.48,33443,0.84,0,1.178,8.34,-97.5,30.044,1.928,4.98,0
8/3/2021,19:40:00,0,Piney Point,1.07,3.3,56456.4,1.95,13.39,6.07,50953.1,96.8,96.8,6.08,2.831,33.7,51503.1,3.01,14.94,33477,0.84,0,1.183,8.33,-97.1,30.035,1.95,4.98,0
8/3/2021,19:50:00,0,Piney Point,2.31,8.32,56484.9,1.97,13.31,6.04,50987.7,94.9,94.9,5.96,2.86,33.72,51537,4.66,20.53,33499,1.09,0,1.178,8.32,-96.7,30.027,1.971,4.97,0
8/3/2021,20:00:00,0,Piney Point,0.98,2.9,56507.8,1.99,13.27,6.03,51019.5,93.3,93.3,5.86,2.89,33.75,51567.8,4.85,21.18,33519,0.93,0,1.184,8.32,-96.2,30.016,1.987,4.97,0
8/3/2021,20:10:00,0,Piney Point,1.16,3.63,56526.2,2.009,12.76,5.86,51050.2,91.5,91.5,5.75,2.917,33.77,51597.2,5.05,21.85,33538,1,0,1.179,8.31,-95.7,30.002,2.004,4.97,0
8/3/2021,20:20:00,0,Piney Point,1.52,5.11,56547.2,2.013,12.93,5.91,51079.4,89.6,89.6,5.62,2.923,33.79,51625.5,5.34,22.83,33557,1.2,0,1.184,8.3,-95.3,29.991,2.015,4.98,0
8/3/2021,20:30:00,0,Piney Point,1.38,4.53,56554.2,2.026,12.89,5.9,51098.3,89.5,89.5,5.62,2.942,33.8,51643.2,4.03,18.38,33568,1.18,0,1.178,8.3,-95.2,29.979,2.024,4.97,0
8/3/2021,20:40:00,0,Piney Point,0.97,2.87,56546.9,2.038,12.84,5.89,51095.8,87.3,87.3,5.48,2.959,33.8,51640.2,2.54,13.32,33566,1.16,0,1.184,8.3,-95,29.975,2.037,4.97,0
8/3/2021,20:50:00,0,Piney Point,1.25,4.01,56536.1,2.052,13.08,5.96,51090.6,83.2,83.2,5.23,2.98,33.8,51634.4,3.48,16.54,33562,3.2,0,1.178,8.28,-94.2,29.97,2.052,4.97,0
8/3/2021,21:00:00,0,Piney Point,1.83,6.38,56533.8,2.065,12.97,5.93,51097.1,82.7,82.7,5.2,2.998,33.8,51639.9,5.39,22.99,33566,1.11,0,1.184,8.28,-94.2,29.962,2.066,4.97,0
8/3/2021,21:10:00,0,Piney Point,2.47,8.94,56536.2,2.079,12.89,5.9,51138.3,86.2,86.2,5.42,3.018,33.83,51677.1,7.7,30.85,33590,0.93,0,1.191,8.29,-94.4,29.923,2.078,4.97,0
8/3/2021,21:20:00,0,Piney Point,1.38,4.55,56542.9,2.099,12.95,5.92,51181.7,87.4,87.4,5.5,3.048,33.86,51716.6,3.86,17.8,33616,1.35,0,1.178,8.28,-94.2,29.886,2.1,4.97,0
8/3/2021,21:30:00,0,Piney Point,1.19,3.76,56551.8,2.116,12.76,5.86,51205.8,86.7,86.7,5.45,3.072,33.88,51739.1,4.47,19.89,33630,1.2,0,1.182,8.28,-93.8,29.87,2.116,4.97,0
8/3/2021,21:40:00,0,Piney Point,1.3,4.2,56560.7,2.144,12.6,5.8,51233.5,86.7,86.7,5.45,3.114,33.9,51764.8,5.12,22.09,33647,1.28,0,1.182,8.27,-93.6,29.851,2.145,4.97,0
8/3/2021,21:50:00,0,Piney Point,1.18,3.73,56563.9,2.154,12.55,5.79,51240.5,84,84,5.29,3.128,33.9,51771.4,4.18,18.91,33651,1.14,0,1.191,8.27,-93.1,29.847,2.155,4.97,0
8/3/2021,22:00:00,0,Piney Point,0.96,2.82,56550.2,2.164,12.57,5.79,51249.5,86.6,86.6,5.45,3.142,33.91,51778,2.56,13.39,33656,1.3,0,1.181,8.27,-93.5,29.826,2.164,4.97,0
8/3/2021,22:10:00,0,Piney Point,1.28,4.15,56544.3,2.171,12.58,5.8,51249.4,84.1,84.1,5.29,3.153,33.91,51777.2,4.29,19.26,33655,1.32,0,1.187,8.26,-93.1,29.82,2.17,4.97,0
8/3/2021,22:20:00,0,Piney Point,1.24,3.97,56535.6,2.18,12.56,5.79,51253.5,84.4,84.4,5.31,3.165,33.91,51780,4.67,20.55,33657,1.41,0,1.178,8.26,-93.1,29.809,2.18,4.97,0
8/3/2021,22:30:00,0,Piney Point,1.53,5.17,56518.9,2.194,12.72,5.85,51256.1,83.8,83.8,5.27,3.185,33.91,51780.6,4.23,19.08,33657,1.52,0,1.18,8.27,-93.1,29.791,2.194,4.97,0
8/3/2021,22:40:00,0,Piney Point,1.76,6.08,56509.4,2.202,12.77,5.86,51259.8,82.9,82.9,5.22,3.198,33.91,51782.9,4.72,20.72,33659,1.8,0,1.178,8.26,-92.8,29.779,2.202,4.97,0
8/3/2021,22:50:00,0,Piney Point,0.73,1.89,56498.7,2.216,12.7,5.84,51265.7,82.1,82.1,5.17,3.218,33.92,51787.1,2.34,12.67,33662,1.19,0,1.184,8.25,-92.5,29.763,2.215,4.97,0
8/3/2021,23:00:00,0,Piney Point,1.88,6.58,56469.6,2.224,12.67,5.83,51268.8,81.5,81.5,5.14,3.23,33.92,51786.7,4.36,19.49,33661,1.37,0,1.178,8.25,-92.2,29.734,2.225,4.97,0
8/3/2021,23:10:00,0,Piney Point,1.21,3.85,56462.2,2.242,12.63,5.82,51274.8,80.4,80.4,5.06,3.256,33.92,51791.4,3.81,17.64,33664,1.4,0,1.184,8.25,-91.9,29.722,2.242,4.97,0
8/3/2021,23:20:00,0,Piney Point,1.51,5.06,56446.9,2.265,12.75,5.86,51279.5,78.3,78.3,4.93,3.289,33.92,51794,3.92,18.02,33666,1.93,0,1.178,8.24,-91.4,29.703,2.266,4.97,0
8/3/2021,23:30:00,0,Piney Point,1.5,5.02,56421,2.282,12.59,5.8,51282,77.1,77.1,4.86,3.314,33.92,51793.4,4.04,18.41,33666,1.81,0,1.184,8.23,-90.8,29.678,2.284,4.97,0
8/3/2021,23:40:00,0,Piney Point,1.44,4.8,56409.1,2.288,12.42,5.75,51281.7,74.3,74.3,4.68,3.323,33.92,51792,4.94,21.47,33665,1.75,0,1.191,8.22,-90.3,29.667,2.287,4.97,0
8/3/2021,23:50:00,0,Piney Point,1.66,5.68,56378.8,2.275,12.36,5.73,51281.7,75,75,4.73,3.303,33.92,51788.8,2.76,14.08,33663,1.83,0,1.176,8.22,-90.2,29.64,2.274,4.97,0
8/4/2021,0:00:00,0,Piney Point,1.7,5.82,56362.6,2.261,12.42,5.75,51283.1,75.4,75.4,4.76,3.283,33.92,51788.4,7.74,31,33662,1.44,0,1.173,8.22,-90.3,29.624,2.258,4.97,0
8/4/2021,0:10:00,0,Piney Point,1.43,4.73,56359.4,2.23,12.51,5.78,51286.5,75,75,4.73,3.239,33.92,51791,4.4,19.64,33664,1.65,0,1.178,8.22,-90.2,29.618,2.229,4.97,0
8/4/2021,0:20:00,0,Piney Point,1.37,4.48,56349.8,2.204,12.8,5.87,51276.8,75.7,75.7,4.78,3.201,33.92,51781.3,3.76,17.46,33658,1.97,0,1.188,8.23,-90.7,29.619,2.205,4.97,0
8/4/2021,0:30:00,0,Piney Point,1.4,4.64,56330.4,2.186,12.93,5.91,51260.7,74.9,74.9,4.73,3.174,33.91,51765,4.16,18.85,33647,1.9,0,1.179,8.23,-90.9,29.618,2.189,4.97,0
8/4/2021,0:40:00,0,Piney Point,1.51,5.09,56272.7,2.166,13.09,5.97,51225.5,75.2,75.2,4.75,3.146,33.88,51727.4,3.34,16.05,33623,1.24,0,1.178,8.23,-91.1,29.601,2.169,4.97,0
8/4/2021,0:50:00,0,Piney Point,1.32,4.28,56250,2.159,13.07,5.96,51215.5,74.2,74.2,4.69,3.136,33.87,51716.1,3.92,18.01,33615,1.23,0,1.178,8.23,-91.1,29.59,2.159,4.97,0
8/4/2021,1:00:00,0,Piney Point,1.69,5.81,56222.9,2.144,13.02,5.94,51198.7,73.6,73.6,4.65,3.113,33.86,51698.2,2.46,13.06,33604,1.23,0,1.175,8.23,-91,29.582,2.143,4.97,0
8/4/2021,1:10:00,0,Piney Point,1.29,4.17,56213.5,2.159,13.22,6.01,51194.9,72,72,4.55,3.136,33.85,51693.8,3.81,17.65,33601,1.97,0,1.173,8.23,-90.9,29.578,2.161,4.96,0
8/4/2021,1:20:00,0,Piney Point,1.21,3.83,56135.5,2.165,13.29,6.03,51135.2,72.3,72.3,4.57,3.144,33.81,51632.2,5.31,22.74,33561,1.15,0,1.172,8.24,-91.4,29.566,2.162,4.97,0
8/4/2021,1:30:00,0,Piney Point,0.95,2.8,56184.4,2.165,13.29,6.03,51165.7,65.2,65.2,4.12,3.144,33.83,51664.6,3.06,15.08,33582,1.53,0,1.191,8.21,-89.6,29.58,2.168,4.96,0
8/4/2021,1:40:00,0,Piney Point,1.04,3.15,56143.7,2.172,13.3,6.04,51142.7,65.5,65.5,4.14,3.154,33.81,51639.8,2.87,14.44,33566,1,0,1.183,8.21,-89.8,29.566,2.173,4.97,0
8/4/2021,1:50:00,0,Piney Point,0.98,2.91,56128.2,2.184,13.48,6.1,51142.1,66.6,66.6,4.21,3.172,33.81,51637.7,2.56,13.41,33564,0.99,0,1.178,8.21,-89.7,29.553,2.187,4.96,0
8/4/2021,2:00:00,0,Piney Point,0.89,2.55,56162.6,2.185,13.13,5.98,51154.5,57.7,57.7,3.65,3.173,33.82,51652.4,2.57,13.43,33574,1.18,0,1.174,8.19,-88.4,29.572,2.186,4.97,0
8/4/2021,2:10:00,0,Piney Point,0.94,2.75,56149.9,2.193,13.28,6.03,51147.2,57.5,57.5,3.64,3.185,33.82,51644.5,1.96,11.37,33569,0.89,0,1.18,8.18,-88.1,29.567,2.193,4.97,0
8/4/2021,2:20:00,0,Piney Point,0.83,2.32,56123.2,2.196,13.31,6.04,51135.1,53.4,53.4,3.38,3.189,33.81,51630.8,2.62,13.61,33560,1.29,0,1.191,8.18,-87.7,29.555,2.195,4.97,0
8/4/2021,2:30:00,0,Piney Point,0.78,2.11,56028.5,2.192,13.23,6.02,51098,61.8,61.8,3.91,3.183,33.78,51587.8,2.19,12.13,33532,1.15,0,1.174,8.2,-89.2,29.507,2.192,4.97,0
8/4/2021,2:40:00,0,Piney Point,0.98,2.93,55983.2,2.191,13.09,5.97,51087,64.5,64.5,4.08,3.182,33.77,51573.2,2.6,13.53,33523,0.92,0,1.177,8.2,-89.4,29.477,2.192,4.96,0
8/4/2021,2:50:00,0,Piney Point,1.32,4.28,55942.2,2.198,13.5,6.1,51078.6,65.9,65.9,4.17,3.191,33.76,51561.4,4.71,20.69,33515,1.72,0,1.179,8.21,-89.8,29.448,2.194,4.96,0
8/4/2021,3:00:00,0,Piney Point,0.89,2.53,55940.3,2.197,13.38,6.07,51078.6,63.4,63.4,4.01,3.19,33.76,51561.2,1.23,8.9,33515,2,0,1.191,8.2,-89.1,29.447,2.193,4.97,0
8/4/2021,3:10:00,0,Piney Point,1.05,3.21,55899.6,2.202,13.22,6.01,51069.4,65,65,4.12,3.198,33.75,51548.7,4.89,21.32,33507,2.14,0,1.184,8.21,-89.5,29.419,2.201,4.97,0
8/4/2021,3:20:00,0,Piney Point,0.85,2.4,55874.6,2.201,13.55,6.12,51062,65.6,65.6,4.16,3.196,33.75,51539.5,2.9,14.57,33501,3.31,0,1.177,8.21,-89.5,29.404,2.198,4.96,0
8/4/2021,3:30:00,0,Piney Point,1.01,3.04,55847.1,2.21,13.34,6.05,51054.7,66,66,4.18,3.21,33.74,51530.1,2.65,13.71,33495,1.88,0,1.181,8.21,-89.6,29.386,2.206,4.96,0
8/4/2021,3:40:00,0,Piney Point,0.93,2.72,55846,2.199,13.53,6.11,51055.2,64.5,64.5,4.09,3.193,33.74,51530.4,2.8,14.22,33495,1.5,0,1.183,8.2,-89.2,29.385,2.201,4.96,0
8/4/2021,3:50:00,0,Piney Point,1.07,3.3,55832,2.209,13.38,6.07,51050,63.9,63.9,4.05,3.207,33.74,51524.3,2.98,14.83,33491,1.5,0,1.175,8.2,-89.1,29.377,2.205,4.97,0
8/4/2021,4:00:00,0,Piney Point,1.01,3.03,55819.8,2.209,13.32,6.04,51044.5,62.2,62.2,3.95,3.208,33.73,51518.1,5.05,21.86,33487,2.23,0,1.186,8.19,-88.7,29.372,2.207,4.96,0
8/4/2021,4:10:00,0,Piney Point,0.98,2.93,55781.3,2.214,13.2,6,51038.9,64.5,64.5,4.09,3.215,33.73,51509.1,2.3,12.53,33481,1.63,0,1.183,8.2,-89,29.343,2.216,4.96,0
8/4/2021,4:20:00,0,Piney Point,0.7,1.78,55761.5,2.218,13.37,6.06,51032.8,63.6,63.6,4.04,3.221,33.72,51501.5,2.56,13.41,33476,2.72,0,1.178,8.19,-88.8,29.331,2.22,4.95,0
8/4/2021,4:30:00,0,Piney Point,1.34,4.37,55755.2,2.214,13.31,6.04,51034.9,62.7,62.7,3.98,3.215,33.72,51502.8,4.77,20.91,33477,1.76,0,1.175,8.19,-88.6,29.323,2.216,4.96,0
8/4/2021,4:40:00,0,Piney Point,1.31,4.27,55733.5,2.222,13.25,6.02,51034.2,64.9,64.9,4.13,3.227,33.72,51499.9,2.77,14.12,33475,1.01,0,1.181,8.2,-89,29.304,2.223,4.96,0
8/4/2021,4:50:00,0,Piney Point,0.72,1.85,55728.5,2.258,13.32,6.04,51036.3,63,63,4,3.279,33.72,51501.2,4.19,18.92,33476,0.87,0,1.188,8.19,-88.4,29.297,2.259,4.95,0
8/4/2021,5:00:00,0,Piney Point,1.2,3.8,55714.6,2.232,13.1,5.97,51035.8,63.5,63.5,4.03,3.242,33.72,51499.4,2.82,14.28,33475,1.14,0,1.179,8.19,-88.7,29.285,2.233,4.95,0
8/4/2021,5:10:00,0,Piney Point,1.33,4.36,55716.1,2.217,13.33,6.05,51036,61,61,3.87,3.22,33.72,51499.7,3.47,16.48,33475,0.91,0,1.175,8.19,-88.3,29.287,2.216,4.96,0
8/4/2021,5:20:00,0,Piney Point,1.18,3.71,55690.4,2.214,13.54,6.12,51022.4,61.6,61.6,3.91,3.215,33.71,51484.8,2.97,14.78,33465,0.78,0,1.182,8.19,-88.4,29.277,2.212,4.96,0
8/4/2021,5:30:00,0,Piney Point,1,3,55682,2.215,13.46,6.09,51018.4,59.4,59.4,3.78,3.216,33.71,51480.4,3.41,16.28,33462,0.91,0,1.191,8.18,-88.2,29.273,2.215,4.95,0
8/4/2021,5:40:00,0,Piney Point,1.13,3.54,55658.9,2.252,13.51,6.11,51014,60.4,60.4,3.84,3.271,33.7,51474.1,3.24,15.7,33458,0.85,0,1.174,8.18,-88,29.257,2.251,4.95,0
8/4/2021,5:50:00,0,Piney Point,1.26,4.05,55612.6,2.285,13.15,5.99,51021.5,62.4,62.4,3.97,3.319,33.71,51476,4.25,19.14,33459,1.26,0,1.179,8.18,-88.1,29.207,2.284,4.95,0
8/4/2021,6:00:00,0,Piney Point,1.96,6.91,55614.6,2.314,13.2,6.01,51044.3,62.3,62.3,3.96,3.361,33.72,51496.6,7.45,30,33473,1.4,0,1.178,8.18,-88,29.187,2.313,4.95,0
8/4/2021,6:10:00,0,Piney Point,1.31,4.26,55629.8,2.332,12.99,5.93,51067.7,61.7,61.7,3.92,3.386,33.74,51519.1,3.87,17.86,33487,1.35,0,1.191,8.18,-87.8,29.177,2.33,4.95,0
8/4/2021,6:20:00,0,Piney Point,1.81,6.3,55634,2.339,12.96,5.92,51083.4,60.8,60.8,3.87,3.397,33.75,51533.6,3.19,15.55,33497,1.15,0,1.182,8.17,-87.5,29.166,2.336,4.95,0
8/4/2021,6:30:00,0,Piney Point,0.91,2.65,55633,2.36,13.19,6,51089.1,58.8,58.8,3.74,3.428,33.75,51538.6,2.48,13.14,33500,1.49,0,1.181,8.17,-87.1,29.159,2.359,4.95,0
8/4/2021,6:40:00,0,Piney Point,1.51,5.05,55631.6,2.378,12.97,5.93,51111,60.5,60.5,3.86,3.454,33.77,51558.1,2.75,14.03,33513,1.41,0,1.186,8.17,-87.4,29.137,2.377,4.95,0
8/4/2021,6:50:00,0,Piney Point,1.1,3.39,55637.3,2.392,12.81,5.87,51124.1,58.5,58.5,3.73,3.474,33.78,51570.4,2.54,13.34,33521,1.17,0,1.173,8.16,-86.9,29.129,2.393,4.95,0
8/4/2021,7:00:00,0,Piney Point,1.44,4.8,55652.2,2.4,12.76,5.86,51153.7,59.2,59.2,3.77,3.486,33.8,51598.5,4.41,19.69,33539,1.31,0,1.18,8.17,-87.1,29.113,2.399,4.96,0
8/4/2021,7:10:00,0,Piney Point,1.47,4.91,55671.4,2.421,14.12,6.31,51188.4,59.6,59.6,3.8,3.516,33.82,51631.6,6.09,25.38,33561,1.25,0,1.181,8.17,-87.2,29.097,2.416,4.95,0
8/4/2021,7:20:00,0,Piney Point,1.72,5.93,55687.2,2.442,12.72,5.84,51220.9,59.5,59.5,3.79,3.547,33.85,51662.3,6.22,25.81,33581,1.38,0,1.178,8.17,-87.2,29.079,2.445,4.95,0
8/4/2021,7:30:00,0,Piney Point,1.54,5.21,55727.9,2.455,12.52,5.78,51260.5,57.7,57.7,3.67,3.565,33.88,51702,5.51,23.4,33606,1.25,0,1.183,8.17,-87.2,29.077,2.456,4.95,0
8/4/2021,7:40:00,0,Piney Point,1.91,6.68,55812.2,2.471,12.31,5.71,51357.5,61.6,61.6,3.92,3.589,33.95,51797.7,7.13,28.91,33669,1.25,0,1.191,8.19,-88.5,29.058,2.474,4.95,0
8/4/2021,7:50:00,0,Piney Point,1.88,6.56,55851.4,2.484,11.95,5.59,51398.4,61.5,61.5,3.92,3.607,33.98,51838.4,4.09,18.59,33695,2.16,0,1.172,8.19,-88.7,29.053,2.487,4.95,0
8/4/2021,8:00:00,0,Piney Point,1.31,4.27,55899.9,2.499,12.01,5.61,51445,61.9,61.9,3.94,3.63,34.01,51885.2,4.08,18.58,33725,1.17,0,1.174,8.2,-89,29.051,2.5,4.95,0
8/4/2021,8:10:00,0,Piney Point,1.53,5.13,55932.5,2.517,11.72,5.51,51481.4,62.9,62.9,4.01,3.656,34.04,51921.1,4.02,18.35,33749,1.19,0,1.174,8.21,-89.6,29.045,2.517,4.95,0
8/4/2021,8:20:00,0,Piney Point,1.7,5.86,55991.5,2.542,11.52,5.45,51537.4,66,66,4.2,3.693,34.08,51977.4,6.88,28.07,33785,1.28,0,1.191,8.22,-90.5,29.043,2.546,4.95,0
8/4/2021,8:30:00,0,Piney Point,1.41,4.65,56034.6,2.563,11.39,5.4,51572.2,66.3,66.3,4.22,3.724,34.11,52013.1,4.41,19.68,33808,1.84,0,1.188,8.23,-90.8,29.048,2.566,4.95,0
8/4/2021,8:40:00,0,Piney Point,1.8,6.23,56109.6,2.571,10.98,5.27,51632.3,66.9,66.9,4.26,3.735,34.15,52074.7,4.98,21.61,33849,1.38,0,1.181,8.24,-91.2,29.057,2.566,4.95,0
8/4/2021,8:50:00,0,Piney Point,1.41,4.68,56183.2,2.567,10.38,5.07,51694.4,69.8,69.8,4.44,3.73,34.2,52138,4.91,21.39,33890,1.55,0,1.179,8.25,-91.9,29.062,2.565,4.94,0
8/4/2021,9:00:00,0,Piney Point,1.79,6.19,56203.3,2.554,10.09,4.97,51717.7,71.9,71.9,4.57,3.711,34.22,52161,5.24,22.51,33905,1.4,0,1.177,8.25,-92.3,29.058,2.553,4.95,0
8/4/2021,9:10:00,0,Piney Point,1.6,5.43,56191.6,2.544,10.18,5,51705.2,72.6,72.6,4.62,3.696,34.21,52148.5,4.56,20.18,33897,1.26,0,1.185,8.25,-92.1,29.059,2.541,4.95,0
8/4/2021,9:20:00,0,Piney Point,1.19,3.78,56212.3,2.533,10.32,5.05,51705.8,71.2,71.2,4.53,3.68,34.21,52151.2,5.99,25.03,33898,1.12,0,1.178,8.25,-91.9,29.077,2.531,4.95,0
8/4/2021,9:30:00,0,Piney Point,3.71,13.99,56229.5,2.523,10.99,5.27,51708,70,70,4.45,3.666,34.21,52155,20.52,74.38,33901,1.28,0,1.173,8.25,-91.8,29.09,2.522,4.95,0
8/4/2021,9:40:00,0,Piney Point,0.81,2.21,56241.5,2.523,10.41,5.07,51703.3,70.5,70.5,4.48,3.665,34.21,52152,2.81,14.26,33899,1.02,0,1.179,8.25,-91.9,29.106,2.519,4.95,0
8/4/2021,9:50:00,0,Piney Point,1.24,3.95,56247.2,2.523,10.42,5.08,51700.3,70,70,4.45,3.666,34.21,52149.9,2.15,11.99,33897,1.07,0,1.184,8.24,-91.7,29.114,2.524,4.94,0
8/4/2021,10:00:00,0,Piney Point,0.96,2.84,56244,2.519,10.49,5.1,51693.5,69.8,69.8,4.44,3.66,34.2,52143.5,3.12,15.31,33893,1.14,0,1.176,8.24,-91.6,29.117,2.521,4.95,0
8/4/2021,10:10:00,0,Piney Point,1.03,3.11,56245.7,2.518,10.5,5.11,51687.9,68.8,68.8,4.37,3.658,34.2,52138.6,4.49,19.96,33890,1.13,0,1.186,8.24,-91.5,29.124,2.516,4.95,0
8/4/2021,10:20:00,0,Piney Point,1.17,3.67,56253.1,2.519,12.07,5.63,51682.7,67.3,67.3,4.27,3.659,34.19,52134.7,2.55,13.36,33888,1.29,0,1.182,8.23,-91,29.136,2.522,4.95,0
8/4/2021,10:30:00,0,Piney Point,0.96,2.83,56238.8,2.507,10.86,5.23,51650.1,67.2,67.2,4.27,3.642,34.17,52104.1,3.35,16.07,33868,1.93,0,1.179,8.23,-91,29.155,2.509,4.95,0
8/4/2021,10:40:00,0,Piney Point,1.08,3.32,56236.1,2.492,11.03,5.28,51633.3,67.2,67.2,4.27,3.62,34.16,52088.7,2.46,13.06,33858,7.68,0,1.174,8.23,-90.7,29.169,2.495,4.95,0
8/4/2021,10:50:00,0,Piney Point,1.02,3.06,56188.6,2.495,11.33,5.38,51582.9,70.8,70.8,4.5,3.624,34.12,52038.6,4.32,19.38,33825,1.81,0,1.181,8.23,-91,29.175,2.497,4.95,0
8/4/2021,11:00:00,0,Piney Point,1.02,3.06,56130.6,2.481,11.32,5.38,51519.1,72.3,72.3,4.59,3.603,34.07,51975.5,3.68,17.21,33784,2.23,0,1.191,8.23,-90.9,29.186,2.482,4.95,0
8/4/2021,11:10:00,0,Piney Point,1.1,3.41,56095.9,2.483,11.51,5.44,51470.2,74,74,4.7,3.606,34.04,51928.1,3.94,18.09,33753,2.4,0,1.184,8.23,-91,29.202,2.484,4.95,0
8/4/2021,11:20:00,0,Piney Point,1.04,3.17,56013.8,2.472,11.85,5.55,51387.4,76.1,76.1,4.83,3.591,33.98,51845.3,3.88,17.9,33699,2.64,0,1.177,8.23,-90.9,29.209,2.469,4.94,0
8/4/2021,11:30:00,0,Piney Point,1.17,3.7,55885.7,2.464,11.74,5.52,51276.7,77,77,4.89,3.579,33.9,51732.9,4.82,21.06,33626,7.78,0,1.172,8.22,-90.5,29.203,2.46,4.95,0
8/4/2021,11:40:00,0,Piney Point,1.11,3.46,55885.6,2.467,11.84,5.55,51252.7,78.2,78.2,4.97,3.583,33.88,51711.4,5.7,24.07,33612,2.65,0,1.178,8.23,-90.6,29.226,2.471,4.94,0
8/4/2021,11:50:00,0,Piney Point,1.08,3.33,55859,2.451,12.15,5.65,51220.4,78,78,4.95,3.56,33.86,51679.7,4.62,20.39,33592,1.87,0,1.186,8.22,-90.5,29.234,2.45,4.95,0
8/4/2021,12:00:00,0,Piney Point,0.95,2.78,55799,2.434,12.58,5.8,51157.3,78.4,78.4,4.98,3.534,33.81,51616.9,3.17,15.46,33551,2.91,0,1.178,8.22,-90.6,29.242,2.432,4.95,0
8/4/2021,12:10:00,0,Piney Point,0.99,2.94,55773.4,2.418,11.94,5.59,51122.6,78.8,78.8,5.01,3.511,33.78,51583.2,3.53,16.68,33529,1.61,0,1.185,8.22,-90.4,29.253,2.412,4.94,0
8/4/2021,12:20:00,0,Piney Point,0.93,2.73,55740.5,2.388,11.89,5.57,51075.5,81.5,81.5,5.18,3.467,33.75,51537.7,3.41,16.28,33499,1.51,0,1.179,8.23,-90.8,29.27,2.39,4.95,0
8/4/2021,12:30:00,0,Piney Point,0.96,2.82,55655.4,2.368,11.89,5.57,50990.3,82.9,82.9,5.27,3.439,33.69,51452.5,3.61,16.97,33444,1.22,0,1.173,8.23,-90.9,29.277,2.367,4.95,0
8/4/2021,12:40:00,0,Piney Point,0.94,2.75,55665,2.338,12.15,5.66,50978,83.4,83.4,5.3,3.395,33.68,51442.4,2.11,11.89,33438,1.16,0,1.179,8.23,-91.2,29.298,2.335,4.95,0
8/4/2021,12:50:00,0,Piney Point,1.13,3.51,55616.5,2.309,12.05,5.62,50925.7,85.6,85.6,5.44,3.353,33.64,51390.5,3.48,16.52,33404,1.15,0,1.179,8.24,-91.6,29.305,2.307,4.95,0
8/4/2021,13:00:00,0,Piney Point,1.03,3.14,55612.7,2.283,12.26,5.69,50892.2,89.4,89.4,5.68,3.315,33.62,51360.1,4.23,19.06,33384,1.7,0,1.184,8.25,-92.4,29.335,2.284,4.94,0
8/4/2021,13:10:00,0,Piney Point,0.98,2.93,55625.6,2.256,11.99,5.6,50873.3,90.8,90.8,5.76,3.275,33.6,51344.5,2.96,14.76,33374,1.42,0,1.191,8.26,-92.8,29.365,2.259,4.95,0
8/4/2021,13:20:00,0,Piney Point,1.18,3.74,55598,2.244,11.95,5.59,50840,91.9,91.9,5.84,3.258,33.58,51311.9,2.52,13.27,33353,1.67,0,1.172,8.27,-93.1,29.373,2.243,4.95,0
8/4/2021,13:30:00,0,Piney Point,1,3,55608.2,2.214,11.97,5.6,50822.9,94.9,94.9,6.02,3.214,33.57,51297.7,2.54,13.33,33343,1.31,0,1.173,8.28,-93.7,29.4,2.216,4.94,0
8/4/2021,13:40:00,0,Piney Point,0.96,2.83,55639.2,2.196,11.93,5.58,50807.1,97.7,97.7,6.2,3.188,33.56,51286.7,2.71,13.9,33336,1.06,0,1.173,8.28,-94.2,29.443,2.191,4.95,0
8/4/2021,13:50:00,0,Piney Point,0.91,2.62,55645.1,2.18,11.9,5.57,50785.9,99.3,99.3,6.3,3.165,33.54,51268.3,1.96,11.36,33324,1.38,0,1.178,8.29,-94.6,29.47,2.177,4.95,0
8/4/2021,14:00:00,0,Piney Point,0.89,2.57,55641.9,2.163,11.75,5.52,50769.7,99.3,99.3,6.3,3.14,33.53,51253.6,3.92,18,33315,1.18,0,1.176,8.29,-94.5,29.483,2.161,4.95,0
8/4/2021,14:10:00,0,Piney Point,0.99,2.95,55634.3,2.153,11.99,5.6,50740.9,101.2,101.2,6.42,3.125,33.51,51227,2.67,13.78,33298,1.34,0,1.175,8.3,-95,29.504,2.155,4.95,0
8/4/2021,14:20:00,0,Piney Point,1.15,3.6,55616.8,2.156,11.83,5.55,50718.4,101,101,6.4,3.13,33.5,51205,3.08,15.16,33283,1.75,0,1.174,8.29,-94.8,29.511,2.159,4.96,0
8/4/2021,14:30:00,0,Piney Point,2.27,8.15,55546,2.169,12.08,5.63,50677.5,99.3,99.3,6.3,3.148,33.46,51161,10.15,39.17,33255,27.39,0,1.173,8.29,-94.5,29.487,2.18,4.94,0
8/4/2021,14:40:00,0,Piney Point,2.44,8.82,55472.7,2.17,12.08,5.63,50637.3,97.5,97.5,6.19,3.151,33.43,51117.4,8.06,32.06,33226,33.49,0,1.181,8.28,-94.1,29.461,2.175,4.96,0
8/4/2021,14:50:00,0,Piney Point,1.58,5.36,55416.6,2.18,11.8,5.54,50610.4,98.3,98.3,6.24,3.164,33.41,51087.4,4.7,20.68,33207,9.59,0,1.187,8.29,-94.3,29.437,2.175,4.95,0
8/4/2021,15:00:00,0,Piney Point,1.27,4.11,55386,2.181,11.93,5.58,50594.9,98.2,98.2,6.24,3.167,33.4,51070.3,3.51,16.64,33196,3.62,0,1.174,8.29,-94.3,29.424,2.178,4.95,0
8/4/2021,15:10:00,0,Piney Point,1.1,3.4,55377.8,2.124,12.14,5.65,50587.4,96.2,96.2,6.11,3.084,33.39,51062.8,3.03,15.01,33191,2.18,0,1.177,8.28,-94.1,29.424,2.122,4.95,0
8/4/2021,15:20:00,0,Piney Point,1.37,4.48,55287.6,2.078,12.06,5.62,50539.3,99,99,6.29,3.016,33.36,51010.3,6.85,27.95,33157,4.34,0,1.178,8.29,-94.6,29.39,2.08,4.96,0
8/4/2021,15:30:00,0,Piney Point,1.19,3.77,55208.8,2.054,12.25,5.69,50485.6,100,100,6.36,2.982,33.32,50954.1,4.03,18.4,33120,4.13,0,1.178,8.3,-94.9,29.372,2.052,4.95,0
8/4/2021,15:40:00,0,Piney Point,1.19,3.76,55150.9,2.035,12.38,5.73,50448.2,101.7,101.7,6.47,2.954,33.29,50914.5,4.41,19.69,33094,3.89,0,1.175,8.3,-95.3,29.356,2.024,4.95,0
8/4/2021,15:50:00,0,Piney Point,1.04,3.14,55111.1,2.024,12.42,5.74,50419.9,102.2,102.2,6.5,2.938,33.27,50885,2.84,14.34,33075,1.95,0,1.189,8.31,-95.5,29.348,2.029,4.95,0
8/4/2021,16:00:00,0,Piney Point,1.29,4.16,55083.7,1.993,13.41,6.08,50396,102.5,102.5,6.53,2.894,33.25,50860.8,3.24,15.72,33060,1.84,0,1.182,8.31,-95.8,29.347,1.988,4.95,0
8/4/2021,16:10:00,0,Piney Point,0.59,1.32,55023.5,1.959,12.63,5.81,50346.1,103.6,103.6,6.59,2.844,33.21,50809.9,1.72,10.56,33026,1.07,0,1.177,8.32,-96.1,29.342,1.959,4.96,0
8/4/2021,16:20:00,0,Piney Point,1.06,3.23,54979.5,1.922,12.78,5.87,50317.6,104.4,104.4,6.65,2.79,33.19,50779.8,2.78,14.15,33007,1.06,0,1.182,8.32,-96.4,29.33,1.916,4.95,0
8/4/2021,16:30:00,0,Piney Point,1.16,3.64,54919.5,1.894,12.84,5.88,50274.3,104.9,104.9,6.68,2.749,33.16,50734.7,2.13,11.94,32978,2.16,0,1.185,8.33,-96.6,29.319,1.895,4.95,0
8/4/2021,16:40:00,0,Piney Point,1.11,3.43,54867.9,1.866,13.18,6,50241.4,105.7,105.7,6.74,2.709,33.13,50699.9,2.91,14.59,32955,1.4,0,1.174,8.33,-96.8,29.304,1.864,4.95,0
8/4/2021,16:50:00,0,Piney Point,1.21,3.83,54797.9,1.845,13.01,5.94,50200.1,106.7,106.7,6.81,2.678,33.1,50655.6,5.45,23.21,32926,1.92,0,1.18,8.33,-96.7,29.281,1.843,4.95,0
8/4/2021,17:00:00,0,Piney Point,1.1,3.42,54753.6,1.827,15.14,6.65,50177.9,107,107,6.83,2.652,33.08,50631.1,3.04,15.03,32910,1.17,0,1.173,8.33,-96.7,29.263,1.831,4.95,0
8/4/2021,17:10:00,0,Piney Point,1.18,3.72,54690.5,1.812,13.34,6.05,50141.9,106.7,106.7,6.81,2.63,33.05,50592.3,3.37,16.15,32885,1.5,0,1.176,8.32,-96.4,29.241,1.807,4.95,0
8/4/2021,17:20:00,0,Piney Point,1.2,3.79,54661.2,1.799,13.52,6.11,50126.1,106.4,106.4,6.79,2.612,33.04,50575.1,4.06,18.48,32874,0.93,0,1.19,8.32,-96.2,29.23,1.797,4.95,0
8/4/2021,17:30:00,0,Piney Point,0.95,2.81,54637.5,1.796,13.26,6.03,50110.9,105.7,105.7,6.75,2.607,33.03,50559.1,3.12,15.3,32863,0.79,0,1.187,8.32,-96,29.223,1.798,4.95,0
8/4/2021,17:40:00,0,Piney Point,1.59,5.39,54571.9,1.793,13.33,6.05,50084.6,107,107,6.84,2.602,33.01,50528.7,2.98,14.82,32844,0.91,0,1.172,8.32,-96.1,29.189,1.796,4.95,0
8/4/2021,17:50:00,0,Piney Point,1.03,3.14,54568.7,1.797,13.77,6.2,50085.9,105.6,105.6,6.74,2.608,33.01,50529.5,1.67,10.37,32844,2.67,0,1.176,8.31,-95.8,29.185,1.803,4.95,0
8/4/2021,18:00:00,0,Piney Point,1.13,3.53,54534.7,1.808,13.31,6.04,50076.6,105.8,105.8,6.76,2.625,33,50517.7,3.22,15.63,32836,1.49,0,1.182,8.31,-95.9,29.163,1.805,4.95,0
8/4/2021,18:10:00,0,Piney Point,1.11,3.46,54519.8,1.816,13.29,6.03,50076.1,103.7,103.7,6.63,2.635,33,50515.6,3.2,15.58,32835,2.24,0,1.184,8.31,-95.4,29.15,1.819,4.95,0
8/4/2021,18:20:00,0,Piney Point,1.08,3.31,54502.5,1.825,13.16,5.99,50082.7,103.6,103.6,6.62,2.649,33.01,50519.8,3.68,17.2,32838,1.59,0,1.174,8.31,-95.5,29.127,1.827,4.95,0
8/4/2021,18:30:00,0,Piney Point,1.04,3.16,54499.8,1.836,13.14,5.98,50088.9,102.4,102.4,6.55,2.666,33.01,50525,3.1,15.24,32841,1.63,0,1.181,8.3,-95.3,29.119,1.838,4.94,0
8/4/2021,18:40:00,0,Piney Point,1.27,4.11,54494.2,1.85,13.29,6.03,50116.1,103.2,103.2,6.61,2.685,33.03,50548.9,8.48,33.51,32857,1.95,0,1.178,8.31,-95.5,29.086,1.852,4.95,0
8/4/2021,18:50:00,0,Piney Point,1.1,3.41,54494.7,1.866,13.18,6,50131.5,102.3,102.3,6.55,2.708,33.04,50562.7,3.62,16.98,32866,1.32,0,1.175,8.3,-95.1,29.072,1.864,4.95,0
8/4/2021,19:00:00,0,Piney Point,1,3.02,54501.1,1.886,13.07,5.96,50156.1,101.7,101.7,6.51,2.738,33.06,50585.4,7.11,28.85,32881,1.55,0,1.172,8.3,-95.2,29.053,1.885,4.95,0
8/4/2021,19:10:00,0,Piney Point,3.69,13.92,54522.3,1.914,13.43,6.08,50176.7,98.9,98.9,6.33,2.778,33.07,50606.1,4.64,20.46,32894,2.39,0,1.18,8.3,-94.9,29.052,1.913,4.95,0
8/4/2021,19:20:00,0,Piney Point,1.98,6.97,54548.7,1.949,12.91,5.91,50214.3,98.5,98.5,6.3,2.83,33.1,50642.5,11.75,44.61,32918,3.76,0,1.188,8.3,-94.9,29.038,1.953,4.95,0
8/4/2021,19:30:00,0,Piney Point,1.81,6.28,54622.5,1.989,12.6,5.81,50315.8,99.3,99.3,6.36,2.887,33.17,50741.1,5.47,23.28,32982,9.43,0,1.179,8.3,-95.3,29.005,1.987,4.94,0
8/4/2021,19:40:00,0,Piney Point,4.47,17.1,54711.4,2.024,12.47,5.76,50413.8,96.8,96.8,6.2,2.939,33.24,50838.1,9.12,35.66,33045,19.69,0,1.189,8.3,-94.8,28.989,2.033,4.94,0
8/4/2021,19:50:00,0,Piney Point,2.08,7.37,54789.2,2.047,12.08,5.63,50511.2,96.9,96.9,6.2,2.972,33.31,50933.4,9.44,36.74,33107,11.12,0,1.18,8.3,-95.2,28.963,2.047,4.95,0
8/4/2021,20:00:00,0,Piney Point,1.92,6.72,54812,2.067,12,5.6,50539.7,94.3,94.3,6.04,3.001,33.34,50961.4,7,28.47,33125,7.48,0,1.173,8.3,-94.7,28.956,2.068,4.94,0
8/4/2021,20:10:00,0,Piney Point,1.52,5.1,54827,2.076,12.06,5.62,50551.3,89.9,89.9,5.76,3.015,33.34,50973.2,6.19,25.74,33133,6.59,0,1.175,8.28,-93.9,28.958,2.073,4.94,0
8/4/2021,20:20:00,0,Piney Point,1.84,6.4,54854.8,2.084,11.82,5.54,50596.3,91.1,91.1,5.83,3.026,33.38,51016.5,8.64,34.04,33161,7.2,0,1.179,8.29,-94.1,28.939,2.075,4.95,0
8/4/2021,20:30:00,0,Piney Point,1.43,4.76,54864.6,2.09,11.93,5.58,50624,90.1,90.1,5.77,3.035,33.4,51042.3,4.18,18.89,33178,4.17,0,1.182,8.28,-94,28.921,2.091,4.95,0
8/4/2021,20:40:00,0,Piney Point,1.61,5.45,54860.3,2.107,11.9,5.57,50636.3,90.9,90.9,5.82,3.059,33.4,51052.9,4.49,19.94,33184,5.92,0,1.186,8.29,-94.1,28.905,2.107,4.94,0
8/4/2021,20:50:00,0,Piney Point,1.51,5.06,54868.5,2.119,11.96,5.59,50649.7,89.3,89.3,5.72,3.077,33.41,51065.8,4.99,21.64,33193,3.73,0,1.189,8.28,-93.8,28.899,2.123,4.94,0
8/4/2021,21:00:00,0,Piney Point,1.81,6.28,54878.9,2.14,11.79,5.54,50680.3,89.9,89.9,5.76,3.108,33.44,51094.3,5.38,22.96,33211,3.58,0,1.178,8.28,-93.9,28.878,2.142,4.94,0
8/4/2021,21:10:00,0,Piney Point,2.23,7.99,54888.9,2.157,11.94,5.58,50699.5,88.6,88.6,5.67,3.132,33.45,51112.5,8.61,33.94,33223,3.05,0,1.173,8.28,-93.7,28.868,2.16,4.95,0
8/4/2021,21:20:00,0,Piney Point,1.85,6.45,54938.4,2.183,11.83,5.55,50769,87.3,87.3,5.6,3.17,33.5,51179.9,7.13,28.91,33267,3.67,0,1.178,8.28,-93.5,28.845,2.183,4.94,0
8/4/2021,21:30:00,0,Piney Point,1.9,6.64,55044.1,2.209,11.67,5.49,50907.7,88.1,88.1,5.65,3.209,33.6,51315.2,5.23,22.46,33355,3.71,0,1.178,8.28,-93.5,28.805,2.214,4.94,0
8/4/2021,21:40:00,0,Piney Point,2.6,9.48,55115.8,2.234,11.63,5.48,50958.5,88.3,88.3,5.65,3.245,33.64,51368.1,12.55,47.31,33389,5.42,0,1.184,8.28,-94,28.82,2.23,4.94,0
8/4/2021,21:50:00,0,Piney Point,1.57,5.33,55194.9,2.263,11.42,5.41,50997.8,88.3,88.3,5.65,3.287,33.67,51411.5,5.55,23.56,33417,4.18,0,1.191,8.29,-94.4,28.853,2.26,4.94,0
8/4/2021,22:00:00,0,Piney Point,1.21,3.84,55250.3,2.291,11.21,5.34,51031.9,87.8,87.8,5.62,3.328,33.7,51447.8,5.43,23.14,33441,3.89,0,1.173,8.29,-94.7,28.87,2.295,4.94,0
8/4/2021,22:10:00,0,Piney Point,1.89,6.6,55281.1,2.319,11.25,5.35,51050.4,87.2,87.2,5.58,3.368,33.71,51467.6,7.56,30.39,33454,4.57,0,1.173,8.29,-94.5,28.879,2.325,4.94,0
8/4/2021,22:20:00,0,Piney Point,1.81,6.29,55310.4,2.337,11.15,5.32,51066.5,87,87,5.56,3.395,33.72,51485,6.32,26.17,33465,4.44,0,1.18,8.3,-94.8,28.89,2.332,4.94,0
8/4/2021,22:30:00,0,Piney Point,1.93,6.77,55329.7,2.366,11.17,5.33,51074.3,86.9,86.9,5.56,3.436,33.73,51494,5.86,24.61,33471,4.33,0,1.179,8.3,-94.9,28.9,2.367,4.94,0
8/4/2021,22:40:00,0,Piney Point,1.55,5.23,55317.2,2.38,11.11,5.31,51058.1,86.7,86.7,5.54,3.457,33.72,51478.2,4.55,20.17,33461,3.29,0,1.184,8.3,-95,28.905,2.377,4.94,0
8/4/2021,22:50:00,0,Piney Point,1.95,6.87,55302.8,2.38,11.14,5.32,51041.7,85,85,5.43,3.456,33.71,51462,8.3,32.89,33450,4.21,0,1.191,8.29,-94.4,28.908,2.378,4.94,0
8/4/2021,23:00:00,0,Piney Point,1.42,4.71,55268.7,2.378,11.17,5.33,51015.5,84.8,84.8,5.43,3.454,33.69,51435,4.95,21.5,33433,2.83,0,1.178,8.29,-94.4,28.902,2.378,4.93,0
8/4/2021,23:10:00,0,Piney Point,1.55,5.22,55279.4,2.384,11.15,5.32,51024.7,80.4,80.4,5.14,3.462,33.69,51444.3,4.71,20.7,33439,2.54,0,1.18,8.28,-93.7,28.903,2.387,4.94,0
8/4/2021,23:20:00,0,Piney Point,2.57,9.37,55206.6,2.378,11.18,5.33,50983.9,84.8,84.8,5.42,3.453,33.66,51400.3,9.08,35.54,33410,3.46,0,1.179,8.29,-94.2,28.877,2.378,4.93,0
8/4/2021,23:30:00,0,Piney Point,1.83,6.36,55179.4,2.371,11.24,5.35,50980.9,88.2,88.2,5.65,3.444,33.66,51394.7,3.97,18.18,33407,2.7,0,1.191,8.3,-94.7,28.856,2.373,4.94,0
8/4/2021,23:40:00,0,Piney Point,1.64,5.58,55201.5,2.369,11.19,5.33,51009.5,87,87,5.57,3.44,33.68,51422.7,7.78,31.11,33425,2.01,0,1.173,8.29,-94.5,28.847,2.367,4.94,0
8/4/2021,23:50:00,0,Piney Point,1.42,4.7,55203.9,2.355,11.07,5.3,51026.7,86,86,5.51,3.42,33.69,51438.4,4.15,18.79,33435,2.46,0,1.184,8.29,-94.5,28.833,2.36,4.94,0
8/5/2021,0:00:00,0,Piney Point,1.67,5.72,55211.9,2.351,11.29,5.37,51046.1,85.5,85.5,5.48,3.414,33.7,51456.6,5.15,22.18,33447,2.14,0,1.18,8.29,-94.5,28.821,2.352,4.94,0
8/5/2021,0:10:00,0,Piney Point,1.7,5.86,55213.6,2.343,11.15,5.32,51066,83.6,83.6,5.35,3.403,33.72,51474.6,5.29,22.66,33458,1.92,0,1.184,8.29,-94.1,28.803,2.344,4.94,0
8/5/2021,0:20:00,0,Piney Point,1.48,4.94,55201.3,2.332,11.18,5.33,51077.1,83.2,83.2,5.33,3.387,33.73,51483.3,10.05,38.82,33464,2.02,0,1.191,8.29,-94.2,28.781,2.327,4.93,0
8/5/2021,0:30:00,0,Piney Point,1.4,4.64,55182,2.317,11.24,5.35,51078,81.8,81.8,5.24,3.365,33.72,51482.1,5.43,23.15,33463,1.98,0,1.175,8.28,-93.8,28.763,2.319,4.94,0
8/5/2021,0:40:00,0,Piney Point,1.39,4.58,55151,2.314,11.25,5.36,51069.1,80.6,80.6,5.17,3.361,33.72,51471,5.63,23.83,33456,2.42,0,1.178,8.28,-93.5,28.743,2.313,4.93,0
8/5/2021,0:50:00,0,Piney Point,1.41,4.65,55123.6,2.308,11.27,5.36,51067.3,80.6,80.6,5.17,3.352,33.71,51466.5,6.11,25.46,33453,1.9,0,1.178,8.27,-93.4,28.72,2.308,4.93,0
8/5/2021,1:00:00,0,Piney Point,1.49,5,55102.8,2.297,11.36,5.39,51062.6,79.1,79.1,5.07,3.337,33.71,51460.1,4.46,19.86,33449,2.11,0,1.191,8.27,-93.2,28.706,2.3,4.93,0
8/5/2021,1:10:00,0,Piney Point,1.23,3.92,55076.7,2.284,11.42,5.41,51050.2,77.4,77.4,4.96,3.318,33.7,51446.4,4.2,18.95,33440,2.52,0,1.183,8.26,-92.7,28.695,2.281,4.93,0
8/5/2021,1:20:00,0,Piney Point,1.42,4.71,54996.4,2.28,11.43,5.42,51015.7,78.2,78.2,5.02,3.311,33.67,51407.1,5.66,23.93,33415,2.03,0,1.174,8.26,-92.6,28.656,2.282,4.93,0
8/5/2021,1:30:00,0,Piney Point,1.24,3.98,55006.5,2.267,11.41,5.41,51022.1,73.6,73.6,4.73,3.293,33.68,51413.9,8.7,34.26,33419,1.79,0,1.178,8.25,-92,28.659,2.268,4.93,0
8/5/2021,1:40:00,0,Piney Point,1.51,5.08,54983.7,2.256,11.4,5.41,51003.6,71.3,71.3,4.58,3.276,33.66,51395,4.81,21.02,33407,7.9,0,1.182,8.24,-91.2,28.656,2.253,4.94,0
8/5/2021,1:50:00,0,Piney Point,0.96,2.84,54962.9,2.241,11.62,5.48,50987.1,68.2,68.2,4.38,3.254,33.65,51378,2.96,14.77,33396,2.07,0,1.176,8.23,-90.7,28.653,2.241,4.92,0
8/5/2021,2:00:00,0,Piney Point,1.11,3.43,54982.9,2.229,11.67,5.49,50992.6,63.8,63.8,4.09,3.237,33.66,51385,3.53,16.7,33400,1.54,0,1.18,8.21,-89.8,28.666,2.226,4.93,0
8/5/2021,2:10:00,0,Piney Point,0.83,2.32,54962.9,2.224,11.71,5.51,50978.4,61.5,61.5,3.95,3.23,33.65,51370.2,3.01,14.91,33391,1.71,0,1.184,8.21,-89.3,28.662,2.225,4.93,0
8/5/2021,2:20:00,0,Piney Point,0.82,2.27,54919.9,2.217,11.72,5.51,50950.8,60.1,60.1,3.86,3.22,33.62,51341.1,2.64,13.68,33372,1.79,0,1.176,8.2,-89,28.65,2.215,4.93,0
8/5/2021,2:30:00,0,Piney Point,1.03,3.12,54933.2,2.212,11.73,5.52,50954.8,55.6,55.6,3.57,3.213,33.63,51346,3.51,16.64,33375,1.57,0,1.187,8.19,-88.2,28.658,2.214,4.93,0
8/5/2021,2:40:00,0,Piney Point,1,2.99,54888.9,2.206,11.83,5.55,50924.7,56.3,56.3,3.62,3.204,33.6,51314.4,2.75,14.04,33354,1.76,0,1.185,8.19,-88.3,28.647,2.205,4.93,0
8/5/2021,2:50:00,0,Piney Point,0.9,2.6,54929.4,2.201,11.9,5.57,50945.6,50,50,3.21,3.197,33.62,51337.3,3.94,18.07,33369,4.48,0,1.183,8.17,-87.1,28.663,2.2,4.93,0
8/5/2021,3:00:00,0,Piney Point,1.1,3.42,54919.3,2.194,11.85,5.55,50937,47.9,47.9,3.08,3.186,33.61,51328.7,3.42,16.33,33364,1.91,0,1.179,8.16,-86.7,28.663,2.197,4.93,0
8/5/2021,3:10:00,0,Piney Point,0.92,2.68,54925.4,2.187,11.82,5.55,50937.3,44.4,44.4,2.85,3.176,33.62,51329.5,2.9,14.57,33364,1.52,0,1.187,8.15,-85.9,28.668,2.185,4.93,0
8/5/2021,3:20:00,0,Piney Point,0.73,1.91,54883.2,2.188,11.99,5.6,50917.9,46.7,46.7,3,3.177,33.6,51307.8,2.56,13.39,33350,1.33,0,1.178,8.16,-86.5,28.649,2.185,4.93,0
8/5/2021,3:30:00,0,Piney Point,0.92,2.68,54899.9,2.192,12.01,5.61,50924.1,42.9,42.9,2.75,3.184,33.61,51315.1,2.09,11.8,33355,1.46,0,1.177,8.15,-85.7,28.658,2.191,4.92,0
8/5/2021,3:40:00,0,Piney Point,0.72,1.86,54894.5,2.181,11.98,5.6,50918,39.9,39.9,2.56,3.168,33.6,51309,2.55,13.38,33351,1.22,0,1.177,8.13,-84.9,28.659,2.18,4.93,0
8/5/2021,3:50:00,0,Piney Point,0.8,2.17,54877.3,2.176,12.11,5.64,50902,38,38,2.44,3.16,33.59,51292.9,3.26,15.77,33340,2.59,0,1.177,8.12,-84.4,28.659,2.174,4.93,0
8/5/2021,4:00:00,0,Piney Point,0.75,1.99,54856.8,2.176,11.86,5.56,50892.2,37.5,37.5,2.41,3.161,33.58,51282,3.07,15.15,33333,1.61,0,1.177,8.12,-84.2,28.65,2.176,4.93,0
8/5/2021,4:10:00,0,Piney Point,0.8,2.2,54872.1,2.171,12.06,5.62,50899.9,33.9,33.9,2.18,3.153,33.59,51290.5,2.63,13.65,33339,1.18,0,1.176,8.11,-83.6,28.656,2.169,4.93,0
8/5/2021,4:20:00,0,Piney Point,0.94,2.74,54849.8,2.167,12.04,5.62,50883.9,33,33,2.12,3.148,33.57,51273.8,4.43,19.76,33328,1.39,0,1.175,8.11,-83.3,28.651,2.168,4.93,0
8/5/2021,4:30:00,0,Piney Point,0.96,2.82,54739.6,2.179,12.33,5.72,50831.3,38.7,38.7,2.49,3.164,33.53,51215.4,2.64,13.66,33290,1.14,0,1.172,8.12,-84.3,28.603,2.178,4.93,0
8/5/2021,4:40:00,0,Piney Point,0.86,2.43,54585,2.181,12.41,5.74,50752.6,47.2,47.2,3.04,3.168,33.47,51128.9,3.22,15.63,33234,1.8,0,1.18,8.15,-85.9,28.539,2.182,4.92,0
8/5/2021,4:50:00,0,Piney Point,0.97,2.87,54524.5,2.197,12.45,5.76,50730.4,48.5,48.5,3.13,3.191,33.45,51102.8,3.66,17.14,33217,1.54,0,1.191,8.15,-85.8,28.506,2.196,4.93,0
8/5/2021,5:00:00,0,Piney Point,0.94,2.76,54487.1,2.201,12.44,5.75,50712.3,50.3,50.3,3.24,3.196,33.44,51082.8,1.91,11.18,33204,1.29,0,1.187,8.15,-86,28.489,2.201,4.93,0
8/5/2021,5:10:00,0,Piney Point,0.94,2.77,54390.6,2.198,12.41,5.74,50669.1,56.1,56.1,3.62,3.192,33.4,51034.1,4.46,19.86,33172,1.57,0,1.18,8.17,-87.2,28.443,2.195,4.93,0
8/5/2021,5:20:00,0,Piney Point,1.02,3.09,54390.2,2.205,12.63,5.82,50681.1,57.4,57.4,3.7,3.202,33.41,51044.8,3.1,15.25,33179,1.09,0,1.184,8.17,-87.4,28.431,2.206,4.93,0
8/5/2021,5:30:00,0,Piney Point,1.15,3.62,54335.6,2.215,12.67,5.83,50666.6,61,61,3.94,3.216,33.4,51026.2,4.46,19.85,33167,1.5,0,1.176,8.19,-88.2,28.396,2.212,4.93,0
8/5/2021,5:40:00,0,Piney Point,1.25,4,54325.2,2.219,12.61,5.81,50678.5,62.3,62.3,4.03,3.222,33.41,51035.9,3.23,15.67,33173,3.92,0,1.179,8.19,-88.1,28.374,2.219,4.93,0
8/5/2021,5:50:00,0,Piney Point,1.1,3.41,54316.3,2.23,12.43,5.75,50694.3,63.7,63.7,4.12,3.238,33.42,51049.2,4.03,18.39,33182,2.33,0,1.183,8.2,-88.6,28.351,2.231,4.93,0
8/5/2021,6:00:00,0,Piney Point,1.13,3.53,54297.5,2.248,12.56,5.79,50705.1,65.7,65.7,4.25,3.265,33.43,51056.9,4.17,18.86,33187,2.06,0,1.174,8.2,-89.1,28.323,2.254,4.92,0
8/5/2021,6:10:00,0,Piney Point,1.24,3.96,54307.1,2.274,12.5,5.77,50732.6,66.7,66.7,4.31,3.302,33.44,51082.6,3.76,17.47,33204,1.68,0,1.178,8.21,-89.4,28.305,2.27,4.93,0
8/5/2021,6:20:00,0,Piney Point,1.44,4.79,54335.9,2.294,12.36,5.73,50771.8,67.4,67.4,4.36,3.332,33.47,51120.7,3.76,17.49,33228,2.13,0,1.191,8.22,-89.8,28.293,2.29,4.92,0
8/5/2021,6:30:00,0,Piney Point,1.07,3.3,54362.5,2.316,12.35,5.72,50794.7,66.8,66.8,4.32,3.364,33.49,51143.9,3.45,16.43,33244,2.43,0,1.175,8.22,-89.8,28.295,2.312,4.93,0
8/5/2021,6:40:00,0,Piney Point,1.61,5.47,54390.7,2.332,12.27,5.7,50817.1,67.6,67.6,4.37,3.387,33.51,51167,5.45,23.22,33259,2.08,0,1.183,8.22,-90,28.299,2.331,4.93,0
8/5/2021,6:50:00,0,Piney Point,1.09,3.38,54408.5,2.36,12.68,5.83,50831.5,66.6,66.6,4.3,3.427,33.52,51181.7,3.11,15.25,33268,1.66,0,1.178,8.22,-89.9,28.301,2.36,4.93,0
8/5/2021,7:00:00,0,Piney Point,1.62,5.51,54431.3,2.37,12.18,5.67,50856.8,67.3,67.3,4.35,3.442,33.54,51206.8,4.92,21.41,33284,1.77,0,1.183,8.22,-90,28.297,2.368,4.93,0
8/5/2021,7:10:00,0,Piney Point,1.29,4.19,54454,2.384,12.12,5.64,50878.2,67.8,67.8,4.38,3.462,33.55,51228.3,5.06,21.87,33298,2.2,0,1.178,8.22,-90.2,28.297,2.384,4.92,0
8/5/2021,7:20:00,0,Piney Point,1.17,3.69,54466,2.399,12.11,5.64,50889.7,68.3,68.3,4.41,3.485,33.56,51239.8,3.61,16.97,33306,2.4,0,1.183,8.22,-90.3,28.297,2.394,4.93,0
8/5/2021,7:30:00,0,Piney Point,1.11,3.46,54481.9,2.417,12.49,5.77,50898.3,66,66,4.27,3.511,33.57,51249.1,2.08,11.76,33312,2.43,0,1.178,8.22,-89.9,28.303,2.414,4.93,0
8/5/2021,7:40:00,0,Piney Point,1.56,5.27,54485.7,2.425,11.98,5.6,50904.9,67.3,67.3,4.35,3.522,33.57,51255.5,3.87,17.86,33316,2.37,0,1.184,8.22,-89.9,28.3,2.42,4.92,0
8/5/2021,7:50:00,0,Piney Point,1.25,4,54484.1,2.432,11.88,5.57,50906.8,66.2,66.2,4.28,3.533,33.57,51257,3.76,17.49,33317,3.32,0,1.178,8.21,-89.5,28.296,2.435,4.92,0
8/5/2021,8:00:00,0,Piney Point,1.05,3.21,54483.3,2.449,11.89,5.57,50905,64.9,64.9,4.19,3.557,33.57,51255.3,3.8,17.61,33316,1.95,0,1.183,8.21,-89.3,28.297,2.451,4.92,0
8/5/2021,8:10:00,0,Piney Point,1.18,3.71,54482.1,2.477,12.02,5.61,50908,65.3,65.3,4.22,3.597,33.57,51257.9,3.5,16.58,33318,2.01,0,1.178,8.21,-89.2,28.293,2.476,4.93,0
8/5/2021,8:20:00,0,Piney Point,1.23,3.92,54469.2,2.496,11.85,5.56,50903.6,66,66,4.26,3.626,33.57,51252.6,4.05,18.45,33314,1.59,0,1.183,8.2,-89.1,28.286,2.491,4.93,0
8/5/2021,8:30:00,0,Piney Point,1.54,5.2,54452.8,2.514,11.68,5.5,50904.2,67.8,67.8,4.38,3.651,33.57,51251.4,4.41,19.7,33313,1.58,0,1.178,8.21,-89.3,28.27,2.51,4.92,0
8/5/2021,8:40:00,0,Piney Point,1.19,3.78,54459.2,2.538,11.79,5.54,50904.2,65.7,65.7,4.25,3.686,33.57,51252.1,4.75,20.84,33314,1.57,0,1.183,8.2,-88.8,28.276,2.537,4.92,0
8/5/2021,8:50:00,0,Piney Point,1.22,3.89,54455.4,2.552,11.92,5.58,50903.6,66.4,66.4,4.3,3.706,33.57,51251.2,4.05,18.47,33313,1.78,0,1.178,8.2,-89,28.273,2.554,4.93,0
8/5/2021,9:00:00,0,Piney Point,1.17,3.71,54463.6,2.566,11.67,5.5,50903.8,64.8,64.8,4.19,3.726,33.57,51252.2,5.82,24.46,33314,1.76,0,1.183,8.2,-88.7,28.28,2.564,4.93,0
8/5/2021,9:10:00,0,Piney Point,1.11,3.44,54462.1,2.588,11.77,5.53,50906.1,66.2,66.2,4.28,3.759,33.57,51254.2,3.45,16.43,33315,2.13,0,1.178,8.2,-88.7,28.277,2.597,4.93,0
8/5/2021,9:20:00,0,Piney Point,1.02,3.07,54466.2,2.6,11.68,5.5,50904,65.3,65.3,4.22,3.777,33.57,51252.7,2.69,13.82,33314,1.61,0,1.183,8.19,-88.6,28.283,2.595,4.92,0
8/5/2021,9:30:00,0,Piney Point,1.38,4.53,54457.3,2.626,11.76,5.52,50907.2,67.7,67.7,4.38,3.815,33.57,51254.7,3.8,17.61,33316,1.44,0,1.178,8.2,-88.8,28.271,2.627,4.93,0
8/5/2021,9:40:00,0,Piney Point,1.53,5.17,54466.6,2.637,11.88,5.57,50914.9,68.3,68.3,4.41,3.83,33.58,51262.5,5.28,22.65,33321,2.05,0,1.183,8.2,-88.8,28.272,2.635,4.92,0
8/5/2021,9:50:00,0,Piney Point,1.4,4.64,54494.3,2.647,12.13,5.65,50937.4,69.1,69.1,4.47,3.845,33.6,51285.5,4.3,19.31,33336,1.52,0,1.178,8.2,-88.7,28.276,2.644,4.93,0
8/5/2021,10:00:00,0,Piney Point,0.86,2.43,54495.6,2.657,11.51,5.44,50927.6,69.8,69.8,4.51,3.859,33.59,51276.9,2.86,14.43,33330,1.54,0,1.183,8.2,-88.7,28.287,2.658,4.91,0
8/5/2021,10:10:00,0,Piney Point,1.02,3.07,54513,2.669,11.53,5.45,50931.1,72.1,72.1,4.66,3.877,33.59,51281.8,3.29,15.89,33333,1.93,0,1.178,8.2,-89,28.299,2.669,4.93,0
8/5/2021,10:20:00,0,Piney Point,1.09,3.38,54528.7,2.672,11.91,5.57,50932.5,72.8,72.8,4.7,3.88,33.59,51284.6,3.09,15.2,33335,1.6,0,1.184,8.2,-89.1,28.312,2.673,4.93,0
8/5/2021,10:30:00,0,Piney Point,1.34,4.36,54535.5,2.667,11.57,5.46,50923,72.7,72.7,4.7,3.874,33.59,51276.8,4.14,18.76,33330,1.4,0,1.178,8.2,-89,28.327,2.668,4.93,0
8/5/2021,10:40:00,0,Piney Point,1.1,3.4,54535.7,2.66,11.42,5.41,50917.1,73.4,73.4,4.74,3.864,33.58,51271.6,3.4,16.24,33327,1.41,0,1.183,8.21,-89.2,28.333,2.66,4.92,0
8/5/2021,10:50:00,0,Piney Point,1.33,4.33,54535.6,2.651,11.7,5.51,50910.5,74.1,74.1,4.78,3.85,33.58,51265.6,3.83,17.71,33323,1.57,0,1.179,8.21,-89.4,28.34,2.652,4.93,0
8/5/2021,11:00:00,0,Piney Point,1.22,3.91,54542,2.639,11.52,5.44,50911.6,76.4,76.4,4.93,3.832,33.58,51267.2,3.43,16.36,33324,1.99,0,1.183,8.21,-89.7,28.344,2.637,4.93,0
8/5/2021,11:10:00,0,Piney Point,1.28,4.11,54543.9,2.626,11.59,5.47,50908.7,75.3,75.3,4.86,3.814,33.58,51264.8,3.85,17.8,33322,1.42,0,1.179,8.21,-89.5,28.349,2.628,4.93,0
8/5/2021,11:20:00,0,Piney Point,1.72,5.92,54521.6,2.606,11.27,5.36,50895.2,77.3,77.3,4.99,3.785,33.57,51250.4,4.22,19.04,33313,1.27,0,1.183,8.22,-89.9,28.342,2.608,4.93,0
8/5/2021,11:30:00,0,Piney Point,2.28,8.18,54488.3,2.583,11.62,5.48,50869,77.9,77.9,5.03,3.752,33.55,51223.5,5.71,24.09,33295,1.28,0,1.191,8.22,-90,28.337,2.586,4.93,0
8/5/2021,11:40:00,0,Piney Point,1.35,4.41,54471.7,2.558,11.74,5.52,50848.3,76.7,76.7,4.95,3.715,33.53,51203.2,4.22,19.05,33282,1.21,0,1.177,8.22,-89.8,28.342,2.557,4.93,0
8/5/2021,11:50:00,0,Piney Point,1.02,3.07,54447.9,2.539,11.68,5.5,50814.4,76.2,76.2,4.92,3.687,33.51,51170.3,4.56,20.2,33261,1.72,0,1.178,8.22,-89.8,28.354,2.538,4.93,0
8/5/2021,12:00:00,0,Piney Point,1.01,3.05,54422.9,2.511,11.76,5.52,50769,78.9,78.9,5.09,3.647,33.48,51127,2.93,14.67,33233,1.38,0,1.175,8.23,-90.5,28.375,2.51,4.93,0
8/5/2021,12:10:00,0,Piney Point,1.04,3.17,54402.6,2.492,11.83,5.55,50726.6,80.6,80.6,5.2,3.619,33.45,51086.9,4.16,18.82,33207,2.85,0,1.188,8.23,-90.7,28.398,2.487,4.93,0
8/5/2021,12:20:00,0,Piney Point,1.43,4.75,54386.2,2.475,12.79,5.87,50693.1,82,82,5.3,3.594,33.42,51055.1,3.73,17.38,33186,3.17,0,1.185,8.23,-90.8,28.416,2.475,4.93,0
8/5/2021,12:30:00,0,Piney Point,1.12,3.49,54402.6,2.46,11.86,5.56,50688.3,82.8,82.8,5.34,3.572,33.42,51052.5,6.74,27.58,33184,1.76,0,1.182,8.23,-90.8,28.436,2.458,4.93,0
8/5/2021,12:40:00,0,Piney Point,1.26,4.04,54422.2,2.428,12.2,5.67,50671.3,83.5,83.5,5.38,3.527,33.41,51039.3,2.29,12.48,33176,1.72,0,1.18,8.23,-90.9,28.47,2.426,4.93,0
8/5/2021,12:50:00,0,Piney Point,1.53,5.16,54420.2,2.412,12.13,5.65,50650.1,85.9,85.9,5.54,3.503,33.39,51020.1,3.63,17.02,33163,1.52,0,1.178,8.24,-91.2,28.489,2.413,4.93,0
8/5/2021,13:00:00,0,Piney Point,1.9,6.67,54401.8,2.383,12.6,5.81,50632.1,86.3,86.3,5.56,3.461,33.38,51002.1,5.11,22.05,33151,1.08,0,1.174,8.24,-91.1,28.49,2.386,4.93,0
8/5/2021,13:10:00,0,Piney Point,1.82,6.32,54374.9,2.354,11.91,5.58,50616.9,87.2,87.2,5.62,3.419,33.37,50985.6,5.05,21.85,33141,1.24,0,1.174,8.24,-91.2,28.48,2.354,4.93,0
8/5/2021,13:20:00,0,Piney Point,1.57,5.29,54356.5,2.33,12.3,5.7,50608.2,87,87,5.61,3.384,33.36,50975.9,4.64,20.45,33134,0.89,0,1.181,8.24,-91.1,28.472,2.33,4.93,0
8/5/2021,13:30:00,0,Piney Point,1.75,6.03,54339.4,2.329,12.08,5.63,50604.3,85.8,85.8,5.54,3.381,33.36,50970.7,4.75,20.85,33131,1.05,0,1.19,8.23,-91,28.46,2.33,4.93,0
8/5/2021,13:40:00,0,Piney Point,1.88,6.57,54321.3,2.357,12.14,5.65,50597,86.1,86.1,5.56,3.422,33.35,50962.3,3.39,16.2,33126,1.02,0,1.179,8.23,-90.6,28.451,2.357,4.93,0
8/5/2021,13:50:00,0,Piney Point,3.36,12.56,54224.8,2.38,12.21,5.67,50553.4,86.6,86.6,5.6,3.456,33.32,50913.3,19.43,70.67,33094,69.29,0,1.184,8.22,-90.2,28.405,2.384,4.93,0
8/5/2021,14:00:00,0,Piney Point,2.39,8.64,54196,2.382,12.3,5.7,50540.4,85.6,85.6,5.53,3.459,33.31,50898.7,9.53,37.07,33084,16.23,0,1.172,8.22,-89.9,28.392,2.382,4.93,0
8/5/2021,14:10:00,0,Piney Point,2.28,8.18,54143.7,2.362,12.94,5.92,50498.7,83.3,83.3,5.39,3.43,33.28,50855.9,6.7,27.46,33056,8.53,0,1.18,8.21,-89.6,28.385,2.374,4.93,0
8/5/2021,14:20:00,0,Piney Point,1.56,5.26,54116,2.372,12.38,5.73,50472.3,79.6,79.6,5.14,3.444,33.26,50829.4,4.49,19.95,33039,7.79,0,1.18,8.2,-88.8,28.385,2.372,4.93,0
8/5/2021,14:30:00,0,Piney Point,1.8,6.23,53993.6,2.33,12.33,5.71,50375.6,78,78,5.05,3.383,33.18,50730.1,6.22,25.84,32975,7.91,0,1.179,8.2,-88.8,28.368,2.329,4.93,0
8/5/2021,14:40:00,0,Piney Point,3.96,15.02,53717.9,2.296,12.19,5.67,50183.4,82.9,82.9,5.38,3.334,33.04,50529.4,9.88,38.26,32844,7.86,0,1.176,8.21,-89.6,28.304,2.292,4.92,0
8/5/2021,14:50:00,0,Piney Point,2.76,10.13,53617.2,2.251,12.25,5.69,50134.7,85.7,85.7,5.56,3.269,33,50475.5,7.45,30.01,32809,4.2,0,1.176,8.22,-89.9,28.259,2.25,4.93,0
8/5/2021,15:00:00,0,Piney Point,3.4,12.75,53564.8,2.204,12.43,5.75,50108.6,85.9,85.9,5.58,3.2,32.98,50446.7,8.89,34.88,32790,2.44,0,1.174,8.22,-90,28.236,2.199,4.93,0
8/5/2021,15:10:00,0,Piney Point,3.32,12.41,53544.8,2.161,12.33,5.72,50094.2,84.4,84.4,5.48,3.138,32.97,50431.7,10.11,39.02,32781,1.28,0,1.174,8.21,-89.7,28.232,2.162,4.93,0
8/5/2021,15:20:00,0,Piney Point,2.15,7.65,53483.6,2.116,12.14,5.65,50044.8,84,84,5.46,3.072,32.93,50381.2,6.23,25.84,32748,1.21,0,1.18,8.21,-89.7,28.224,2.115,4.93,0
8/5/2021,15:30:00,0,Piney Point,3.23,12.04,53388.6,2.069,12.56,5.79,49968,81.3,81.3,5.28,3.004,32.87,50302.5,8.61,33.93,32697,1.45,0,1.185,8.21,-89.5,28.212,2.066,4.93,0
8/5/2021,15:40:00,0,Piney Point,2.17,7.76,53283,2.025,12.19,5.67,49884.8,82.1,82.1,5.33,2.94,32.81,50217,5.69,24.04,32641,1.48,0,1.191,8.21,-89.3,28.197,2.025,4.93,0
8/5/2021,15:50:00,0,Piney Point,3.84,14.54,53158.8,1.979,12.95,5.92,49794.1,83.3,83.3,5.42,2.873,32.74,50123,9.76,37.83,32580,1.07,0,1.183,8.21,-89.4,28.171,1.978,4.93,0
8/5/2021,16:00:00,0,Piney Point,2.85,10.52,52994.5,1.939,13.44,6.09,49673.9,84.3,84.3,5.49,2.815,32.65,49998.3,7.13,28.92,32499,0.74,0,1.172,8.22,-90,28.137,1.939,4.93,0
8/5/2021,16:10:00,0,Piney Point,2.42,8.77,52909.9,1.892,13.17,5.99,49616.3,84.2,84.2,5.49,2.747,32.61,49938,6.44,26.57,32460,0.93,0,1.182,8.21,-89.6,28.116,1.891,4.93,0
8/5/2021,16:20:00,0,Piney Point,2.49,9.05,52796.4,1.857,12.79,5.87,49533.5,84.3,84.3,5.5,2.696,32.55,49852.1,6.19,25.73,32404,0.64,0,1.179,8.21,-89.5,28.092,1.858,4.92,0
8/5/2021,16:30:00,0,Piney Point,1.58,5.35,52654.6,1.823,13.2,6,49430.1,83.5,83.5,5.45,2.646,32.47,49744.9,4.88,21.27,32334,1.54,0,1.184,8.21,-89.3,28.062,1.822,4.93,0
8/5/2021,16:40:00,0,Piney Point,1.35,4.42,52570.5,1.787,13.73,6.18,49369.5,84.2,84.2,5.5,2.593,32.42,49681.8,4.06,18.51,32293,1.05,0,1.189,8.2,-89,28.044,1.786,4.93,0
8/5/2021,16:50:00,0,Piney Point,1.25,4.01,52431.1,1.758,14.43,6.41,49260.2,82.8,82.8,5.41,2.552,32.34,49569.5,3.37,16.16,32220,0.77,0,1.181,8.19,-88.5,28.022,1.757,4.93,0
8/5/2021,17:00:00,0,Piney Point,1.24,3.97,52299.2,1.727,14.59,6.47,49159,83.3,83.3,5.45,2.506,32.27,49465.3,4.7,20.67,32152,2.53,0,1.175,8.19,-88.1,27.999,1.725,4.93,0
8/5/2021,17:10:00,0,Piney Point,1.53,5.17,52127.1,1.696,15.4,6.74,49020.5,83.7,83.7,5.48,2.461,32.16,49323.4,4.28,19.22,32060,0.74,0,1.181,8.18,-87.9,27.976,1.695,4.92,0
8/5/2021,17:20:00,0,Piney Point,1.16,3.64,52004.5,1.67,15.9,6.91,48915.9,83.5,83.5,5.47,2.423,32.09,49217,2.6,13.53,31991,0.64,0,1.188,8.18,-87.7,27.965,1.669,4.92,0
8/5/2021,17:30:00,0,Piney Point,0.86,2.44,51933.3,1.648,15.89,6.9,48851.7,81.4,81.4,5.34,2.391,32.04,49152.1,3.01,14.92,31949,0.54,0,1.176,8.17,-87.2,27.962,1.646,4.93,0
8/5/2021,17:40:00,0,Piney Point,0.7,1.8,51872.4,1.631,15.69,6.83,48795.3,80.1,80.1,5.25,2.366,32,49095.3,2.14,11.98,31912,0.75,0,1.178,8.17,-86.9,27.962,1.629,4.92,0
8/5/2021,17:50:00,0,Piney Point,0.83,2.33,51829.4,1.621,16.5,7.1,48748,79.6,79.6,5.22,2.351,31.96,49048.4,2.81,14.26,31881,0.89,0,1.177,8.16,-86.5,27.969,1.62,4.93,0
8/5/2021,18:00:00,0,Piney Point,0.6,1.37,51760.6,1.615,16.63,7.15,48683.4,78.8,78.8,5.17,2.344,31.92,48983.4,1.95,11.32,31839,1.25,0,1.191,8.16,-86.7,27.968,1.612,4.92,0
8/5/2021,18:10:00,0,Piney Point,0.51,1.01,51771.8,1.619,16.54,7.12,48683.3,76.1,76.1,4.99,2.349,31.92,48984.5,1.66,10.35,31840,0.93,0,1.175,8.15,-86.1,27.979,1.62,4.93,0
8/5/2021,18:20:00,0,Piney Point,0.47,0.86,51762.4,1.629,16.98,7.27,48669.6,74.1,74.1,4.86,2.364,31.91,48971.2,1.75,10.66,31831,0.57,0,1.172,8.14,-85.5,27.984,1.628,4.93,0
8/5/2021,18:30:00,0,Piney Point,0.4,0.56,51732.1,1.641,17.28,7.36,48640.1,74.1,74.1,4.86,2.38,31.88,48941.6,1.48,9.74,31812,0.57,0,1.187,8.14,-85.3,27.985,1.639,4.92,0
8/5/2021,18:40:00,0,Piney Point,0.4,0.56,51725.5,1.654,17.22,7.35,48631.7,73.2,73.2,4.8,2.4,31.88,48933.4,1.66,10.36,31807,0.6,0,1.19,8.14,-85.3,27.988,1.652,4.93,0
8/5/2021,18:50:00,0,Piney Point,0.54,1.15,51730.7,1.667,17.63,7.48,48630.8,69.4,69.4,4.55,2.418,31.88,48933.1,1.68,10.4,31806,0.56,0,1.191,8.12,-84.3,27.993,1.667,4.91,0
8/5/2021,19:00:00,0,Piney Point,1.55,5.25,51577.2,1.699,17.57,7.46,48545.9,78.4,78.4,5.15,2.465,31.81,48841.3,5.23,22.47,31747,0.55,0,1.181,8.16,-86.5,27.933,1.696,4.92,0
8/5/2021,19:10:00,0,Piney Point,2.38,8.6,51705,1.74,17.21,7.34,48710.8,86.8,86.8,5.7,2.525,31.93,49002.4,9.08,35.52,31852,0.54,0,1.179,8.19,-88.1,27.888,1.739,4.92,0
8/5/2021,19:20:00,0,Piney Point,1.67,5.73,51989.3,1.78,16.31,7.04,48965.3,87.5,87.5,5.74,2.583,32.12,49259.8,5.25,22.52,32019,1.27,0,1.182,8.19,-88.4,27.901,1.781,4.92,0
8/5/2021,19:30:00,0,Piney Point,2.09,7.43,52242.1,1.823,15.54,6.79,49188.1,88.2,88.2,5.77,2.646,32.28,49485.7,5.61,23.75,32166,1.32,0,1.181,8.2,-89,27.916,1.826,4.92,0
8/5/2021,19:40:00,0,Piney Point,2.31,8.3,52394.1,1.855,15.14,6.65,49321.6,88.4,88.4,5.79,2.692,32.38,49621,6.86,28.01,32254,1.17,0,1.191,8.2,-89,27.926,1.854,4.92,0
8/5/2021,19:50:00,0,Piney Point,2.51,9.11,52440.6,1.88,14.91,6.57,49366.5,87.7,87.7,5.74,2.729,32.42,49666.1,6.16,25.61,32283,1.2,0,1.177,8.2,-88.8,27.925,1.879,4.91,0
8/5/2021,20:00:00,0,Piney Point,1.77,6.12,52462.7,1.903,14.85,6.55,49385.7,86.4,86.4,5.65,2.762,32.43,49685.5,5.24,22.51,32296,1.42,0,1.18,8.2,-88.5,27.926,1.906,4.92,0
8/5/2021,20:10:00,0,Piney Point,2.31,8.3,52489.5,1.931,14.73,6.51,49413.5,85.7,85.7,5.61,2.802,32.45,49713.2,5.46,23.23,32314,1.18,0,1.175,8.19,-88.2,27.924,1.928,4.92,0
8/5/2021,20:20:00,0,Piney Point,2.06,7.29,52591.7,1.956,14.39,6.4,49527.7,86.2,86.2,5.64,2.84,32.53,49826.2,9.84,38.1,32387,1.18,0,1.178,8.19,-88.3,27.906,1.954,4.92,0
8/5/2021,20:30:00,0,Piney Point,2.78,10.22,52681.2,1.984,13.92,6.25,49623.2,86.3,86.3,5.65,2.88,32.6,49921.1,7.82,31.24,32449,1.45,0,1.174,8.19,-88.4,27.895,1.981,4.91,0
8/5/2021,20:40:00,0,Piney Point,2.12,7.56,52660.5,2.006,14.1,6.31,49597.1,84.7,84.7,5.54,2.913,32.58,49895.5,4.87,21.23,32432,1.7,0,1.179,8.19,-88.2,27.901,2.006,4.92,0
8/5/2021,20:50:00,0,Piney Point,1.55,5.23,52635.4,2.032,14.29,6.37,49571.2,83.7,83.7,5.47,2.95,32.57,49869.7,3.88,17.87,32415,1.18,0,1.187,8.18,-87.9,27.904,2.029,4.92,0
8/5/2021,21:00:00,0,Piney Point,2.21,7.9,52610.3,2.057,14.39,6.4,49552.4,85,85,5.56,2.987,32.55,49850.2,4.88,21.28,32403,1.42,0,1.176,8.19,-88.2,27.899,2.056,4.92,0
8/5/2021,21:10:00,0,Piney Point,1.72,5.91,52615.6,2.08,14.42,6.41,49561.5,84.3,84.3,5.51,3.019,32.56,49859,6.66,27.33,32408,1.27,0,1.184,8.19,-88.2,27.895,2.077,4.92,0
8/5/2021,21:20:00,0,Piney Point,2.13,7.57,52635.4,2.1,14.41,6.41,49583.5,84,84,5.49,3.048,32.57,49880.7,6.17,25.66,32422,1.65,0,1.177,8.19,-88.3,27.891,2.098,4.92,0
8/5/2021,21:30:00,0,Piney Point,2.61,9.54,52664.7,2.115,14.14,6.32,49615.3,84.2,84.2,5.51,3.07,32.6,49912.3,7.43,29.92,32443,1.34,0,1.182,8.2,-88.6,27.887,2.113,4.92,0
8/5/2021,21:40:00,0,Piney Point,2.03,7.19,52669.5,2.137,13.76,6.19,49616.9,83.3,83.3,5.45,3.102,32.6,49914.2,6.15,25.6,32444,1.93,0,1.186,8.2,-88.5,27.89,2.136,4.92,0
8/5/2021,21:50:00,0,Piney Point,1.51,5.08,52668.1,2.153,13.77,6.2,49611.3,83.4,83.4,5.45,3.125,32.59,49909,4.52,20.04,32441,1.57,0,1.191,8.2,-88.8,27.894,2.153,4.92,0
8/5/2021,22:00:00,0,Piney Point,1.38,4.55,52664.1,2.169,13.93,6.25,49602.2,81.6,81.6,5.33,3.149,32.59,49900.5,5.58,23.65,32435,1.17,0,1.187,8.19,-88.4,27.9,2.168,4.92,0
8/5/2021,22:10:00,0,Piney Point,1.38,4.53,52656.2,2.181,14.05,6.29,49590.2,79.8,79.8,5.22,3.166,32.58,49888.9,4.67,20.58,32428,1.32,0,1.179,8.19,-88.1,27.904,2.178,4.92,0
8/5/2021,22:20:00,0,Piney Point,1.06,3.26,52655.2,2.192,14,6.27,49583.8,78.3,78.3,5.12,3.182,32.58,49883,3.48,16.52,32424,1.58,0,1.185,8.19,-87.9,27.91,2.193,4.92,0
8/5/2021,22:30:00,0,Piney Point,1.32,4.31,52658.7,2.204,13.62,6.15,49579.6,73.9,73.9,4.83,3.199,32.57,49879.6,3.48,16.53,32422,2.25,0,1.178,8.17,-87.1,27.917,2.2,4.92,0
8/5/2021,22:40:00,0,Piney Point,0.9,2.61,52650.1,2.22,13.89,6.23,49566.8,73.1,73.1,4.78,3.222,32.56,49867.2,2.34,12.66,32414,1.27,0,1.18,8.17,-86.8,27.922,2.221,4.92,0
8/5/2021,22:50:00,0,Piney Point,0.79,2.15,52667.5,2.233,13.95,6.26,49571.7,67,67,4.38,3.242,32.57,49873.4,2.68,13.82,32418,1.11,0,1.191,8.15,-85.8,27.933,2.233,4.92,0
8/5/2021,23:00:00,0,Piney Point,0.79,2.15,52652.7,2.247,14.12,6.31,49555.8,68.1,68.1,4.45,3.262,32.56,49857.6,4.32,19.39,32407,1.35,0,1.182,8.15,-85.7,27.935,2.248,4.92,0
8/5/2021,23:10:00,0,Piney Point,1.05,3.19,52624.8,2.254,13.96,6.26,49533.4,69.5,69.5,4.54,3.272,32.54,49834.6,5.64,23.86,32392,1.14,0,1.186,8.16,-86.6,27.931,2.255,4.92,0
8/5/2021,23:20:00,0,Piney Point,1.14,3.57,52604.9,2.268,13.93,6.25,49523.8,73.1,73.1,4.78,3.293,32.53,49824,2.84,14.35,32386,1.51,0,1.181,8.18,-87.5,27.922,2.266,4.92,0
8/5/2021,23:30:00,0,Piney Point,1.13,3.52,52601.4,2.272,13.75,6.19,49526.3,72.9,72.9,4.77,3.298,32.53,49825.9,3.86,17.8,32387,1.12,0,1.188,8.17,-87.2,27.916,2.275,4.92,0
8/5/2021,23:40:00,0,Piney Point,1.88,6.55,52587,2.273,13.03,5.95,49547.1,77.9,77.9,5.1,3.299,32.55,49843.1,4.87,21.23,32398,1.27,0,1.178,8.19,-88.5,27.882,2.272,4.92,0
8/5/2021,23:50:00,0,Piney Point,1.66,5.68,52587.1,2.27,13.19,6,49552.4,76.9,76.9,5.03,3.295,32.55,49847.9,4.91,21.37,32401,1.53,0,1.183,8.19,-88.3,27.877,2.272,4.92,0
8/6/2021,0:00:00,0,Piney Point,1.61,5.47,52588,2.26,13.37,6.06,49556,77.6,77.6,5.08,3.281,32.55,49851.2,5.46,23.25,32403,1.34,0,1.174,8.19,-88.3,27.874,2.262,4.92,0
8/6/2021,0:10:00,0,Piney Point,1.5,5.03,52580.1,2.255,13.41,6.07,49552.6,76.4,76.4,5,3.273,32.55,49847.4,4.31,19.34,32401,1.18,0,1.175,8.19,-88,27.87,2.255,4.92,0
8/6/2021,0:20:00,0,Piney Point,1.46,4.85,52578.6,2.251,12.6,5.8,49551.1,74.3,74.3,4.86,3.267,32.55,49845.9,4.36,19.51,32400,1.4,0,1.177,8.18,-87.5,27.87,2.246,4.92,0
8/6/2021,0:30:00,0,Piney Point,1.22,3.88,52583.3,2.245,13.6,6.14,49550.3,72.4,72.4,4.74,3.259,32.55,49845.6,3.64,17.05,32400,0.94,0,1.177,8.17,-87.1,27.876,2.243,4.92,0
8/6/2021,0:40:00,0,Piney Point,0.72,1.87,52589.7,2.247,13.86,6.23,49551.5,70.5,70.5,4.62,3.262,32.55,49847.3,2.3,12.5,32401,1.33,0,1.178,8.16,-86.6,27.88,2.245,4.91,0
8/6/2021,0:50:00,0,Piney Point,1.48,4.95,52538.5,2.253,13.75,6.19,49529.7,77.2,77.2,5.05,3.271,32.53,49822.6,6.62,27.17,32385,1.26,0,1.18,8.19,-88.1,27.854,2.252,4.92,0
8/6/2021,1:00:00,0,Piney Point,1.27,4.09,52535.8,2.252,13.82,6.21,49535.4,76.8,76.8,5.03,3.269,32.54,49827.5,3.9,17.96,32388,0.98,0,1.182,8.19,-87.9,27.846,2.253,4.92,0
8/6/2021,1:10:00,0,Piney Point,1.24,3.95,52550.2,2.255,13.79,6.2,49545.3,75.2,75.2,4.93,3.273,32.54,49837.8,4.06,18.5,32395,1.09,0,1.183,8.18,-87.6,27.849,2.256,4.91,0
8/6/2021,1:20:00,0,Piney Point,1.18,3.72,52547.1,2.255,13.76,6.19,49554.2,76.3,76.3,5,3.273,32.55,49845.5,5.33,22.81,32400,1.61,0,1.185,8.18,-87.8,27.838,2.255,4.92,0
8/6/2021,1:30:00,0,Piney Point,1.84,6.4,52526.6,2.252,13.92,6.25,49547.1,76.4,76.4,5,3.269,32.54,49837.1,5.3,22.71,32394,1.06,0,1.178,8.19,-87.9,27.825,2.249,4.91,0
8/6/2021,1:40:00,0,Piney Point,2.04,7.23,52523.2,2.245,13.7,6.17,49548.5,73.9,73.9,4.84,3.258,32.54,49838,5.16,22.24,32395,1.09,0,1.183,8.18,-87.4,27.821,2.242,4.91,0
8/6/2021,1:50:00,0,Piney Point,1.04,3.16,52509.7,2.239,13.72,6.18,49549.6,75.1,75.1,4.92,3.251,32.55,49837.6,2.94,14.7,32394,1.09,0,1.185,8.18,-87.5,27.807,2.24,4.91,0
8/6/2021,2:00:00,0,Piney Point,1.05,3.22,52516.6,2.232,13.78,6.2,49553.1,72.3,72.3,4.74,3.24,32.55,49841.4,3.96,18.15,32397,0.88,0,1.189,8.17,-87.1,27.81,2.232,4.92,0
8/6/2021,2:10:00,0,Piney Point,1.74,6,52509.6,2.221,13.39,6.07,49553.9,70.6,70.6,4.63,3.225,32.55,49841.4,5.39,23.01,32397,1.59,0,1.191,8.17,-86.8,27.803,2.222,4.92,0
8/6/2021,2:20:00,0,Piney Point,1.71,5.88,52500.1,2.218,13.18,6,49551.1,70.5,70.5,4.62,3.219,32.55,49838,5.2,22.37,32395,1.86,0,1.191,8.16,-86.6,27.797,2.217,4.91,0
8/6/2021,2:30:00,0,Piney Point,1.4,4.63,52501,2.213,13.64,6.15,49551.2,68.9,68.9,4.52,3.212,32.55,49838.2,3.91,17.97,32395,1.25,0,1.18,8.16,-86.3,27.797,2.214,4.91,0
8/6/2021,2:40:00,0,Piney Point,1.09,3.37,52493,2.2,13.85,6.22,49547.6,69.9,69.9,4.58,3.194,32.54,49834.1,4.21,18.99,32392,1.04,0,1.173,8.16,-86.4,27.794,2.2,4.91,0
8/6/2021,2:50:00,0,Piney Point,0.95,2.8,52486.5,2.188,13.24,6.02,49547,69.1,69.1,4.53,3.176,32.54,49832.9,2.96,14.74,32391,0.92,0,1.175,8.16,-86.5,27.788,2.188,4.92,0
8/6/2021,3:00:00,0,Piney Point,1.21,3.86,52469.8,2.182,13.75,6.19,49548.3,71,71,4.66,3.168,32.54,49832.3,4.28,19.22,32391,1.03,0,1.191,8.17,-86.8,27.771,2.181,4.91,0
8/6/2021,3:10:00,0,Piney Point,2.32,8.36,52473,2.176,13.42,6.08,49557.8,70.1,70.1,4.6,3.158,32.55,49841.3,6.02,25.15,32397,2.14,0,1.18,8.16,-86.4,27.765,2.175,4.91,0
8/6/2021,3:20:00,0,Piney Point,4.5,17.21,52471.8,2.167,13.86,6.23,49570.8,69.9,69.9,4.58,3.146,32.56,49852.9,42.36,148.5,32404,1.06,0,1.18,8.16,-86.4,27.75,2.168,4.91,0
8/6/2021,3:30:00,0,Piney Point,2.95,10.9,52473.1,2.159,13.72,6.18,49577.7,68.8,68.8,4.51,3.133,32.56,49859.2,9.01,35.28,32408,1.65,0,1.183,8.16,-86.2,27.745,2.161,4.91,0
8/6/2021,3:40:00,0,Piney Point,2.15,7.65,52473.3,2.151,13.59,6.13,49588.7,68.5,68.5,4.49,3.123,32.57,49869,6.28,26.03,32415,1.03,0,1.181,8.16,-86.2,27.734,2.153,4.91,0
8/6/2021,3:50:00,0,Piney Point,2.36,8.51,52475.9,2.144,13.78,6.2,49601.7,68.1,68.1,4.47,3.112,32.58,49881,6.13,25.53,32423,0.85,0,1.181,8.16,-86.1,27.724,2.146,4.91,0
8/6/2021,4:00:00,0,Piney Point,2.27,8.16,52473,2.135,14.09,6.3,49609.8,69.1,69.1,4.53,3.099,32.58,49888,6.01,25.1,32427,1.8,0,1.183,8.16,-86.1,27.713,2.135,4.91,0
8/6/2021,4:10:00,0,Piney Point,1.24,3.95,52465.2,2.131,13.97,6.26,49619.9,67.1,67.1,4.4,3.093,32.59,49896.3,4.03,18.39,32433,2.32,0,1.191,8.15,-85.8,27.696,2.131,4.91,0
8/6/2021,4:20:00,0,Piney Point,1.5,5.02,52465.7,2.129,14.37,6.39,49622.2,65,65,4.27,3.09,32.59,49898.4,5.09,21.97,32434,1.13,0,1.178,8.14,-85.2,27.694,2.128,4.91,0
8/6/2021,4:30:00,0,Piney Point,1.16,3.63,52465.7,2.127,13.49,6.1,49621.2,64.1,64.1,4.2,3.088,32.59,49897.5,3.22,15.63,32433,0.84,0,1.181,8.13,-84.7,27.695,2.129,4.91,0
8/6/2021,4:40:00,0,Piney Point,0.72,1.86,52475,2.127,14.04,6.29,49622.3,62.9,62.9,4.13,3.087,32.59,49899.4,2.23,12.28,32435,1.2,0,1.179,8.13,-84.4,27.702,2.127,4.9,0
8/6/2021,4:50:00,0,Piney Point,0.72,1.88,52480.8,2.131,14.25,6.36,49621,60.8,60.8,3.99,3.094,32.59,49898.9,2.59,13.51,32434,0.93,0,1.191,8.12,-84.1,27.709,2.131,4.9,0
8/6/2021,5:00:00,0,Piney Point,0.87,2.49,52465.2,2.138,14.07,6.29,49606.6,60.9,60.9,4,3.104,32.58,49884.4,3.52,16.65,32425,0.92,0,1.184,8.12,-84.2,27.709,2.138,4.9,0
8/6/2021,5:10:00,0,Piney Point,0.72,1.88,52468.6,2.142,14.29,6.37,49606.4,60.5,60.5,3.97,3.11,32.58,49884.5,2.36,12.71,32425,1.79,0,1.178,8.12,-83.9,27.712,2.145,4.9,0
8/6/2021,5:20:00,0,Piney Point,1.01,3.03,52467.6,2.153,13.72,6.18,49601.9,58.6,58.6,3.85,3.126,32.58,49880.4,3.34,16.05,32422,0.78,0,1.181,8.11,-83.6,27.716,2.151,4.9,0
8/6/2021,5:30:00,0,Piney Point,0.92,2.68,52458.6,2.16,13.8,6.2,49593.9,58.2,58.2,3.82,3.136,32.57,49872.3,3.62,17,32417,1.02,0,1.183,8.11,-83.6,27.715,2.163,4.9,0
8/6/2021,5:40:00,0,Piney Point,1.02,3.09,52443.1,2.173,14.06,6.29,49582.2,60.1,60.1,3.94,3.155,32.56,49860.2,3.21,15.61,32409,0.76,0,1.176,8.12,-83.9,27.712,2.173,4.91,0
8/6/2021,5:50:00,0,Piney Point,0.81,2.22,52443.5,2.185,13.73,6.18,49581.4,59,59,3.87,3.172,32.56,49859.5,4.14,18.78,32409,0.7,0,1.184,8.12,-83.9,27.713,2.187,4.9,0
8/6/2021,6:00:00,0,Piney Point,0.9,2.59,52446.2,2.2,13.92,6.24,49581.3,57.4,57.4,3.77,3.194,32.56,49859.7,3.16,15.44,32409,0.85,0,1.177,8.11,-83.6,27.716,2.197,4.9,0
8/6/2021,6:10:00,0,Piney Point,1.27,4.1,52447.5,2.215,13.89,6.23,49582.3,57.2,57.2,3.75,3.216,32.56,49860.7,3.18,15.5,32409,0.92,0,1.181,8.12,-83.7,27.716,2.216,4.91,0
8/6/2021,6:20:00,0,Piney Point,0.66,1.63,52454,2.228,13.78,6.2,49587.9,56.8,56.8,3.72,3.235,32.57,49866.4,2.23,12.29,32413,0.84,0,1.179,8.11,-83.6,27.717,2.229,4.9,0
8/6/2021,6:30:00,0,Piney Point,0.9,2.58,52457.9,2.239,13.94,6.25,49590.1,56.5,56.5,3.71,3.251,32.57,49868.8,3.04,15.02,32415,0.91,0,1.183,8.12,-83.8,27.718,2.24,4.91,0
8/6/2021,6:40:00,0,Piney Point,1.25,4.03,52458.5,2.252,13.66,6.16,49600.5,59.7,59.7,3.91,3.269,32.58,49878.2,4.36,19.5,32421,0.76,0,1.191,8.12,-84.2,27.709,2.253,4.9,0
8/6/2021,6:50:00,0,Piney Point,1.11,3.43,52469.7,2.263,13.74,6.18,49610.1,58.7,58.7,3.85,3.284,32.58,49888,4.72,20.72,32427,0.88,0,1.181,8.12,-84.1,27.709,2.263,4.9,0
8/6/2021,7:00:00,0,Piney Point,0.78,2.12,52487.3,2.274,13.6,6.14,49626.8,58.9,58.9,3.86,3.301,32.6,49904.7,2.65,13.7,32438,1.25,0,1.183,8.12,-84.2,27.709,2.272,4.9,0
8/6/2021,7:10:00,0,Piney Point,1.02,3.09,52502,2.29,13.96,6.26,49649.8,62.2,62.2,4.08,3.325,32.61,49926.9,3.48,16.51,32453,0.82,0,1.181,8.14,-84.9,27.7,2.291,4.9,0
8/6/2021,7:20:00,0,Piney Point,0.75,1.99,52508.4,2.302,13.74,6.18,49655.3,59.1,59.1,3.88,3.342,32.62,49932.5,2.79,14.18,32456,0.79,0,1.187,8.12,-84.2,27.701,2.302,4.9,0
8/6/2021,7:30:00,0,Piney Point,0.88,2.53,52511,2.318,13.59,6.13,49667.2,60.1,60.1,3.94,3.365,32.63,49943.5,3.14,15.38,32463,1.08,0,1.179,8.13,-84.7,27.692,2.318,4.9,0
8/6/2021,7:40:00,0,Piney Point,1.12,3.47,52507.7,2.333,13.93,6.25,49686.8,63,63,4.13,3.387,32.64,49960.8,3.52,16.67,32475,0.73,0,1.188,8.14,-85.2,27.669,2.336,4.89,0
8/6/2021,7:50:00,0,Piney Point,0.93,2.72,52500.8,2.353,13.81,6.21,49699.5,63.2,63.2,4.15,3.416,32.65,49971.4,2.93,14.64,32481,1.63,0,1.184,8.14,-85,27.65,2.351,4.9,0
8/6/2021,8:00:00,0,Piney Point,1.96,6.89,52481.4,2.37,13.65,6.16,49728.5,66.4,66.4,4.36,3.441,32.67,49995.6,5.47,23.29,32497,0.87,0,1.181,8.15,-85.9,27.603,2.371,4.9,0
8/6/2021,8:10:00,0,Piney Point,1.95,6.87,52535.5,2.395,13.55,6.12,49784.3,67.9,67.9,4.46,3.477,32.71,50051.2,5.71,24.09,32533,1.08,0,1.178,8.15,-86,27.599,2.397,4.9,0
8/6/2021,8:20:00,0,Piney Point,2.09,7.44,52617.1,2.415,13.19,6,49855.8,68.2,68.2,4.48,3.507,32.76,50123.8,6.16,25.63,32580,1.08,0,1.181,8.16,-86.3,27.604,2.416,4.9,0
8/6/2021,8:30:00,0,Piney Point,1.21,3.84,52659.1,2.44,13.07,5.96,49890.2,70.5,70.5,4.63,3.542,32.79,50158.9,4.09,18.6,32603,0.79,0,1.187,8.16,-86.4,27.61,2.439,4.89,0
8/6/2021,8:40:00,0,Piney Point,1.14,3.55,52672.4,2.462,12.77,5.86,49892.4,68.1,68.1,4.47,3.575,32.79,50162.2,4.63,20.44,32605,1.01,0,1.174,8.15,-85.9,27.62,2.458,4.9,0
8/6/2021,8:50:00,0,Piney Point,1.36,4.45,52684.3,2.477,13.12,5.98,49907,69.3,69.3,4.55,3.597,32.8,50176.5,4.46,19.84,32615,0.99,0,1.172,8.15,-85.9,27.617,2.474,4.9,0
8/6/2021,9:00:00,0,Piney Point,2.15,7.68,52721.3,2.495,12.78,5.86,49942.1,70.3,70.3,4.61,3.623,32.83,50211.8,4.43,19.73,32638,1.15,0,1.191,8.16,-86.1,27.617,2.494,4.89,0
8/6/2021,9:10:00,0,Piney Point,2.05,7.25,52763.2,2.509,12.83,5.88,49970.8,70.7,70.7,4.64,3.643,32.85,50241.8,12.15,45.97,32657,1.1,0,1.177,8.16,-86.1,27.627,2.508,4.9,0
8/6/2021,9:20:00,0,Piney Point,1.22,3.9,52812.2,2.525,12.3,5.71,49997.6,70.2,70.2,4.61,3.667,32.87,50270.8,3.81,17.65,32676,1,0,1.183,8.16,-86.2,27.647,2.523,4.89,0
8/6/2021,9:30:00,0,Piney Point,0.94,2.76,52885.2,2.541,12.4,5.74,50041.4,72,72,4.72,3.69,32.9,50317.6,3,14.91,32706,1.11,0,1.178,8.16,-86.4,27.672,2.538,4.9,0
8/6/2021,9:40:00,0,Piney Point,1.11,3.46,52936.9,2.558,12.01,5.61,50068.8,72.6,72.6,4.76,3.714,32.92,50347.4,3.19,15.54,32726,0.88,0,1.183,8.17,-86.7,27.693,2.558,4.9,0
8/6/2021,9:50:00,0,Piney Point,1.12,3.47,52970.5,2.57,12.3,5.7,50090.2,74.1,74.1,4.85,3.732,32.94,50370,3.69,17.23,32741,1.29,0,1.191,8.17,-87.2,27.703,2.565,4.9,0
8/6/2021,10:00:00,0,Piney Point,0.82,2.28,53001.4,2.578,12,5.61,50106.2,75.7,75.7,4.96,3.743,32.95,50387.5,3.81,17.63,32752,1.22,0,1.18,8.18,-87.3,27.716,2.577,4.9,0
8/6/2021,10:10:00,0,Piney Point,0.95,2.79,53027.2,2.589,12.3,5.71,50111.4,77.3,77.3,5.06,3.76,32.96,50394.8,3.27,15.82,32757,0.93,0,1.18,8.18,-87.7,27.735,2.589,4.89,0
8/6/2021,10:20:00,0,Piney Point,1.07,3.28,53050.1,2.594,13.18,6,50115.3,74.5,74.5,4.88,3.766,32.96,50400.7,2.69,13.83,32760,0.89,0,1.178,8.18,-87.5,27.752,2.597,4.89,0
8/6/2021,10:30:00,0,Piney Point,1.17,3.67,53080.9,2.596,11.6,5.47,50129.8,77.5,77.5,5.07,3.769,32.97,50416.8,3.25,15.75,32771,0.95,0,1.188,8.19,-88,27.767,2.593,4.9,0
8/6/2021,10:40:00,0,Piney Point,0.86,2.42,53105.7,2.598,11.86,5.56,50133.4,80.5,80.5,5.26,3.772,32.97,50422.5,2.79,14.17,32775,2.06,0,1.182,8.19,-88.4,27.786,2.594,4.89,0
8/6/2021,10:50:00,0,Piney Point,0.94,2.75,53131.9,2.601,12,5.61,50141.4,81.8,81.8,5.35,3.776,32.98,50432.3,2.24,12.3,32781,1.26,0,1.178,8.2,-88.7,27.803,2.599,4.89,0
8/6/2021,11:00:00,0,Piney Point,0.97,2.86,53160.5,2.608,11.73,5.52,50147.7,85.6,85.6,5.59,3.787,32.99,50440.9,2.53,13.31,32787,1.22,0,1.174,8.21,-89.4,27.823,2.609,4.9,0
8/6/2021,11:10:00,0,Piney Point,0.86,2.44,53187.6,2.612,11.91,5.58,50158.2,87.4,87.4,5.71,3.793,33,50453.1,2.6,13.55,32794,1.9,0,1.18,8.21,-89.6,27.838,2.611,4.9,0
8/6/2021,11:20:00,0,Piney Point,0.63,1.51,53211,2.627,12.04,5.62,50161.8,87.8,87.8,5.74,3.814,33,50458.6,1.81,10.85,32798,0.72,0,1.189,8.22,-89.7,27.856,2.629,4.89,0
8/6/2021,11:30:00,0,Piney Point,0.8,2.18,53246.7,2.629,11.78,5.53,50172,89.5,89.5,5.84,3.818,33.01,50471.4,2.69,13.86,32806,0.82,0,1.181,8.22,-90,27.879,2.628,4.89,0
8/6/2021,11:40:00,0,Piney Point,0.81,2.25,53284.1,2.631,11.53,5.45,50182.5,90.5,90.5,5.91,3.821,33.02,50484.6,2.2,12.19,32815,0.75,0,1.185,8.22,-90.2,27.903,2.631,4.9,0
8/6/2021,11:50:00,0,Piney Point,0.71,1.8,53316.2,2.624,11.75,5.52,50185.3,92,92,6,3.81,33.02,50490.4,1.63,10.23,32819,1.03,0,1.175,8.23,-90.5,27.93,2.621,4.89,0
8/6/2021,12:00:00,0,Piney Point,0.63,1.48,53338.5,2.611,12.98,5.93,50186,94.9,94.9,6.19,3.791,33.02,50493.3,2.1,11.85,32821,1.01,0,1.175,8.24,-91,27.95,2.612,4.89,0
8/6/2021,12:10:00,0,Piney Point,0.69,1.75,53372.7,2.591,11.63,5.48,50185.5,96.4,96.4,6.28,3.762,33.02,50496.2,2.17,12.09,32823,1.29,0,1.178,8.24,-91.5,27.982,2.59,4.9,0
8/6/2021,12:20:00,0,Piney Point,0.68,1.7,53401.3,2.568,11.85,5.56,50184,98,98,6.38,3.729,33.02,50497.8,2.37,12.75,32824,0.92,0,1.174,8.25,-91.6,28.01,2.569,4.89,0
8/6/2021,12:30:00,0,Piney Point,0.65,1.59,53409.9,2.541,11.77,5.53,50174.9,99.2,99.2,6.46,3.69,33.02,50490.5,2.1,11.83,32819,0.8,0,1.182,8.25,-91.8,28.027,2.538,4.9,0
8/6/2021,12:40:00,0,Piney Point,0.61,1.43,53431.8,2.512,11.65,5.49,50164.3,100.8,100.8,6.56,3.647,33.01,50483.2,1.81,10.85,32814,0.88,0,1.18,8.26,-92.2,28.058,2.509,4.89,0
8/6/2021,12:50:00,0,Piney Point,0.47,0.86,53464.9,2.486,11.77,5.53,50154.3,104.2,104.2,6.78,3.609,33.01,50477.6,1.56,10.01,32810,0.75,0,1.177,8.27,-92.8,28.098,2.484,4.9,0
8/6/2021,13:00:00,0,Piney Point,0.58,1.28,53514.5,2.46,12.16,5.66,50158.2,107.5,107.5,6.98,3.572,33.01,50486.1,2.24,12.31,32816,0.93,0,1.18,8.28,-93.3,28.141,2.462,4.89,0
8/6/2021,13:10:00,0,Piney Point,0.87,2.46,53568.8,2.438,11.79,5.53,50153.9,116.2,116.2,7.55,3.54,33.01,50487.8,3.02,14.97,32817,3.03,0,1.177,8.3,-94.8,28.195,2.438,4.9,0
8/6/2021,13:20:00,0,Piney Point,0.46,0.79,53593.1,2.413,12.97,5.93,50135.3,119.9,119.9,7.78,3.503,33,50473.6,1.59,10.12,32808,1.04,0,1.175,8.31,-95.4,28.236,2.413,4.9,0
8/6/2021,13:30:00,0,Piney Point,0.46,0.82,53641.6,2.395,13.33,6.05,50132.5,125.9,125.9,8.17,3.477,33,50476,1.44,9.6,32809,1.69,0,1.174,8.32,-96.3,28.284,2.394,4.89,0
8/6/2021,13:40:00,0,Piney Point,0.52,1.06,53684.4,2.371,12.62,5.81,50127.2,131.9,131.9,8.55,3.443,33,50475.6,1.65,10.3,32809,0.76,0,1.181,8.34,-97,28.328,2.369,4.9,0
8/6/2021,13:50:00,0,Piney Point,0.84,2.37,53733.6,2.343,12.35,5.72,50129.3,138.2,138.2,8.95,3.401,33,50482.5,0.99,8.09,32814,0.68,0,1.191,8.36,-98.2,28.372,2.341,4.9,0
8/6/2021,14:00:00,0,Piney Point,0.29,0.13,53779.8,2.313,12.85,5.89,50117.1,145.8,145.8,9.43,3.359,33,50476.2,1.48,9.74,32810,0.59,0,1.175,8.37,-99.3,28.427,2.313,4.89,0
8/6/2021,14:10:00,0,Piney Point,0.39,0.54,53834.8,2.285,12.74,5.85,50113.3,149.7,149.7,9.67,3.318,33,50478.5,1.4,9.47,32811,0.62,0,1.179,8.39,-100,28.481,2.285,4.9,0
8/6/2021,14:20:00,0,Piney Point,0.31,0.2,53893.9,2.258,12.71,5.84,50105.7,157,157,10.14,3.278,32.99,50477.7,1.15,8.61,32810,0.58,0,1.179,8.4,-100.9,28.543,2.26,4.89,0
8/6/2021,14:30:00,0,Piney Point,0.38,0.5,53936.5,2.227,13.03,5.95,50083.9,162.6,162.6,10.49,3.232,32.98,50462.5,1.08,8.37,32801,0.54,0,1.191,8.41,-101.6,28.604,2.227,4.9,0
8/6/2021,14:40:00,0,Piney Point,0.4,0.58,53977.2,2.2,13.05,5.96,50061.2,166,166,10.7,3.193,32.97,50446.3,1.37,9.36,32790,0.53,0,1.181,8.42,-101.9,28.665,2.2,4.91,0
8/6/2021,14:50:00,0,Piney Point,0.25,-0.06,54007.2,2.17,12.9,5.91,50032.8,169.5,169.5,10.91,3.149,32.95,50423.9,0.99,8.06,32776,0.6,0,1.185,8.42,-102.3,28.721,2.171,4.89,0
8/6/2021,15:00:00,0,Piney Point,0.31,0.2,54033.5,2.137,13.51,6.11,50001.2,173.9,173.9,11.19,3.101,32.93,50398.3,1,8.1,32759,0.65,0,1.173,8.43,-102.8,28.776,2.136,4.91,0
8/6/2021,15:10:00,0,Piney Point,0.3,0.16,54025.1,2.106,13.66,6.16,49941.1,172.7,172.7,11.1,3.057,32.89,50343.6,0.97,7.99,32723,0.49,0,1.172,8.43,-102.6,28.829,2.105,4.9,0
8/6/2021,15:20:00,0,Piney Point,0.65,1.59,53997.3,2.075,13.4,6.07,49870,168.7,168.7,10.84,3.012,32.83,50276.9,1.91,11.18,32680,0.57,0,1.191,8.42,-101.9,28.874,2.076,4.9,0
8/6/2021,15:30:00,0,Piney Point,0.33,0.28,53940.9,2.05,13.83,6.21,49774.3,164.8,164.8,10.59,2.975,32.77,50185.3,1.29,9.07,32620,0.58,0,1.181,8.4,-101.1,28.918,2.049,4.89,0
8/6/2021,15:40:00,0,Piney Point,0.36,0.4,53988.9,2.019,14.05,6.29,49775.9,167.9,167.9,10.78,2.93,32.77,50191.7,1.01,8.15,32625,0.54,0,1.171,8.41,-101.8,28.961,2.02,4.91,0
8/6/2021,15:50:00,0,Piney Point,0.68,1.72,53907.6,1.987,13.62,6.14,49651.7,162.8,162.8,10.45,2.883,32.68,50072,2.58,13.48,32547,0.42,0,1.185,8.4,-101,29.011,1.987,4.9,0
8/6/2021,16:00:00,0,Piney Point,0.33,0.29,53957.9,1.957,14.64,6.49,49650.2,159.7,159.7,10.24,2.84,32.68,50075.9,1.03,8.2,32549,0.5,0,1.185,8.39,-100.4,29.059,1.956,4.9,0
8/6/2021,16:10:00,0,Piney Point,0.39,0.51,53996.4,1.93,14.27,6.36,49642.3,163.5,163.5,10.48,2.801,32.68,50072.8,1.06,8.32,32547,0.4,0,1.185,8.4,-101,29.103,1.929,4.9,0
8/6/2021,16:20:00,0,Piney Point,0.42,0.65,53960.7,1.903,14.49,6.43,49559.6,163.5,163.5,10.48,2.761,32.62,49995,0.99,8.07,32497,0.39,0,1.184,8.4,-101.1,29.153,1.902,4.91,0
8/6/2021,16:30:00,0,Piney Point,0.29,0.11,53889.7,1.875,14.68,6.5,49450.8,161.2,161.2,10.32,2.721,32.54,49890.2,0.93,7.86,32429,0.51,0,1.182,8.38,-99.9,29.197,1.876,4.9,0
8/6/2021,16:40:00,0,Piney Point,0.25,-0.06,53876.2,1.846,14.53,6.45,49395.2,163.2,163.2,10.45,2.678,32.5,49838.9,0.94,7.91,32395,0.45,0,1.182,8.39,-100.6,29.241,1.845,4.9,0
8/6/2021,16:50:00,0,Piney Point,0.42,0.64,53849.9,1.818,14.7,6.5,49337.2,161.8,161.8,10.36,2.637,32.46,49784.3,1.28,9.06,32360,0.41,0,1.181,8.4,-101,29.276,1.817,4.91,0
8/6/2021,17:00:00,0,Piney Point,0.36,0.4,53815.8,1.79,14.78,6.53,49261.7,157.9,157.9,10.1,2.597,32.41,49713.1,1.02,8.18,32314,0.36,0,1.181,8.39,-100.7,29.321,1.79,4.91,0
8/6/2021,17:10:00,0,Piney Point,0.3,0.18,53835.3,1.763,15.28,6.7,49248.8,158.3,158.3,10.12,2.557,32.4,49703.6,1.04,8.26,32307,0.39,0,1.179,8.4,-101,29.352,1.761,4.91,0
8/6/2021,17:20:00,0,Piney Point,0.39,0.52,53753.1,1.737,15.13,6.65,49127.9,155.9,155.9,9.97,2.519,32.31,49586.8,1.15,8.61,32231,0.78,0,1.178,8.39,-100.4,29.399,1.739,4.91,0
8/6/2021,17:30:00,0,Piney Point,0.34,0.31,53781.6,1.715,15,6.61,49128.4,156.4,156.4,9.99,2.488,32.31,49590.2,0.97,8.02,32234,0.41,0,1.177,8.39,-100.5,29.425,1.715,4.91,0
8/6/2021,17:40:00,0,Piney Point,0.28,0.06,53801,1.697,14.38,6.4,49112.5,157.2,157.2,10.04,2.461,32.3,49578,0.91,7.81,32226,1.41,0,1.178,8.4,-100.8,29.46,1.697,4.91,0
8/6/2021,17:50:00,0,Piney Point,1.32,4.3,53556.3,1.684,15.33,6.72,48818.9,150.6,150.6,9.61,2.442,32.09,49289.6,5.46,23.24,32038,5.4,0,1.18,8.38,-99.8,29.532,1.684,4.91,0
8/6/2021,18:00:00,0,Piney Point,1.01,3.02,53612.9,1.668,15.53,6.78,48850.3,150.7,150.7,9.62,2.419,32.12,49323.7,7.48,30.1,32060,1.46,0,1.18,8.38,-100.1,29.553,1.668,4.91,0
8/6/2021,18:10:00,0,Piney Point,0.4,0.55,53722.8,1.656,15.29,6.7,48952.6,154.9,154.9,9.89,2.402,32.19,49426.7,1.39,9.41,32127,3.05,0,1.18,8.39,-100.6,29.551,1.655,4.91,0
8/6/2021,18:20:00,0,Piney Point,0.33,0.27,53809.7,1.646,15.18,6.66,49023.6,156.7,156.7,10,2.387,32.24,49499.3,0.91,7.81,32175,0.57,0,1.181,8.4,-100.9,29.559,1.645,4.91,0
8/6/2021,18:30:00,0,Piney Point,0.32,0.25,53806.8,1.633,15.07,6.63,49011.5,158.7,158.7,10.12,2.369,32.24,49488.2,1.08,8.38,32167,0.5,0,1.181,8.4,-101.2,29.569,1.633,4.91,0
8/6/2021,18:40:00,0,Piney Point,0.45,0.77,53825.9,1.627,15.13,6.65,49013.6,160.1,160.1,10.2,2.359,32.24,49492,1.71,10.51,32170,0.39,0,1.182,8.41,-101.5,29.585,1.626,4.91,0
8/6/2021,18:50:00,0,Piney Point,0.28,0.09,53830.9,1.619,15.16,6.66,49011.9,160.2,160.2,10.21,2.349,32.24,49491.1,0.92,7.84,32169,1.76,0,1.181,8.4,-101.3,29.591,1.619,4.91,0
8/6/2021,19:00:00,0,Piney Point,0.46,0.8,53839.3,1.621,15.79,6.87,49016.1,159.9,159.9,10.19,2.351,32.24,49495.7,0.83,7.53,32172,0.28,0,1.182,8.4,-101.1,29.595,1.62,4.91,0
8/6/2021,19:10:00,0,Piney Point,0.29,0.11,53809,1.627,15.94,6.92,48979,153.7,153.7,9.8,2.359,32.21,49459.4,1.18,8.7,32149,0.48,0,1.182,8.39,-100.4,29.604,1.626,4.91,0
8/6/2021,19:20:00,0,Piney Point,0.46,0.82,53836.6,1.643,16.29,7.04,49008.4,149.5,149.5,9.53,2.383,32.23,49488.5,1.74,10.63,32168,0.31,0,1.182,8.38,-99.7,29.6,1.643,4.91,0
8/6/2021,19:30:00,0,Piney Point,0.45,0.76,53796.6,1.655,15.89,6.9,48970.1,147.6,147.6,9.41,2.401,32.21,49450,1.35,9.3,32143,0.52,0,1.181,8.37,-99.6,29.602,1.654,4.91,0
8/6/2021,19:40:00,0,Piney Point,0.49,0.94,53813.8,1.673,16.29,7.04,48982.6,146.7,146.7,9.35,2.426,32.22,49463,1.72,10.56,32151,0.37,0,1.181,8.37,-99.2,29.605,1.673,4.91,0
8/6/2021,19:50:00,0,Piney Point,0.76,2.02,53809.5,1.694,16.59,7.13,48976.9,146.6,146.6,9.35,2.456,32.21,49457.5,2.09,11.8,32147,0.36,0,1.183,8.37,-99.1,29.607,1.693,4.91,0
8/6/2021,20:00:00,0,Piney Point,0.48,0.88,53817.6,1.714,16.41,7.08,49000.4,141.2,141.2,9,2.486,32.23,49479.4,1.75,10.66,32162,0.34,0,1.183,8.35,-98.1,29.59,1.714,4.91,0
8/6/2021,20:10:00,0,Piney Point,0.5,0.96,53707.3,1.733,15.95,6.92,48899.4,140.9,140.9,8.98,2.513,32.15,49377.5,1.77,10.7,32095,0.38,0,1.184,8.36,-98.7,29.591,1.733,4.91,0
8/6/2021,20:20:00,0,Piney Point,0.93,2.73,53623.3,1.754,15.48,6.77,48833.2,146.8,146.8,9.36,2.544,32.1,49309.4,2.67,13.77,32051,0.45,0,1.182,8.38,-100,29.58,1.754,4.91,0
8/6/2021,20:30:00,0,Piney Point,0.94,2.75,53620.5,1.78,15.51,6.77,48844.8,142.6,142.6,9.1,2.582,32.11,49319.6,2.97,14.79,32058,0.58,0,1.181,8.37,-99.4,29.566,1.779,4.91,0
8/6/2021,20:40:00,0,Piney Point,1.29,4.18,53594.5,1.807,15.26,6.69,48859.5,145,145,9.26,2.621,32.12,49330,3.37,16.13,32064,0.66,0,1.181,8.38,-99.8,29.526,1.808,4.91,0
8/6/2021,20:50:00,0,Piney Point,1.39,4.58,53583.5,1.836,15.19,6.67,48889.2,142.4,142.4,9.1,2.663,32.14,49355.4,4.94,21.47,32081,1.4,0,1.183,8.37,-99.5,29.485,1.834,4.91,0
8/6/2021,21:00:00,0,Piney Point,1.48,4.96,53578.4,1.865,15.02,6.61,48916.1,140.5,140.5,8.98,2.704,32.16,49378.9,4.46,19.86,32096,0.61,0,1.183,8.37,-99.3,29.453,1.865,4.91,0
8/6/2021,21:10:00,0,Piney Point,1.16,3.64,53587.1,1.893,15.03,6.62,48940.1,138.2,138.2,8.83,2.745,32.18,49401.3,3.11,15.26,32111,0.52,0,1.183,8.36,-98.8,29.436,1.892,4.91,0
8/6/2021,21:20:00,0,Piney Point,1.26,4.04,53660.6,1.917,14.52,6.44,49047.4,136.7,136.7,8.74,2.781,32.25,49505.1,3.75,17.43,32178,0.71,0,1.182,8.36,-98.7,29.395,1.917,4.91,0
8/6/2021,21:30:00,0,Piney Point,1.42,4.69,53660.2,1.941,14.55,6.45,49056.9,133.4,133.4,8.53,2.816,32.26,49513.5,4.19,18.95,32184,1.79,0,1.181,8.35,-98.3,29.385,1.94,4.91,0
8/6/2021,21:40:00,0,Piney Point,1.21,3.84,53705.8,1.961,14.34,6.39,49113.4,131.9,131.9,8.43,2.845,32.3,49568.8,3.75,17.44,32220,0.55,0,1.181,8.35,-98,29.37,1.962,4.91,0
8/6/2021,21:50:00,0,Piney Point,2.07,7.35,53963.8,1.977,13.59,6.14,49346.3,128.8,128.8,8.23,2.868,32.47,49804.3,6.44,26.57,32373,0.74,0,1.183,8.34,-97.6,29.373,1.975,4.91,0
8/6/2021,22:00:00,0,Piney Point,0.95,2.79,54098.2,1.995,13.11,5.98,49459.6,128.1,128.1,8.18,2.894,32.56,49919.7,2.89,14.54,32448,0.72,0,1.181,8.34,-97.4,29.382,1.993,4.91,0
8/6/2021,22:10:00,0,Piney Point,1.12,3.49,54174.5,2.021,12.87,5.89,49530.8,128.1,128.1,8.18,2.932,32.61,49991.4,2.66,13.72,32494,0.91,0,1.181,8.34,-97.4,29.381,2.021,4.91,0
8/6/2021,22:20:00,0,Piney Point,1.23,3.95,54203,2.046,12.88,5.9,49563.4,128.1,128.1,8.18,2.969,32.63,50023.5,3.85,17.79,32515,0.73,0,1.181,8.34,-97.5,29.374,2.046,4.91,0
8/6/2021,22:30:00,0,Piney Point,1.14,3.55,54225.4,2.072,12.54,5.79,49592.1,126.9,126.9,8.1,3.007,32.65,50051.6,3.86,17.82,32534,1.79,0,1.18,8.34,-97.4,29.366,2.073,4.91,0
8/6/2021,22:40:00,0,Piney Point,1.08,3.34,54277,2.098,12.46,5.76,49648.8,127.4,127.4,8.13,3.044,32.7,50107.8,4.5,20,32570,0.75,0,1.18,8.34,-97.6,29.356,2.096,4.91,0
8/6/2021,22:50:00,0,Piney Point,1.86,6.48,54373.2,2.118,12.2,5.67,49726.5,128.5,128.5,8.2,3.074,32.75,50187.3,4.21,19,32622,0.74,0,1.177,8.35,-97.9,29.367,2.116,4.91,0
8/6/2021,23:00:00,0,Piney Point,2.26,8.12,54464.1,2.137,11.93,5.58,49796.7,129.3,129.3,8.24,3.101,32.81,50259.6,5.24,22.51,32669,0.92,0,1.173,8.35,-98.1,29.38,2.137,4.91,0
8/6/2021,23:10:00,0,Piney Point,1.12,3.48,54572.8,2.157,11.59,5.47,49880,128.4,128.4,8.18,3.13,32.87,50345.6,3.68,17.2,32725,0.99,0,1.177,8.35,-98.2,29.396,2.156,4.9,0
8/6/2021,23:20:00,0,Piney Point,1.29,4.18,54646.2,2.173,10.99,5.27,49932.1,128.6,128.6,8.19,3.153,32.91,50399.9,5.85,24.58,32760,0.9,0,1.178,8.35,-98.1,29.411,2.173,4.91,0
8/6/2021,23:30:00,0,Piney Point,1.19,3.75,54770.2,2.194,11.01,5.28,50026.2,128.9,128.9,8.2,3.184,32.98,50497,3.83,17.71,32823,1.2,0,1.179,8.35,-98.3,29.43,2.194,4.91,0
8/6/2021,23:40:00,0,Piney Point,1.73,5.97,54861,2.214,10.7,5.17,50098.1,126.9,126.9,8.07,3.213,33.03,50570.9,4.04,18.43,32871,0.82,0,1.178,8.34,-97.8,29.442,2.214,4.91,0
8/6/2021,23:50:00,0,Piney Point,1.29,4.18,54880.3,2.236,10.56,5.12,50115.8,123.5,123.5,7.86,3.245,33.05,50588.7,2.9,14.57,32883,1.08,0,1.177,8.34,-97.3,29.442,2.236,4.91,0
8/7/2021,0:00:00,0,Piney Point,1.28,4.12,54882.3,2.253,10.47,5.1,50125.5,121.2,121.2,7.71,3.27,33.05,50597.6,5.05,21.86,32888,0.83,0,1.176,8.33,-97,29.434,2.253,4.9,0
8/7/2021,0:10:00,0,Piney Point,0.86,2.45,54883.3,2.267,9.99,4.93,50145.4,118.8,118.8,7.56,3.29,33.07,50615.5,2.18,12.11,32900,0.93,0,1.175,8.32,-96.5,29.415,2.267,4.91,0
8/7/2021,0:20:00,0,Piney Point,0.87,2.47,54883.2,2.278,9.61,4.81,50171.3,116.8,116.8,7.43,3.306,33.08,50638.7,2.21,12.22,32915,1.33,0,1.174,8.32,-96.2,29.388,2.277,4.91,0
8/7/2021,0:30:00,0,Piney Point,1.96,6.9,54879.5,2.291,9.74,4.85,50190.8,114.6,114.6,7.3,3.325,33.1,50655.8,4.59,20.28,32926,1.88,0,1.184,8.31,-95.8,29.365,2.29,4.9,0
8/7/2021,0:40:00,0,Piney Point,1.77,6.11,54875.3,2.299,9.62,4.81,50217.5,112.4,112.4,7.16,3.337,33.12,50679.2,4.99,21.65,32942,1.16,0,1.178,8.31,-95.4,29.335,2.3,4.9,0
8/7/2021,0:50:00,0,Piney Point,1.24,3.97,54867.5,2.304,9.78,4.86,50239.7,112.9,112.9,7.19,3.344,33.13,50698.3,3.69,17.24,32954,1.2,0,1.178,8.31,-95.5,29.306,2.302,4.9,0
8/7/2021,1:00:00,0,Piney Point,4.17,15.87,54869.3,2.303,9.93,4.92,50254,112.3,112.3,7.16,3.342,33.14,50711.4,10.16,39.21,32962,1.69,0,1.181,8.3,-95.4,29.293,2.3,4.9,0
8/7/2021,1:10:00,0,Piney Point,1.02,3.09,54871.1,2.298,9.85,4.89,50263.4,111.5,111.5,7.11,3.336,33.15,50719.9,3.13,15.32,32968,0.89,0,1.181,8.3,-95.2,29.285,2.298,4.9,0
8/7/2021,1:20:00,0,Piney Point,0.83,2.31,54864.7,2.298,10.09,4.97,50267.4,110.7,110.7,7.06,3.336,33.15,50722.8,2.61,13.58,32970,0.82,0,1.18,8.3,-95.2,29.275,2.297,4.9,0
8/7/2021,1:30:00,0,Piney Point,1.12,3.47,54862.7,2.287,9.64,4.82,50265.6,105.7,105.7,6.74,3.32,33.15,50721,3.76,17.47,32969,1.08,0,1.18,8.29,-94.7,29.275,2.285,4.9,0
8/7/2021,1:40:00,0,Piney Point,2.32,8.35,54855.1,2.278,9.75,4.86,50267.6,107.3,107.3,6.84,3.307,33.15,50722,3.03,15.01,32969,0.87,0,1.18,8.29,-94.8,29.266,2.278,4.9,0
8/7/2021,1:50:00,0,Piney Point,1.64,5.59,54849,2.265,9.52,4.78,50263.2,103.1,103.1,6.57,3.287,33.15,50717.5,5.81,24.43,32966,5.18,0,1.18,8.28,-94.2,29.265,2.264,4.9,0
8/7/2021,2:00:00,0,Piney Point,0.94,2.76,54847.7,2.255,10.22,5.01,50265.6,105.5,105.5,6.73,3.273,33.15,50719.4,2.55,13.37,32968,1.33,0,1.181,8.29,-94.3,29.261,2.254,4.91,0
8/7/2021,2:10:00,0,Piney Point,0.63,1.49,54848,2.238,9.97,4.93,50266.9,100,100,6.38,3.249,33.15,50720.6,1.49,9.76,32968,0.76,0,1.181,8.27,-93.3,29.26,2.237,4.89,0
8/7/2021,2:20:00,0,Piney Point,1.03,3.13,54831.7,2.227,9.99,4.93,50253.9,99.8,99.8,6.37,3.233,33.14,50707.3,3.38,16.17,32960,1.22,0,1.181,8.27,-93.4,29.258,2.227,4.9,0
8/7/2021,2:30:00,0,Piney Point,0.53,1.09,54828.9,2.217,10.29,5.03,50253.2,95.3,95.3,6.08,3.218,33.14,50706.4,2.77,14.12,32959,0.71,0,1.18,8.25,-92.3,29.257,2.216,4.9,0
8/7/2021,2:40:00,0,Piney Point,0.56,1.22,54811.1,2.213,10.16,4.99,50240.2,96.1,96.1,6.13,3.212,33.13,50692.9,1.3,9.12,32950,0.99,0,1.181,8.26,-92.7,29.253,2.21,4.9,0
8/7/2021,2:50:00,0,Piney Point,0.62,1.44,54807.2,2.201,10.12,4.98,50238.3,93.2,93.2,5.95,3.195,33.13,50690.8,2.19,12.14,32949,0.59,0,1.18,8.25,-91.9,29.252,2.2,4.9,0
8/7/2021,3:00:00,0,Piney Point,0.78,2.12,54789.7,2.188,10.58,5.13,50228.3,94.9,94.9,6.06,3.175,33.12,50680.1,2.47,13.09,32942,0.73,0,1.181,8.25,-92.1,29.246,2.187,4.9,0
8/7/2021,3:10:00,0,Piney Point,0.42,0.64,54811.3,2.174,10.48,5.1,50246,84.4,84.4,5.38,3.156,33.13,50698.1,1.48,9.73,32954,0.99,0,1.181,8.23,-90.8,29.248,2.175,4.9,0
8/7/2021,3:20:00,0,Piney Point,0.45,0.75,54795.7,2.16,10.63,5.15,50233.7,87.5,87.5,5.58,3.135,33.12,50685.5,2.17,12.09,32946,0.49,0,1.184,8.23,-90.9,29.246,2.16,4.9,0
8/7/2021,3:30:00,0,Piney Point,0.51,1.01,54787.4,2.147,10.64,5.15,50227.4,84.5,84.5,5.39,3.117,33.12,50679,1.6,10.13,32941,0.66,0,1.185,8.22,-90.5,29.244,2.145,4.9,0
8/7/2021,3:40:00,0,Piney Point,0.41,0.62,54795.1,2.135,10.57,5.13,50235.3,82.1,82.1,5.24,3.099,33.12,50686.9,1.49,9.76,32946,0.52,0,1.186,8.22,-90.4,29.244,2.135,4.9,0
8/7/2021,3:50:00,0,Piney Point,0.52,1.05,54796.6,2.124,10.34,5.05,50236.6,77,77,4.91,3.082,33.13,50688.2,1.45,9.63,32947,0.65,0,1.186,8.2,-88.9,29.244,2.124,4.9,0
8/7/2021,4:00:00,0,Piney Point,0.47,0.86,54801.3,2.107,10.32,5.04,50238.9,69,69,4.4,3.058,33.13,50690.7,1.31,9.16,32949,1.25,0,1.185,8.17,-87.4,29.246,2.107,4.9,0
8/7/2021,4:10:00,0,Piney Point,0.3,0.14,54805.1,2.091,10.98,5.27,50243.4,61.3,61.3,3.91,3.035,33.13,50695.2,1.16,8.65,32952,0.53,0,1.185,8.13,-84.9,29.245,2.09,4.9,0
8/7/2021,4:20:00,0,Piney Point,0.67,1.64,54784.9,2.08,10.99,5.27,50228.3,71.5,71.5,4.56,3.02,33.12,50679.5,2.64,13.68,32942,0.5,0,1.186,8.17,-87.4,29.241,2.08,4.9,0
8/7/2021,4:30:00,0,Piney Point,0.69,1.75,54791.4,2.069,10.74,5.19,50233.4,65.6,65.6,4.18,3.004,33.12,50684.8,1.75,10.67,32945,0.39,0,1.186,8.16,-87,29.242,2.07,4.9,0
8/7/2021,4:40:00,0,Piney Point,0.31,0.19,54786.9,2.062,10.67,5.16,50232,66.5,66.5,4.24,2.993,33.12,50683,0.97,8.01,32944,0.48,0,1.187,8.17,-87.2,29.239,2.061,4.9,0
8/7/2021,4:50:00,0,Piney Point,0.38,0.5,54785.5,2.052,10.99,5.27,50230.2,66.1,66.1,4.21,2.979,33.12,50681.3,1.36,9.31,32943,0.39,0,1.188,8.17,-87.6,29.24,2.052,4.9,0
8/7/2021,5:00:00,0,Piney Point,0.29,0.11,54793.3,2.045,11.17,5.33,50237.6,58.3,58.3,3.72,2.969,33.13,50688.7,1.01,8.14,32948,0.55,0,1.188,8.11,-84,29.24,2.045,4.9,0
8/7/2021,5:10:00,0,Piney Point,0.55,1.17,54764.1,2.039,10.73,5.18,50214.3,64,64,4.08,2.959,33.11,50664.8,1.84,10.97,32932,0.62,0,1.188,8.15,-86.1,29.236,2.037,4.89,0
8/7/2021,5:20:00,0,Piney Point,0.49,0.93,54774.4,2.039,11.17,5.33,50224.1,58,58,3.7,2.96,33.12,50674.7,2.08,11.76,32939,0.85,0,1.188,8.14,-85.6,29.236,2.04,4.9,0
8/7/2021,5:30:00,0,Piney Point,1.42,4.71,54785,2.038,11.13,5.31,50235.3,50.4,50.4,3.22,2.958,33.12,50685.8,2.23,12.29,32946,0.47,0,1.184,8.12,-84.1,29.234,2.038,4.9,0
8/7/2021,5:40:00,0,Piney Point,0.64,1.53,54782.1,2.04,10.54,5.12,50233.9,42.9,42.9,2.74,2.961,33.12,50684.2,1.31,9.14,32945,0.65,0,1.175,8.08,-82.2,29.233,2.038,4.9,0
8/7/2021,5:50:00,0,Piney Point,0.42,0.63,54750.7,2.044,11.14,5.32,50213.1,58.4,58.4,3.73,2.967,33.11,50662.4,1.49,9.77,32931,0.44,0,1.176,8.11,-83.8,29.225,2.042,4.9,0
8/7/2021,6:00:00,0,Piney Point,0.37,0.45,54774.6,2.054,11.18,5.33,50231.8,48.7,48.7,3.1,2.982,33.12,50681.6,1.19,8.75,32943,0.49,0,1.191,8.09,-82.7,29.228,2.054,4.9,0
8/7/2021,6:10:00,0,Piney Point,0.62,1.45,54758.5,2.057,10.76,5.19,50218.7,40.4,40.4,2.58,2.985,33.11,50668.2,1.67,10.37,32934,0.47,0,1.177,8.08,-82.2,29.227,2.056,4.9,0
8/7/2021,6:20:00,0,Piney Point,0.45,0.77,54723.3,2.072,11.33,5.38,50197.9,56.6,56.6,3.61,3.008,33.1,50645.9,2.84,14.35,32920,0.66,0,1.182,8.12,-84.2,29.215,2.071,4.9,0
8/7/2021,6:30:00,0,Piney Point,0.65,1.58,54720.2,2.086,11.32,5.38,50199.4,55,55,3.51,3.027,33.1,50646.9,1.97,11.39,32921,0.67,0,1.174,8.11,-83.5,29.211,2.085,4.9,0
8/7/2021,6:40:00,0,Piney Point,0.44,0.73,54737.5,2.099,11.31,5.37,50215.6,40.9,40.9,2.61,3.047,33.11,50663.3,1.62,10.21,32931,1.03,0,1.176,8.07,-81.5,29.21,2.096,4.89,0
8/7/2021,6:50:00,0,Piney Point,0.54,1.14,54715.5,2.117,11.5,5.44,50200.3,37.6,37.6,2.4,3.073,33.1,50647.2,1.98,11.43,32921,0.7,0,1.191,8.05,-80,29.206,2.118,4.9,0
8/7/2021,7:00:00,0,Piney Point,0.58,1.29,54600.1,2.126,11.11,5.31,50137.4,64,64,4.09,3.087,33.05,50578.9,1.82,10.88,32876,0.81,0,1.184,8.16,-86.9,29.163,2.126,4.9,0
8/7/2021,7:10:00,0,Piney Point,0.86,2.45,54628.6,2.144,11.83,5.55,50160.6,50.8,50.8,3.24,3.113,33.06,50602.7,3.46,16.47,32892,0.74,0,1.177,8.09,-82.6,29.165,2.144,4.9,0
8/7/2021,7:20:00,0,Piney Point,0.73,1.91,54632.1,2.164,11.76,5.53,50168.6,51.2,51.2,3.27,3.141,33.07,50610.2,2.35,12.67,32897,0.65,0,1.179,8.13,-85.1,29.161,2.164,4.9,0
8/7/2021,7:30:00,0,Piney Point,0.56,1.2,54582.1,2.183,11.43,5.41,50148.9,56.4,56.4,3.6,3.168,33.05,50587.4,2.97,14.79,32882,0.66,0,1.183,8.14,-85.3,29.134,2.183,4.9,0
8/7/2021,7:40:00,0,Piney Point,0.61,1.41,54458,2.208,11.52,5.44,50094.9,81,81,5.18,3.206,33.01,50526.1,1.72,10.54,32842,0.67,0,1.181,8.21,-89.6,29.074,2.212,4.89,0
8/7/2021,7:50:00,0,Piney Point,1.18,3.74,54396.2,2.231,11.29,5.37,50083,87.4,87.4,5.6,3.238,33,50509.1,2.94,14.69,32831,0.72,0,1.184,8.23,-91.1,29.029,2.231,4.9,0
8/7/2021,8:00:00,0,Piney Point,1.32,4.3,54400,2.253,11.22,5.34,50133.6,89.5,89.5,5.74,3.271,33.04,50554.8,3.32,15.97,32861,0.68,0,1.173,8.24,-91.5,28.982,2.253,4.9,0
8/7/2021,8:10:00,0,Piney Point,1.7,5.85,54453.9,2.277,10.68,5.17,50229.4,92.4,92.4,5.92,3.305,33.1,50646.2,4.09,18.59,32920,0.68,0,1.191,8.25,-92.1,28.936,2.277,4.9,0
8/7/2021,8:20:00,0,Piney Point,1.12,3.48,54477,2.301,10.6,5.14,50284.4,95.5,95.5,6.13,3.34,33.14,50697.9,2.84,14.37,32954,0.9,0,1.181,8.26,-92.6,28.903,2.301,4.9,0
8/7/2021,8:30:00,0,Piney Point,1.16,3.63,54487.6,2.325,10.35,5.05,50296,94.6,94.6,6.07,3.375,33.15,50709.4,3.12,15.31,32961,1.5,0,1.175,8.26,-92.4,28.901,2.324,4.89,0
8/7/2021,8:40:00,0,Piney Point,0.97,2.89,54499.4,2.348,10.29,5.04,50310.6,95.6,95.6,6.13,3.409,33.16,50723.7,3.15,15.39,32970,0.76,0,1.181,8.26,-92.5,28.897,2.349,4.89,0
8/7/2021,8:50:00,0,Piney Point,1.17,3.68,54510.1,2.371,10.33,5.05,50324.5,96.5,96.5,6.19,3.443,33.17,50737.3,2.96,14.76,32979,0.91,0,1.178,8.26,-92.7,28.893,2.37,4.89,0
8/7/2021,9:00:00,0,Piney Point,1.09,3.36,54522.3,2.393,10.11,4.97,50341.7,96.3,96.3,6.18,3.474,33.18,50753.9,3.01,14.93,32990,0.85,0,1.183,8.26,-92.5,28.887,2.393,4.89,0
8/7/2021,9:10:00,0,Piney Point,0.87,2.49,54524.9,2.417,10.17,5,50359.8,95.3,95.3,6.11,3.509,33.2,50770.5,2.7,13.87,33001,1.07,0,1.178,8.26,-92.4,28.872,2.417,4.9,0
8/7/2021,9:20:00,0,Piney Point,1.19,3.78,54524.8,2.448,10.22,5.01,50378.5,95.9,95.9,6.15,3.554,33.21,50787.2,1.93,11.26,33012,1.01,0,1.183,8.26,-92.4,28.853,2.447,4.89,0
8/7/2021,9:30:00,0,Piney Point,1.86,6.48,54534.3,2.475,10.17,5,50388.5,95.7,95.7,6.14,3.593,33.22,50797.1,3.55,16.76,33018,0.77,0,1.191,8.26,-92.4,28.852,2.473,4.89,0
8/7/2021,9:40:00,0,Piney Point,1.2,3.82,54554.6,2.504,10.06,4.96,50397.1,95.8,95.8,6.14,3.636,33.22,50806.9,3.4,16.25,33025,1.1,0,1.18,8.26,-92.3,28.862,2.5,4.89,0
8/7/2021,9:50:00,0,Piney Point,1.42,4.72,54618.2,2.534,9.91,4.91,50429.6,97.5,97.5,6.25,3.679,33.25,50842.6,4.64,20.46,33048,1.05,0,1.183,8.26,-92.6,28.888,2.536,4.89,0
8/7/2021,10:00:00,0,Piney Point,2.44,8.82,54766.5,2.563,9.42,4.75,50497.3,101.7,101.7,6.51,3.721,33.3,50918.6,3.61,16.97,33097,0.98,0,1.172,8.28,-93.6,28.957,2.563,4.89,0
8/7/2021,10:10:00,0,Piney Point,1.24,3.98,54852.3,2.585,9.25,4.69,50530.2,103.6,103.6,6.63,3.753,33.33,50957,5.19,22.32,33122,1.21,0,1.18,8.28,-94.1,29.002,2.588,4.89,0
8/7/2021,10:20:00,0,Piney Point,1.22,3.89,54913.2,2.605,9.08,4.63,50545.9,107.4,107.4,6.87,3.783,33.34,50977.3,3.26,15.77,33135,1.02,0,1.179,8.29,-94.6,29.042,2.607,4.89,0
8/7/2021,10:30:00,0,Piney Point,0.97,2.86,54934.9,2.622,9.01,4.61,50542.1,108,108,6.9,3.807,33.34,50976.2,2.92,14.63,33135,1.04,0,1.184,8.29,-94.7,29.066,2.623,4.88,0
8/7/2021,10:40:00,0,Piney Point,3.12,11.6,54958.1,2.639,8.82,4.54,50537.7,109.4,109.4,6.99,3.831,33.34,50974.7,6.08,25.36,33134,1.02,0,1.178,8.3,-94.9,29.091,2.639,4.89,0
8/7/2021,10:50:00,0,Piney Point,1.03,3.13,54970.1,2.654,9,4.61,50533.9,110.6,110.6,7.06,3.853,33.34,50972.5,2.58,13.48,33132,1,0,1.183,8.3,-95.1,29.106,2.656,4.89,0
8/7/2021,11:00:00,0,Piney Point,0.86,2.43,54989.6,2.667,8.93,4.58,50531.8,112.2,112.2,7.16,3.871,33.34,50972.6,2.32,12.58,33132,0.82,0,1.191,8.31,-95.4,29.126,2.669,4.9,0
8/7/2021,11:10:00,0,Piney Point,0.94,2.76,54998.6,2.682,9.34,4.72,50526.2,113.1,113.1,7.22,3.894,33.33,50968.5,3.02,14.96,33130,0.85,0,1.178,8.31,-95.5,29.14,2.684,4.89,0
8/7/2021,11:20:00,0,Piney Point,1.02,3.07,55015.5,2.686,8.88,4.56,50524.3,114.6,114.6,7.31,3.899,33.33,50968.6,2.87,14.46,33130,0.85,0,1.182,8.31,-95.7,29.157,2.688,4.88,0
8/7/2021,11:30:00,0,Piney Point,1.2,3.82,55037.9,2.694,9.03,4.61,50520,116.8,116.8,7.45,3.912,33.33,50967,3.3,15.92,33129,0.86,0,1.181,8.32,-96,29.182,2.695,4.89,0
8/7/2021,11:40:00,0,Piney Point,0.85,2.39,55056,2.697,9.03,4.61,50516.4,117.2,117.2,7.48,3.915,33.33,50965.8,2.56,13.39,33128,0.7,0,1.191,8.31,-95.8,29.202,2.694,4.88,0
8/7/2021,11:50:00,0,Piney Point,1.03,3.13,55054.1,2.694,9.12,4.65,50510.3,118.8,118.8,7.57,3.911,33.33,50960,3.2,15.57,33124,0.86,0,1.179,8.32,-96.2,29.206,2.693,4.89,0
8/7/2021,12:00:00,0,Piney Point,1.02,3.08,55066.1,2.692,9.06,4.63,50500.4,120.5,120.5,7.68,3.907,33.32,50952.5,1.85,10.99,33119,0.87,0,1.182,8.32,-96.5,29.227,2.689,4.89,0
8/7/2021,12:10:00,0,Piney Point,0.87,2.46,55092.4,2.682,8.97,4.6,50497.4,122,122,7.77,3.894,33.32,50952.5,3.05,15.06,33119,0.82,0,1.181,8.33,-96.7,29.254,2.68,4.88,0
8/7/2021,12:20:00,0,Piney Point,0.86,2.44,55116.3,2.669,8.93,4.58,50496.3,124.2,124.2,7.91,3.875,33.32,50954,2.13,11.94,33120,0.88,0,1.191,8.33,-97.1,29.277,2.666,4.89,0
8/7/2021,12:30:00,0,Piney Point,0.81,2.25,55119.2,2.653,9.17,4.66,50484.1,126.1,126.1,8.03,3.851,33.31,50943.3,3.57,16.84,33113,0.88,0,1.181,8.33,-97.2,29.292,2.653,4.89,0
8/7/2021,12:40:00,0,Piney Point,0.97,2.89,55127,2.629,9.2,4.67,50476.1,127.4,127.4,8.11,3.817,33.31,50937.1,4.02,18.35,33109,0.67,0,1.187,8.34,-97.5,29.307,2.627,4.89,0
8/7/2021,12:50:00,0,Piney Point,0.81,2.23,55152.8,2.611,9.18,4.66,50477,127.3,127.3,8.1,3.79,33.31,50940.5,2.36,12.71,33111,0.95,0,1.177,8.34,-97.7,29.329,2.607,4.89,0
8/7/2021,13:00:00,0,Piney Point,0.73,1.89,55171.5,2.592,9.33,4.71,50464.9,130.6,130.6,8.31,3.762,33.3,50931.6,1.94,11.31,33106,0.73,0,1.179,8.35,-98,29.358,2.591,4.9,0
8/7/2021,13:10:00,0,Piney Point,1.06,3.24,55199.5,2.572,9.21,4.68,50462.2,132.4,132.4,8.42,3.733,33.3,50932.1,3.25,15.74,33106,1.04,0,1.178,8.35,-98.4,29.387,2.571,4.89,0
8/7/2021,13:20:00,0,Piney Point,1.22,3.9,55206.3,2.551,9.18,4.66,50455.5,133.2,133.2,8.47,3.704,33.3,50926.8,2.57,13.43,33102,0.72,0,1.184,8.36,-98.5,29.4,2.549,4.89,0
8/7/2021,13:30:00,0,Piney Point,0.85,2.39,55224.1,2.527,9.22,4.68,50450.6,134.4,134.4,8.54,3.668,33.29,50924.3,2.54,13.35,33101,0.76,0,1.179,8.36,-98.6,29.421,2.524,4.89,0
8/7/2021,13:40:00,0,Piney Point,0.96,2.83,55223.5,2.512,9.43,4.75,50443.2,134.3,134.3,8.53,3.646,33.29,50917.6,2.47,13.1,33096,0.75,0,1.183,8.36,-98.5,29.427,2.514,4.89,0
8/7/2021,13:50:00,0,Piney Point,0.94,2.77,55238.7,2.484,9.31,4.71,50437.4,134.5,134.5,8.54,3.606,33.28,50914,2.36,12.71,33094,0.75,0,1.179,8.36,-98.6,29.447,2.483,4.9,0
8/7/2021,14:00:00,0,Piney Point,0.84,2.35,55259.9,2.459,9.32,4.71,50431.7,135.4,135.4,8.6,3.57,33.28,50911.2,2.28,12.45,33092,1.17,0,1.183,8.36,-98.7,29.472,2.46,4.89,0
8/7/2021,14:10:00,0,Piney Point,0.91,2.64,55274.6,2.435,9.34,4.72,50425.9,134.2,134.2,8.52,3.535,33.28,50907.4,2.09,11.82,33090,0.76,0,1.178,8.36,-98.4,29.491,2.436,4.89,0
8/7/2021,14:20:00,0,Piney Point,0.95,2.8,55295.7,2.406,9.46,4.76,50423.4,134.3,134.3,8.52,3.492,33.28,50907.4,2.31,12.54,33090,0.75,0,1.184,8.35,-98.4,29.513,2.403,4.89,0
8/7/2021,14:30:00,0,Piney Point,1.05,3.19,55320.7,2.374,9.74,4.85,50423.1,133.7,133.7,8.48,3.446,33.28,50909.8,2.89,14.53,33091,1,0,1.178,8.35,-98.2,29.536,2.372,4.89,0
8/7/2021,14:40:00,0,Piney Point,0.74,1.94,55349,2.34,9.72,4.84,50417.2,132.9,132.9,8.43,3.397,33.28,50907.5,2.15,12.02,33090,0.94,0,1.183,8.35,-98.1,29.568,2.337,4.89,0
8/7/2021,14:50:00,0,Piney Point,0.68,1.69,55368.2,2.311,9.89,4.9,50415.2,134.3,134.3,8.51,3.355,33.28,50907.7,1.99,11.47,33090,0.63,0,1.179,8.35,-98.1,29.587,2.306,4.9,0
8/7/2021,15:00:00,0,Piney Point,0.48,0.9,55400,2.276,9.99,4.94,50417.8,136.9,136.9,8.67,3.304,33.28,50913.3,1.5,9.79,33094,0.67,0,1.183,8.36,-98.5,29.614,2.277,4.89,0
8/7/2021,15:10:00,0,Piney Point,0.35,0.35,55430.1,2.24,10.2,5.01,50415.7,141.1,141.1,8.94,3.251,33.28,50914.6,1.07,8.35,33094,0.46,0,1.191,8.37,-99.2,29.643,2.239,4.89,0
8/7/2021,15:20:00,0,Piney Point,0.56,1.2,55465.8,2.203,10.37,5.06,50409.8,145.3,145.3,9.19,3.198,33.28,50913,2.11,11.88,33093,0.48,0,1.177,8.38,-99.8,29.682,2.203,4.89,0
8/7/2021,15:30:00,0,Piney Point,0.4,0.57,55514.1,2.166,10.49,5.1,50388.5,151.7,151.7,9.59,3.144,33.26,50899.1,1.38,9.4,33084,0.54,0,1.18,8.39,-100.7,29.747,2.164,4.9,0
8/7/2021,15:40:00,0,Piney Point,0.56,1.23,55567.6,2.126,10.87,5.23,50373.3,156.7,156.7,9.9,3.086,33.26,50891.1,1.67,10.39,33079,0.76,0,1.179,8.4,-101.5,29.811,2.124,4.89,0
8/7/2021,15:50:00,0,Piney Point,0.29,0.14,55616.1,2.089,10.67,5.16,50374.1,162.5,162.5,10.26,3.032,33.26,50896.9,1.4,9.45,33083,0.44,0,1.189,8.42,-102.5,29.855,2.091,4.89,0
8/7/2021,16:00:00,0,Piney Point,0.29,0.1,55665.4,2.053,11,5.27,50332.8,168.5,168.5,10.62,2.98,33.23,50865.1,0.9,7.75,33062,0.59,0,1.172,8.43,-103.1,29.941,2.051,4.89,0
8/7/2021,16:10:00,0,Piney Point,0.31,0.19,55682.1,2.018,11.11,5.31,50296.2,170.9,170.9,10.76,2.929,33.21,50834.1,1.12,8.51,33042,0.56,0,1.183,8.44,-103.4,29.993,2.018,4.89,0
8/7/2021,16:20:00,0,Piney Point,0.23,-0.12,55708.5,1.982,11.14,5.32,50267.2,176.8,176.8,11.13,2.877,33.19,50811,1.27,9.02,33027,0.42,0,1.18,8.45,-104.1,30.046,1.982,4.9,0
8/7/2021,16:30:00,0,Piney Point,0.24,-0.09,55696.8,1.949,11.24,5.35,50205.7,178,178,11.2,2.828,33.15,50754.8,1.1,8.45,32991,0.28,0,1.183,8.45,-104.4,30.098,1.948,4.89,0
8/7/2021,16:40:00,0,Piney Point,0.59,1.33,55603.6,1.911,12.16,5.66,50052.7,175.1,175.1,11.01,2.773,33.04,50608.3,2.43,12.97,32895,0.41,0,1.191,8.44,-104,30.168,1.911,4.9,0
8/7/2021,16:50:00,0,Piney Point,0.4,0.54,55590.7,1.876,11.95,5.59,49997.5,176.7,176.7,11.1,2.722,33,50557.6,1.55,9.97,32862,0.4,0,1.178,8.45,-104.1,30.212,1.875,4.89,0
8/7/2021,17:00:00,0,Piney Point,0.39,0.51,55584.7,1.845,12.29,5.7,49944.8,176.9,176.9,11.11,2.677,32.96,50509.9,2.33,12.62,32831,0.46,0,1.182,8.45,-104.4,30.26,1.845,4.89,0
8/7/2021,17:10:00,0,Piney Point,0.33,0.27,55591.8,1.815,12.56,5.79,49913.5,178.8,178.8,11.22,2.634,32.94,50482.6,1.13,8.56,32814,0.38,0,1.172,8.45,-104.6,30.299,1.816,4.9,0
8/7/2021,17:20:00,0,Piney Point,0.35,0.37,55596.3,1.787,12.45,5.75,49890.5,179.6,179.6,11.27,2.593,32.92,50462.5,1.6,10.14,32801,0.35,0,1.181,8.46,-104.8,30.326,1.788,4.9,0
8/7/2021,17:30:00,0,Piney Point,0.34,0.33,55516.7,1.76,12.79,5.87,49765,180.8,180.8,11.34,2.554,32.83,50342,1.12,8.51,32722,0.41,0,1.179,8.46,-104.9,30.382,1.758,4.9,0
8/7/2021,17:40:00,0,Piney Point,0.41,0.62,55573.1,1.73,12.96,5.93,49792.3,183.3,183.3,11.5,2.509,32.85,50372.3,1.65,10.31,32742,0.31,0,1.186,8.47,-105.3,30.406,1.725,4.9,0
8/7/2021,17:50:00,0,Piney Point,0.38,0.47,55524,1.703,12.99,5.93,49714.7,184.7,184.7,11.58,2.471,32.8,50297.8,1.22,8.87,32694,0.31,0,1.18,8.47,-105.6,30.44,1.704,4.9,0
8/7/2021,18:00:00,0,Piney Point,0.38,0.48,55525.3,1.681,13.34,6.05,49686.2,183.4,183.4,11.49,2.438,32.78,50272.5,1.26,8.99,32677,0.34,0,1.177,8.47,-105.3,30.471,1.681,4.9,0
8/7/2021,18:10:00,0,Piney Point,0.29,0.1,55524.3,1.658,13.82,6.21,49671.6,181.8,181.8,11.39,2.405,32.77,50259.4,3.17,15.48,32669,0.35,0,1.178,8.46,-105.2,30.484,1.657,4.9,0
8/7/2021,18:20:00,0,Piney Point,0.26,0.01,55523.9,1.641,13.43,6.08,49653.6,181.1,181.1,11.34,2.38,32.76,50243.3,1.03,8.22,32658,0.3,0,1.179,8.46,-105,30.503,1.641,4.9,0
8/7/2021,18:30:00,0,Piney Point,0.47,0.84,55562.5,1.627,13.54,6.12,49653.3,181.2,181.2,11.34,2.36,32.76,50247.1,1.7,10.47,32661,0.23,0,1.181,8.46,-105.2,30.538,1.625,4.89,0
8/7/2021,18:40:00,0,Piney Point,0.43,0.67,55492.9,1.608,13.46,6.09,49575.6,179.3,179.3,11.23,2.332,32.7,50170.3,2.06,11.69,32611,0.29,0,1.181,8.46,-105.1,30.554,1.607,4.89,0
8/7/2021,18:50:00,0,Piney Point,0.32,0.25,55483.7,1.598,13.53,6.11,49558.3,180.3,180.3,11.29,2.317,32.69,50153.9,0.89,7.74,32600,0.26,0,1.182,8.46,-105.1,30.564,1.596,4.9,0
8/7/2021,19:00:00,0,Piney Point,0.22,-0.17,55543.9,1.583,13.35,6.05,49606.5,176.7,176.7,11.06,2.296,32.73,50203.4,0.76,7.28,32632,0.38,0,1.183,8.45,-104.6,30.569,1.582,4.9,0
8/7/2021,19:10:00,0,Piney Point,0.31,0.22,55481.1,1.571,13.82,6.21,49542.9,176.1,176.1,11.02,2.279,32.68,50139.9,0.91,7.8,32591,0.29,0,1.182,8.45,-104.3,30.577,1.571,4.9,0
8/7/2021,19:20:00,0,Piney Point,1.03,3.13,55503.8,1.569,14.59,6.47,49543,177.4,177.4,11.1,2.276,32.68,50142.4,1.5,9.79,32593,0.26,0,1.18,8.45,-104.4,30.598,1.569,4.89,0
8/7/2021,19:30:00,0,Piney Point,0.28,0.07,55482.1,1.566,13.77,6.19,49511.1,173.2,173.2,10.84,2.271,32.66,50111.6,0.76,7.29,32573,0.88,0,1.18,8.44,-104.1,30.611,1.566,4.9,0
8/7/2021,19:40:00,0,Piney Point,0.31,0.2,55470.5,1.575,14.75,6.52,49502.4,170.9,170.9,10.7,2.284,32.65,50102.6,2.89,14.51,32567,0.24,0,1.18,8.44,-103.7,30.609,1.574,4.9,0
8/7/2021,19:50:00,0,Piney Point,0.35,0.37,55466.3,1.592,15.44,6.75,49498.7,167.6,167.6,10.48,2.309,32.65,50098.8,2.38,12.8,32564,0.3,0,1.181,8.43,-103.2,30.609,1.591,4.9,0
8/7/2021,20:00:00,0,Piney Point,0.48,0.89,55432.1,1.612,15.14,6.65,49465.4,163.2,163.2,10.21,2.339,32.62,50065.4,1.39,9.42,32543,0.34,0,1.18,8.41,-101.9,30.612,1.612,4.9,0
8/7/2021,20:10:00,0,Piney Point,0.36,0.41,55370.6,1.635,15.39,6.73,49409.3,158.2,158.2,9.9,2.371,32.58,50008.8,1.35,9.29,32506,0.47,0,1.177,8.4,-101.2,30.613,1.634,4.89,0
8/7/2021,20:20:00,0,Piney Point,0.43,0.7,55322.8,1.656,15.37,6.73,49361.8,154.8,154.8,9.69,2.401,32.55,49961.3,1.52,9.87,32475,0.35,0,1.178,8.39,-101.1,30.618,1.655,4.9,0
8/7/2021,20:30:00,0,Piney Point,0.36,0.42,55159.4,1.684,16.16,6.99,49233.9,145.5,145.5,9.12,2.442,32.45,49829.7,1.18,8.73,32389,0.47,0,1.18,8.37,-99.4,30.6,1.684,4.89,0
8/7/2021,20:40:00,0,Piney Point,0.28,0.09,55190.7,1.709,16.22,7.01,49280.1,140.2,140.2,8.78,2.478,32.48,49874.3,1.23,8.88,32418,0.35,0,1.18,8.36,-99.2,30.581,1.709,4.89,0
8/7/2021,20:50:00,0,Piney Point,0.4,0.57,54969.7,1.734,16.33,7.05,49089.1,143.8,143.8,9.01,2.514,32.34,49680.2,1.11,8.49,32292,0.36,0,1.18,8.37,-99.9,30.574,1.734,4.9,0
8/7/2021,21:00:00,0,Piney Point,1,3,54638.4,1.753,16.09,6.97,48807.8,149.9,149.9,9.41,2.542,32.13,49393.9,2.71,13.91,32106,0.41,0,1.178,8.39,-101.1,30.559,1.751,4.9,0
8/7/2021,21:10:00,0,Piney Point,0.98,2.91,54616.7,1.778,15.65,6.82,48818.7,148.8,148.8,9.35,2.577,32.14,49401.2,3.14,15.39,32111,1.82,0,1.178,8.4,-101.2,30.527,1.776,4.89,0
8/7/2021,21:20:00,0,Piney Point,1.43,4.75,54612.7,1.802,15.98,6.93,48853.5,155.5,155.5,9.77,2.613,32.16,49431.9,2.54,13.32,32131,1.05,0,1.178,8.42,-102.6,30.487,1.801,4.9,0
8/7/2021,21:30:00,0,Piney Point,1.16,3.66,54753.5,1.834,14.83,6.55,49051.3,152.5,152.5,9.59,2.659,32.31,49623.5,2.61,13.56,32255,0.72,0,1.177,8.41,-102.3,30.412,1.833,4.89,0
8/7/2021,21:40:00,0,Piney Point,1.21,3.83,54807.5,1.858,14.86,6.56,49124.3,155.2,155.2,9.76,2.695,32.36,49694.5,3.44,16.38,32301,0.88,0,1.178,8.42,-102.7,30.387,1.858,4.9,0
8/7/2021,21:50:00,0,Piney Point,1.05,3.19,54799.2,1.885,15.11,6.64,49116,153.3,153.3,9.64,2.734,32.35,49686.2,3.72,17.35,32296,1.43,0,1.177,8.42,-102.3,30.388,1.886,4.89,0
8/7/2021,22:00:00,0,Piney Point,0.75,2,54804.1,1.915,14.36,6.39,49116,152.2,152.2,9.57,2.777,32.35,49686.7,2.19,12.15,32296,0.65,0,1.176,8.41,-102.2,30.392,1.915,4.9,0
8/7/2021,22:10:00,0,Piney Point,1.18,3.74,55013.5,1.949,13.69,6.17,49330.8,149.4,149.4,9.39,2.826,32.51,49900.8,2.43,12.96,32436,0.75,0,1.177,8.41,-101.9,30.364,1.947,4.89,0
8/7/2021,22:20:00,0,Piney Point,1.23,3.95,55161.9,1.977,13.33,6.05,49494.4,146.1,146.1,9.18,2.867,32.63,50062.6,3.44,16.39,32541,0.71,0,1.175,8.4,-101.3,30.333,1.977,4.9,0
8/7/2021,22:30:00,0,Piney Point,1.49,4.99,55275.9,2.005,12.28,5.7,49613.2,144.4,144.4,9.07,2.909,32.72,50180.9,4.4,19.66,32618,0.78,0,1.173,8.4,-101.1,30.316,2.004,4.89,0
8/7/2021,22:40:00,0,Piney Point,1.32,4.29,55304.8,2.035,12.2,5.67,49655.6,143.1,143.1,8.99,2.952,32.75,50221.8,3.16,15.45,32644,0.9,0,1.182,8.39,-101,30.299,2.035,4.89,0
8/7/2021,22:50:00,0,Piney Point,1.87,6.52,55345,2.06,12.01,5.61,49704.8,142.8,142.8,8.97,2.988,32.78,50270,4.64,20.47,32676,0.67,0,1.191,8.39,-100.8,30.286,2.06,4.89,0
8/7/2021,23:00:00,0,Piney Point,1.39,4.59,55430.5,2.088,11.69,5.5,49796.5,142.5,142.5,8.96,3.03,32.85,50361,4.03,18.39,32735,0.72,0,1.178,8.39,-100.8,30.27,2.088,4.9,0
8/7/2021,23:10:00,0,Piney Point,1.2,3.81,55504.8,2.12,11.41,5.41,49863.6,141.9,141.9,8.91,3.076,32.9,50428.8,3.45,16.43,32779,0.67,0,1.181,8.39,-100.8,30.27,2.122,4.89,0
8/7/2021,23:20:00,0,Piney Point,0.99,2.98,55599.6,2.147,10.86,5.23,49945.3,140.7,140.7,8.83,3.115,32.96,50511.8,3.31,15.96,32833,0.95,0,1.181,8.39,-100.7,30.274,2.147,4.89,0
8/7/2021,23:30:00,0,Piney Point,2.15,7.65,55761.1,2.175,10.35,5.05,50083.3,140.5,140.5,8.82,3.155,33.06,50652.2,6.08,25.36,32924,1.05,0,1.178,8.39,-100.8,30.281,2.174,4.89,0
8/7/2021,23:40:00,0,Piney Point,1.65,5.62,55882.5,2.195,9.95,4.92,50188.1,141.4,141.4,8.87,3.186,33.14,50758.7,5.03,21.77,32993,0.99,0,1.183,8.4,-101.2,30.285,2.195,4.89,0
8/7/2021,23:50:00,0,Piney Point,1.71,5.9,55928.2,2.216,9.74,4.85,50228.3,141.2,141.2,8.86,3.216,33.17,50799.5,5.73,24.17,33020,0.84,0,1.178,8.39,-101,30.286,2.215,4.9,0
8/8/2021,0:00:00,0,Piney Point,1.84,6.41,55965.7,2.233,9.66,4.83,50267.4,139.4,139.4,8.74,3.241,33.2,50838.4,4.74,20.79,33045,1.1,0,1.183,8.39,-100.7,30.28,2.231,4.89,0
8/8/2021,0:10:00,0,Piney Point,1.57,5.33,55993.4,2.258,9.61,4.81,50300,136.1,136.1,8.53,3.277,33.22,50870.4,4.23,19.05,33066,0.84,0,1.179,8.38,-100.3,30.273,2.257,4.89,0
8/8/2021,0:20:00,0,Piney Point,1.74,5.98,56062.1,2.277,9.21,4.68,50390.6,132.8,132.8,8.33,3.304,33.29,50958.7,4.58,20.26,33123,1.55,0,1.183,8.37,-99.8,30.243,2.278,4.89,0
8/8/2021,0:30:00,0,Piney Point,1.29,4.19,56095.6,2.294,9.09,4.64,50437.7,130.7,130.7,8.2,3.329,33.32,51004.3,4.12,18.69,33153,1.41,0,1.179,8.37,-99.4,30.226,2.294,4.89,0
8/8/2021,0:40:00,0,Piney Point,1.49,4.97,56095.8,2.311,8.96,4.59,50473.4,128.7,128.7,8.07,3.354,33.35,51036.3,3.89,17.93,33174,1.6,0,1.183,8.36,-99.1,30.19,2.311,4.9,0
8/8/2021,0:50:00,0,Piney Point,1.28,4.14,56063.6,2.325,8.85,4.56,50511.5,128.9,128.9,8.1,3.374,33.37,51066.9,3.78,17.54,33193,1.31,0,1.178,8.37,-99.3,30.123,2.325,4.89,0
8/8/2021,1:00:00,0,Piney Point,1.7,5.83,56065.2,2.334,8.26,4.36,50514.1,123.8,123.8,7.78,3.388,33.38,51069.4,5.03,21.78,33195,1.6,0,1.183,8.36,-98.7,30.122,2.334,4.89,0
8/8/2021,1:10:00,0,Piney Point,0.91,2.64,56043.5,2.344,8.51,4.44,50503.5,122.4,122.4,7.69,3.403,33.37,51057.7,2.62,13.59,33187,1.16,0,1.178,8.36,-98.6,30.113,2.344,4.89,0
8/8/2021,1:20:00,0,Piney Point,0.96,2.86,56039.6,2.344,8.53,4.45,50502.6,119.3,119.3,7.5,3.402,33.37,51056.4,2.63,13.64,33187,1.16,0,1.183,8.34,-97.9,30.11,2.344,4.89,0
8/8/2021,1:30:00,0,Piney Point,0.97,2.88,56013.5,2.349,8.63,4.48,50488.1,120.7,120.7,7.58,3.409,33.36,51040.7,3.33,16.02,33176,0.79,0,1.179,8.35,-98,30.101,2.348,4.89,0
8/8/2021,1:40:00,0,Piney Point,0.94,2.74,56013,2.346,9.14,4.65,50490.4,111.4,111.4,7,3.405,33.36,51042.7,3.28,15.86,33178,0.83,0,1.183,8.33,-97.1,30.098,2.344,4.89,0
8/8/2021,1:50:00,0,Piney Point,0.65,1.57,56008.4,2.342,8.65,4.49,50488.4,108.8,108.8,6.84,3.4,33.36,51040.4,2.46,13.05,33176,0.85,0,1.178,8.32,-96.3,30.096,2.342,4.89,0
8/8/2021,2:00:00,0,Piney Point,0.68,1.71,56004,2.341,8.93,4.58,50489.3,102.8,102.8,6.46,3.397,33.36,51040.8,1.6,10.13,33176,0.98,0,1.183,8.31,-95.7,30.091,2.34,4.89,0
8/8/2021,2:10:00,0,Piney Point,1.01,3.03,55996.6,2.337,8.68,4.5,50486.1,101.4,101.4,6.37,3.392,33.35,51037.1,1.81,10.87,33174,1.12,0,1.179,8.29,-94.9,30.088,2.336,4.89,0
8/8/2021,2:20:00,0,Piney Point,0.63,1.48,55993.5,2.332,9,4.61,50488.7,93,93,5.84,3.384,33.36,51039.1,1.93,11.28,33175,1.78,0,1.183,8.27,-93.7,30.082,2.332,4.89,0
8/8/2021,2:30:00,0,Piney Point,0.66,1.64,55994.8,2.326,9.37,4.73,50488.2,95.2,95.2,5.99,3.376,33.35,51038.7,1.22,8.85,33175,1,0,1.179,8.28,-94.4,30.084,2.326,4.89,0
8/8/2021,2:40:00,0,Piney Point,1.44,4.77,55950.2,2.318,8.78,4.53,50468.2,97.7,97.7,6.14,3.364,33.34,51016.2,5.72,24.14,33161,1.88,0,1.183,8.31,-96.1,30.064,2.316,4.89,0
8/8/2021,2:50:00,0,Piney Point,2.71,9.96,55960.8,2.302,8.71,4.51,50476.6,95,95,5.97,3.341,33.35,51024.8,8.13,32.3,33166,0.61,0,1.178,8.28,-94,30.065,2.304,4.89,0
8/8/2021,3:00:00,0,Piney Point,0.64,1.54,55960.4,2.285,9.17,4.66,50477.2,96.3,96.3,6.06,3.317,33.35,51025.3,2.27,12.42,33166,0.9,0,1.183,8.28,-93.8,30.064,2.284,4.89,0
8/8/2021,3:10:00,0,Piney Point,0.98,2.92,55935.2,2.264,9.34,4.72,50467.7,94.8,94.8,5.96,3.287,33.34,51014.2,3.35,16.07,33159,0.9,0,1.178,8.28,-94.2,30.05,2.263,4.89,0
8/8/2021,3:20:00,0,Piney Point,1.44,4.79,55887.8,2.249,9.12,4.64,50446.7,106.1,106.1,6.68,3.263,33.32,50990.4,3.9,17.95,33144,5.34,0,1.183,8.32,-96.6,30.029,2.249,4.89,0
8/8/2021,3:30:00,0,Piney Point,0.89,2.57,55896.8,2.232,9.09,4.63,50454,101.5,101.5,6.38,3.24,33.33,50997.9,2.31,12.54,33149,0.96,0,1.178,8.3,-95.1,30.029,2.232,4.89,0
8/8/2021,3:40:00,0,Piney Point,0.95,2.79,55897.9,2.21,8.9,4.57,50454,95.5,95.5,6.01,3.208,33.33,50998,2.58,13.48,33149,0.73,0,1.183,8.29,-94.5,30.03,2.21,4.89,0
8/8/2021,3:50:00,0,Piney Point,0.71,1.83,55901.4,2.187,9.11,4.64,50459.1,91.6,91.6,5.76,3.174,33.33,51002.9,1.91,11.2,33152,1.35,0,1.178,8.27,-93.2,30.028,2.187,4.89,0
8/8/2021,4:00:00,0,Piney Point,0.55,1.17,55899.7,2.164,8.84,4.55,50455.3,86.5,86.5,5.44,3.141,33.33,50999.3,1.49,9.77,33150,0.74,0,1.183,8.25,-92.3,30.031,2.163,4.89,0
8/8/2021,4:10:00,0,Piney Point,0.92,2.66,55896.9,2.138,9.23,4.68,50455.1,85.2,85.2,5.36,3.103,33.33,50998.8,1.93,11.27,33149,0.89,0,1.179,8.26,-92.6,30.028,2.136,4.89,0
8/8/2021,4:20:00,0,Piney Point,0.6,1.39,55885.9,2.115,9.53,4.78,50446.8,83.4,83.4,5.25,3.069,33.32,50990.3,2.04,11.65,33144,0.74,0,1.184,8.25,-92.2,30.027,2.114,4.89,0
8/8/2021,4:30:00,0,Piney Point,0.46,0.8,55892.7,2.092,9.42,4.75,50455.9,74.4,74.4,4.68,3.036,33.33,50999.2,1.34,9.24,33149,0.71,0,1.178,8.23,-90.8,30.024,2.091,4.88,0
8/8/2021,4:40:00,0,Piney Point,0.39,0.51,55886.3,2.075,9.74,4.85,50452.8,77.6,77.6,4.89,3.011,33.33,50995.7,1.41,9.51,33147,0.74,0,1.183,8.23,-91,30.021,2.075,4.89,0
8/8/2021,4:50:00,0,Piney Point,0.67,1.67,55888.1,2.058,9.95,4.92,50455.6,68.9,68.9,4.34,2.987,33.33,50998.4,1.87,11.06,33149,0.86,0,1.178,8.2,-89.2,30.02,2.057,4.89,0
8/8/2021,5:00:00,0,Piney Point,0.32,0.24,55886.8,2.045,9.23,4.68,50451.8,65.6,65.6,4.13,2.968,33.32,50994.8,0.87,7.66,33147,0.67,0,1.183,8.2,-89.5,30.023,2.045,4.89,0
8/8/2021,5:10:00,0,Piney Point,0.79,2.16,55888,2.03,9.72,4.85,50454.2,65.4,65.4,4.11,2.946,33.33,50997.2,2.55,13.35,33148,1.08,0,1.178,8.19,-88.8,30.021,2.029,4.89,0
8/8/2021,5:20:00,0,Piney Point,0.53,1.09,55891.8,2.022,9.82,4.88,50454.9,73.6,73.6,4.63,2.935,33.33,50998.2,1.48,9.73,33149,0.64,0,1.183,8.2,-89.6,30.024,2.022,4.89,0
8/8/2021,5:30:00,0,Piney Point,0.54,1.13,55894.7,2.015,9.9,4.9,50458.3,70.5,70.5,4.43,2.925,33.33,51001.5,1.79,10.78,33151,0.52,0,1.178,8.18,-88.2,30.023,2.015,4.88,0
8/8/2021,5:40:00,0,Piney Point,0.49,0.94,55898.8,2.014,10.26,5.02,50462.7,62.4,62.4,3.93,2.924,33.33,51005.9,1.58,10.06,33154,0.45,0,1.183,8.16,-87.1,30.022,2.013,4.89,0
8/8/2021,5:50:00,0,Piney Point,0.61,1.41,55901.3,2.013,9.96,4.93,50465,60.1,60.1,3.78,2.922,33.33,51008.2,2.12,11.92,33155,0.52,0,1.178,8.15,-86.4,30.022,2.013,4.89,0
8/8/2021,6:00:00,0,Piney Point,0.43,0.7,55897.8,2.017,9.85,4.89,50462.6,58.6,58.6,3.68,2.927,33.33,51005.7,1.18,8.7,33154,0.74,0,1.184,8.16,-87,30.022,2.016,4.89,0
8/8/2021,6:10:00,0,Piney Point,0.69,1.73,55892.8,2.02,10.01,4.94,50460.3,57.2,57.2,3.6,2.932,33.33,51003.1,2.11,11.87,33152,0.47,0,1.178,8.14,-85.9,30.019,2.021,4.88,0
8/8/2021,6:20:00,0,Piney Point,0.49,0.93,55891.5,2.018,9.54,4.79,50461.1,49.4,49.4,3.11,2.93,33.33,51003.6,1.33,9.23,33152,0.51,0,1.183,8.12,-84.6,30.017,2.018,4.88,0
8/8/2021,6:30:00,0,Piney Point,0.72,1.88,55889.6,2.021,10.04,4.95,50454.3,54.9,54.9,3.46,2.934,33.33,50997.4,1.87,11.05,33148,0.56,0,1.178,8.15,-86,30.023,2.022,4.88,0
8/8/2021,6:40:00,0,Piney Point,0.49,0.92,55884.8,2.024,10.54,5.12,50456.3,50.3,50.3,3.16,2.938,33.33,50998.7,1.19,8.74,33149,0.39,0,1.184,8.13,-85.3,30.016,2.025,4.88,0
8/8/2021,6:50:00,0,Piney Point,0.45,0.78,55871.4,2.035,10.89,5.24,50451.2,44.1,44.1,2.77,2.954,33.32,50992.7,1.97,11.4,33145,1,0,1.178,8.1,-83.1,30.009,2.035,4.88,0
8/8/2021,7:00:00,0,Piney Point,0.62,1.48,55865.2,2.042,10.74,5.19,50449.8,39.4,39.4,2.48,2.963,33.32,50990.8,1.8,10.83,33144,1.1,0,1.183,8.08,-82.1,30.005,2.042,4.89,0
8/8/2021,7:10:00,0,Piney Point,0.72,1.87,55866.3,2.047,10.02,4.94,50448.3,38.5,38.5,2.42,2.971,33.32,50989.6,1.68,10.41,33143,1.02,0,1.178,8.09,-82.5,30.007,2.047,4.87,0
8/8/2021,7:20:00,0,Piney Point,0.72,1.87,55852,2.065,11.25,5.36,50443,38.4,38.4,2.42,2.997,33.32,50983.4,2.41,12.88,33139,1.18,0,1.183,8.08,-81.8,30,2.064,4.89,0
8/8/2021,7:30:00,0,Piney Point,0.85,2.4,55855.7,2.08,11.21,5.34,50447.2,35,35,2.2,3.018,33.32,50987.5,2.04,11.64,33142,0.77,0,1.179,8.06,-81,29.999,2.079,4.88,0
8/8/2021,7:40:00,0,Piney Point,0.55,1.16,55853.3,2.101,11.34,5.39,50442.7,34.4,34.4,2.16,3.049,33.32,50983.2,1.68,10.4,33139,2.34,0,1.183,8.06,-80.8,30.001,2.1,4.88,0
8/8/2021,7:50:00,0,Piney Point,0.55,1.19,55839.8,2.117,11.01,5.28,50428.1,35.4,35.4,2.23,3.072,33.31,50968.7,1.85,11,33130,1.11,0,1.178,8.08,-81.8,30.004,2.116,4.88,0
8/8/2021,8:00:00,0,Piney Point,0.75,2,55838.8,2.133,10.93,5.25,50427.2,35.4,35.4,2.23,3.095,33.31,50967.8,2,11.51,33129,1,0,1.184,8.07,-81.7,30.004,2.132,4.88,0
8/8/2021,8:10:00,0,Piney Point,1.28,4.14,55822,2.152,11.04,5.28,50414.9,36.3,36.3,2.28,3.123,33.3,50955,3.91,17.97,33121,1.15,0,1.178,8.06,-81,30.001,2.15,4.87,0
8/8/2021,8:20:00,0,Piney Point,0.94,2.76,55781,2.175,11.41,5.41,50386.1,41.5,41.5,2.61,3.156,33.27,50925,2.8,14.21,33101,0.95,0,1.183,8.07,-81.5,29.992,2.174,4.88,0
8/8/2021,8:30:00,0,Piney Point,1.32,4.3,55708,2.202,11.53,5.45,50342.4,52.3,52.3,3.3,3.196,33.24,50878.2,5.14,22.16,33071,0.95,0,1.179,8.1,-83.5,29.97,2.204,4.88,0
8/8/2021,8:40:00,0,Piney Point,0.77,2.07,55601.7,2.232,11.36,5.39,50281,68.6,68.6,4.33,3.24,33.19,50812.1,2.34,12.64,33028,0.86,0,1.183,8.17,-87.6,29.935,2.231,4.88,0
8/8/2021,8:50:00,0,Piney Point,0.89,2.55,55475.6,2.264,11.21,5.34,50221.9,88.8,88.8,5.61,3.285,33.15,50746,3.2,15.59,32985,0.81,0,1.179,8.25,-92.4,29.88,2.264,4.88,0
8/8/2021,9:00:00,0,Piney Point,1.32,4.3,55499.5,2.296,10.59,5.14,50299.1,103.4,103.4,6.53,3.333,33.2,50817.6,3.36,16.11,33031,0.8,0,1.184,8.3,-94.9,29.824,2.298,4.89,0
8/8/2021,9:10:00,0,Piney Point,1.04,3.16,55590.3,2.327,10.21,5.01,50372.1,105.5,105.5,6.66,3.378,33.26,50892.4,2.82,14.27,33080,0.75,0,1.178,8.3,-95.3,29.833,2.327,4.88,0
8/8/2021,9:20:00,0,Piney Point,1.08,3.31,55612.3,2.36,9.9,4.91,50391.2,108.9,108.9,6.87,3.425,33.27,50911.8,2.6,13.52,33093,0.78,0,1.183,8.31,-96.1,29.834,2.362,4.88,0
8/8/2021,9:30:00,0,Piney Point,1.57,5.29,55591.2,2.386,9.91,4.91,50374.7,110.9,110.9,7,3.463,33.26,50894.8,4.63,20.43,33082,1.32,0,1.179,8.32,-96.3,29.831,2.385,4.88,0
8/8/2021,9:40:00,0,Piney Point,1.12,3.48,55589,2.414,10.04,4.95,50365.4,111.6,111.6,7.05,3.504,33.25,50886.2,3.44,16.37,33076,1.26,0,1.184,8.32,-96.4,29.839,2.411,4.88,0
8/8/2021,9:50:00,0,Piney Point,1.78,6.15,55621.4,2.44,9.96,4.93,50380.4,109.9,109.9,6.94,3.542,33.26,50903.1,4.46,19.85,33087,1.32,0,1.178,8.32,-96.2,29.853,2.441,4.89,0
8/8/2021,10:00:00,0,Piney Point,1.31,4.24,55701.7,2.468,9.73,4.85,50441.2,111.1,111.1,7.01,3.582,33.31,50965.9,3.41,16.3,33128,0.83,0,1.183,8.32,-96.3,29.865,2.468,4.89,0
8/8/2021,10:10:00,0,Piney Point,1.45,4.84,55792.2,2.493,9.42,4.75,50502.6,111.6,111.6,7.04,3.618,33.36,51030.3,3.96,18.16,33170,0.9,0,1.178,8.32,-96.5,29.886,2.494,4.88,0
8/8/2021,10:20:00,0,Piney Point,1.34,4.36,55915.9,2.516,8.99,4.6,50572.2,113.8,113.8,7.17,3.652,33.41,51105.6,3.61,16.98,33219,1.09,0,1.183,8.33,-97,29.928,2.516,4.88,0
8/8/2021,10:30:00,0,Piney Point,1.37,4.5,55983.8,2.54,8.79,4.53,50594.1,116.1,116.1,7.31,3.687,33.43,51132.3,4.56,20.18,33236,1.78,0,1.178,8.33,-97.1,29.968,2.539,4.88,0
8/8/2021,10:40:00,0,Piney Point,1.3,4.23,56053.4,2.569,8.7,4.51,50617.9,116.9,116.9,7.35,3.729,33.45,51160.9,2.6,13.52,33255,1.39,0,1.183,8.34,-97.4,30.007,2.57,4.89,0
8/8/2021,10:50:00,0,Piney Point,1.03,3.12,56126.5,2.593,8.67,4.49,50644.4,118.1,118.1,7.43,3.764,33.47,51192.3,2.79,14.2,33275,1.82,0,1.179,8.34,-97.5,30.046,2.593,4.88,0
8/8/2021,11:00:00,0,Piney Point,1.34,4.36,56209,2.621,8.54,4.45,50674.9,120.5,120.5,7.57,3.805,33.49,51228.3,3.38,16.2,33298,1.18,0,1.183,8.34,-97.9,30.09,2.619,4.88,0
8/8/2021,11:10:00,0,Piney Point,1.23,3.93,56257.7,2.643,8.29,4.37,50689.5,121.6,121.6,7.63,3.836,33.51,51246.5,3.01,14.92,33310,1.23,0,1.178,8.35,-98.1,30.12,2.64,4.88,0
8/8/2021,11:20:00,0,Piney Point,1.01,3.05,56359.5,2.666,8.22,4.34,50737.4,122.5,122.5,7.68,3.869,33.54,51300,2.92,14.61,33345,1.87,0,1.184,8.35,-98.3,30.164,2.668,4.88,0
8/8/2021,11:30:00,0,Piney Point,1.38,4.55,56517.1,2.678,7.97,4.26,50820.8,123.1,123.1,7.71,3.887,33.61,51391.3,4.11,18.67,33404,2.23,0,1.187,8.35,-98.4,30.222,2.674,4.88,0
8/8/2021,11:40:00,0,Piney Point,1.35,4.44,56585.5,2.691,7.8,4.21,50858.8,123.2,123.2,7.71,3.907,33.64,51432.4,3.52,16.66,33431,6.99,0,1.173,8.35,-98.5,30.246,2.691,4.89,0
8/8/2021,11:50:00,0,Piney Point,1.84,6.42,56607.1,2.703,7.72,4.18,50868.5,124.1,124.1,7.76,3.924,33.65,51443.4,4.83,21.1,33438,3.68,0,1.184,8.35,-98.5,30.255,2.701,4.88,0
8/8/2021,12:00:00,0,Piney Point,1.18,3.72,56629.5,2.705,7.24,4.02,50870.7,121.4,121.4,7.59,3.927,33.65,51447.8,4.22,19.05,33441,2.21,0,1.18,8.35,-98.5,30.273,2.704,4.88,0
8/8/2021,12:10:00,0,Piney Point,1.45,4.81,56642.1,2.712,7.54,4.12,50867.5,123.6,123.6,7.73,3.936,33.65,51446.2,3.38,16.18,33440,1.61,0,1.184,8.36,-99,30.288,2.712,4.88,0
8/8/2021,12:20:00,0,Piney Point,1.02,3.09,56656.5,2.717,7.82,4.21,50865.4,128.4,128.4,8.03,3.944,33.65,51445.9,3.13,15.34,33440,1.85,0,1.191,8.37,-99.3,30.303,2.715,4.88,0
8/8/2021,12:30:00,0,Piney Point,3.3,12.33,56670.8,2.708,7.74,4.18,50861.8,127.2,127.2,7.95,3.931,33.64,51444.1,3.09,15.21,33439,1.21,0,1.175,8.36,-99.1,30.319,2.709,4.88,0
8/8/2021,12:40:00,0,Piney Point,1.8,6.24,56684.3,2.708,7.51,4.11,50861.8,126.7,126.7,7.92,3.932,33.65,51445.5,3.89,17.92,33440,1.31,0,1.178,8.37,-99.3,30.331,2.706,4.88,0
8/8/2021,12:50:00,0,Piney Point,1.2,3.8,56695.9,2.699,7.3,4.04,50860,128.6,128.6,8.04,3.917,33.64,51445.2,3.19,15.54,33439,1.55,0,1.176,8.36,-99.2,30.344,2.698,4.88,0
8/8/2021,13:00:00,0,Piney Point,0.99,2.97,56716.8,2.682,8.02,4.28,50859.4,133.5,133.5,8.34,3.894,33.65,51446.8,2.55,13.36,33440,1.51,0,1.178,8.38,-100.2,30.363,2.681,4.88,0
8/8/2021,13:10:00,0,Piney Point,1.22,3.89,56729.4,2.663,7.83,4.21,50855.6,133.9,133.9,8.36,3.865,33.64,51444.8,3.23,15.68,33439,1.57,0,1.174,8.38,-99.9,30.378,2.661,4.89,0
8/8/2021,13:20:00,0,Piney Point,1.16,3.65,56739,2.642,7.95,4.26,50848.6,136.3,136.3,8.51,3.834,33.64,51439.6,2.93,14.65,33436,1.21,0,1.185,8.38,-100.3,30.394,2.641,4.88,0
8/8/2021,13:30:00,0,Piney Point,0.8,2.2,56752.1,2.619,8.05,4.29,50843.5,136.4,136.4,8.52,3.802,33.64,51436.4,2.54,13.32,33434,0.99,0,1.183,8.38,-100.2,30.411,2.619,4.88,0
8/8/2021,13:40:00,0,Piney Point,1.36,4.47,56768.5,2.59,8.19,4.33,50837,138.1,138.1,8.62,3.759,33.63,51432.4,4.88,21.28,33431,1.32,0,1.18,8.38,-100.4,30.432,2.591,4.88,0
8/8/2021,13:50:00,0,Piney Point,1.11,3.46,56800.8,2.561,8.3,4.37,50833,144,144,8.98,3.718,33.63,51432.2,2.81,14.25,33431,1.49,0,1.175,8.4,-101.3,30.465,2.56,4.88,0
8/8/2021,14:00:00,0,Piney Point,0.86,2.44,56829.5,2.535,8.47,4.43,50823.2,145.8,145.8,9.09,3.679,33.63,51426.5,2.52,13.26,33427,1.63,0,1.172,8.41,-101.8,30.501,2.536,4.89,0
8/8/2021,14:10:00,0,Piney Point,0.74,1.95,56844.9,2.508,8.41,4.41,50810.5,148.8,148.8,9.28,3.64,33.62,51416.8,1.78,10.76,33421,0.95,0,1.188,8.41,-101.9,30.527,2.505,4.88,0
8/8/2021,14:20:00,0,Piney Point,0.79,2.15,56870.9,2.477,8.49,4.44,50795.3,155,155,9.65,3.596,33.61,51406,1.62,10.21,33414,1.3,0,1.178,8.42,-102.9,30.566,2.477,4.88,0
8/8/2021,14:30:00,0,Piney Point,0.97,2.87,56861.6,2.448,8.76,4.52,50767.6,161,161,10.03,3.554,33.59,51380.3,2.27,12.41,33397,1.39,0,1.174,8.43,-103.5,30.585,2.447,4.88,0
8/8/2021,14:40:00,0,Piney Point,0.84,2.33,56912.8,2.418,8.82,4.55,50776.8,163,163,10.15,3.509,33.6,51393.9,2.13,11.95,33406,1.29,0,1.171,8.44,-103.9,30.622,2.419,4.89,0
8/8/2021,14:50:00,0,Piney Point,1.17,3.69,56886.3,2.386,9.04,4.62,50740.1,164.5,164.5,10.24,3.464,33.57,51358.4,2.76,14.07,33383,1.74,0,1.179,8.44,-103.9,30.635,2.384,4.89,0
8/8/2021,15:00:00,0,Piney Point,1.16,3.64,56907.1,2.355,9.24,4.69,50730.3,169.7,169.7,10.55,3.419,33.57,51351.8,7.64,30.64,33379,1.64,0,1.189,8.46,-104.8,30.664,2.354,4.88,0
8/8/2021,15:10:00,0,Piney Point,1.33,4.34,56956.8,2.324,9.22,4.68,50730.6,174.1,174.1,10.82,3.373,33.57,51357.4,2.74,14,33382,1.13,0,1.181,8.46,-105,30.708,2.323,4.89,0
8/8/2021,15:20:00,0,Piney Point,1.14,3.58,56989,2.299,9.42,4.75,50725.1,176.3,176.3,10.95,3.336,33.57,51356,2.24,12.33,33381,0.85,0,1.189,8.47,-105.6,30.743,2.299,4.88,0
8/8/2021,15:30:00,0,Piney Point,0.93,2.7,57022.2,2.267,9.54,4.79,50714.7,182,182,11.3,3.289,33.56,51350.2,2.36,12.73,33378,1.3,0,1.18,8.47,-105.9,30.783,2.264,4.88,0
8/8/2021,15:40:00,0,Piney Point,0.86,2.43,57059.2,2.237,9.79,4.87,50711.3,185.7,185.7,11.52,3.246,33.56,51351.1,2.4,12.86,33378,1.22,0,1.181,8.49,-106.9,30.82,2.231,4.89,0
8/8/2021,15:50:00,0,Piney Point,0.74,1.93,57076.1,2.206,9.95,4.92,50694.7,189.7,189.7,11.76,3.201,33.55,51338.1,1.9,11.15,33370,0.82,0,1.177,8.5,-107.2,30.852,2.204,4.89,0
8/8/2021,16:00:00,0,Piney Point,0.94,2.74,57095,2.174,10.09,4.97,50682.1,195.5,195.5,12.12,3.154,33.54,51328.9,2.51,13.22,33364,0.67,0,1.184,8.51,-108,30.882,2.172,4.88,0
8/8/2021,16:10:00,0,Piney Point,0.9,2.59,57102.8,2.137,10.3,5.04,50671.7,197.1,197.1,12.21,3.1,33.53,51320.5,2.84,14.35,33358,0.74,0,1.178,8.51,-108.1,30.899,2.135,4.88,0
8/8/2021,16:20:00,0,Piney Point,0.59,1.33,57062.1,2.103,10.46,5.09,50620.2,194.5,194.5,12.05,3.052,33.5,51270.1,1.78,10.77,33326,0.86,0,1.183,8.5,-107.5,30.915,2.098,4.88,0
8/8/2021,16:30:00,0,Piney Point,0.81,2.24,57042.8,2.067,10.58,5.13,50575.8,191.3,191.3,11.85,2.999,33.46,51228.5,1.6,10.13,33298,0.78,0,1.178,8.49,-107,30.942,2.067,4.88,0
8/8/2021,16:40:00,0,Piney Point,0.72,1.87,57035.4,2.03,10.82,5.21,50536.4,189.9,189.9,11.76,2.945,33.44,51192.5,2.25,12.33,33275,0.7,0,1.184,8.49,-106.8,30.976,2.028,4.87,0
8/8/2021,16:50:00,0,Piney Point,0.52,1.05,56989.2,1.993,10.98,5.26,50458.1,192,192,11.89,2.891,33.38,51117.7,3.08,15.15,33226,0.51,0,1.178,8.49,-107,31.014,1.993,4.89,0
8/8/2021,17:00:00,0,Piney Point,0.58,1.29,56900.5,1.959,11.41,5.41,50333.8,188.2,188.2,11.65,2.842,33.29,50997.4,1.83,10.93,33148,0.7,0,1.183,8.48,-106.5,31.06,1.958,4.87,0
8/8/2021,17:10:00,0,Piney Point,0.62,1.47,56855.5,1.922,11.43,5.41,50256.8,186.8,186.8,11.56,2.788,33.24,50923.8,1.82,10.9,33100,0.61,0,1.178,8.48,-106.3,31.099,1.922,4.89,0
8/8/2021,17:20:00,0,Piney Point,0.71,1.83,56821.7,1.887,11.73,5.52,50189.1,185.1,185.1,11.45,2.737,33.19,50859.8,1.84,10.96,33059,0.63,0,1.183,8.48,-106.2,31.137,1.885,4.87,0
8/8/2021,17:30:00,0,Piney Point,0.63,1.49,56858.8,1.854,11.81,5.54,50189,185.5,185.5,11.47,2.689,33.19,50863.8,3.41,16.27,33061,0.57,0,1.178,8.48,-106.5,31.171,1.853,4.87,0
8/8/2021,17:40:00,0,Piney Point,0.5,0.98,56795.4,1.818,12.12,5.65,50088.7,185.9,185.9,11.49,2.638,33.12,50767.5,1.53,9.91,32999,2.72,0,1.183,8.48,-106.3,31.216,1.818,4.89,0
8/8/2021,17:50:00,0,Piney Point,0.96,2.84,56682,1.788,12.29,5.7,49926.6,182.4,182.4,11.27,2.594,33,50610.7,3.57,16.83,32897,0.65,0,1.178,8.47,-105.9,31.281,1.787,4.88,0
8/8/2021,18:00:00,0,Piney Point,0.51,1.01,56674.6,1.761,12.59,5.8,49879.3,182.9,182.9,11.3,2.554,32.97,50567.8,1.58,10.08,32869,0.88,0,1.183,8.47,-106.1,31.323,1.758,4.87,0
8/8/2021,18:10:00,0,Piney Point,0.47,0.86,56676.5,1.731,13.19,6,49845.3,183.3,183.3,11.31,2.51,32.94,50537.7,1.52,9.86,32850,0.46,0,1.178,8.47,-106.1,31.36,1.731,4.89,0
8/8/2021,18:20:00,0,Piney Point,0.48,0.88,56667.7,1.704,13.65,6.15,49808.1,182.3,182.3,11.25,2.472,32.92,50503.6,1.63,10.23,32827,0.43,0,1.183,8.48,-106.2,31.39,1.704,4.89,0
8/8/2021,18:30:00,0,Piney Point,0.44,0.72,56606.9,1.682,13.98,6.26,49727.2,181.1,181.1,11.17,2.44,32.86,50424.9,1.67,10.39,32776,0.34,0,1.178,8.47,-106,31.419,1.682,4.88,0
8/8/2021,18:40:00,0,Piney Point,0.32,0.23,56614.8,1.66,13.86,6.22,49721,180.5,180.5,11.13,2.407,32.85,50420.3,0.85,7.6,32773,0.35,0,1.183,8.47,-105.8,31.432,1.659,4.88,0
8/8/2021,18:50:00,0,Piney Point,0.4,0.58,56523.9,1.641,13.66,6.16,49611.2,177.5,177.5,10.95,2.379,32.77,50312.6,1.35,9.3,32703,0.52,0,1.178,8.47,-105.7,31.464,1.641,4.88,0
8/8/2021,19:00:00,0,Piney Point,0.53,1.09,56569.4,1.622,13.68,6.16,49649,175.1,175.1,10.8,2.352,32.8,50351.2,1.64,10.29,32728,0.3,0,1.183,8.46,-105.1,31.466,1.62,4.89,0
8/8/2021,19:10:00,0,Piney Point,0.56,1.23,56521,1.601,13.64,6.15,49588,171.9,171.9,10.6,2.321,32.76,50291.6,2.77,14.11,32690,0.32,0,1.178,8.45,-104.5,31.485,1.601,4.89,0
8/8/2021,19:20:00,0,Piney Point,0.35,0.36,56466.3,1.582,13.64,6.15,49532.5,170,170,10.49,2.294,32.72,50236.3,2.32,12.59,32654,0.22,0,1.183,8.45,-104.4,31.493,1.582,4.89,0
8/8/2021,19:30:00,0,Piney Point,0.39,0.53,56463,1.566,13.78,6.2,49520.9,167.6,167.6,10.34,2.271,32.71,50225.6,1.6,10.13,32647,0.33,0,1.178,8.44,-103.9,31.502,1.565,4.88,0
8/8/2021,19:40:00,0,Piney Point,0.27,0.04,56434.2,1.555,13.75,6.19,49481.2,163.6,163.6,10.09,2.254,32.68,50187.1,1.24,8.92,32622,0.22,0,1.183,8.43,-103.7,31.517,1.554,4.88,0
8/8/2021,19:50:00,0,Piney Point,0.39,0.52,56482.3,1.551,15.22,6.68,49524.1,162.1,162.1,9.99,2.248,32.71,50230.5,0.94,7.92,32650,0.52,0,1.178,8.43,-103.3,31.516,1.55,4.89,0
8/8/2021,20:00:00,0,Piney Point,0.37,0.46,56413.4,1.547,14.51,6.44,49461.3,155.5,155.5,9.59,2.242,32.67,50167.1,1.15,8.63,32609,0.42,0,1.183,8.42,-102.8,31.519,1.546,4.89,0
8/8/2021,20:10:00,0,Piney Point,0.32,0.23,56413.4,1.547,14.43,6.41,49472.9,153,153,9.44,2.243,32.67,50177.5,0.93,7.88,32615,0.46,0,1.178,8.41,-102.2,31.507,1.546,4.88,0
8/8/2021,20:20:00,0,Piney Point,0.75,1.99,56390.5,1.552,15,6.61,49450.9,153.3,153.3,9.45,2.25,32.66,50155.4,4.23,19.05,32601,0.23,0,1.183,8.41,-102.1,31.509,1.552,4.89,0
8/8/2021,20:30:00,0,Piney Point,0.51,1.01,56389.6,1.565,15.32,6.71,49454.6,153.5,153.5,9.47,2.269,32.66,50158.6,1.88,11.1,32603,0.62,0,1.178,8.4,-101.6,31.504,1.565,4.89,0
8/8/2021,20:40:00,0,Piney Point,0.39,0.52,56364.1,1.58,15.11,6.64,49446.4,148,148,9.13,2.291,32.65,50148.5,1.54,9.95,32597,0.63,0,1.183,8.39,-101.3,31.489,1.58,4.89,0
8/8/2021,20:50:00,0,Piney Point,0.29,0.13,56330.4,1.599,15.36,6.73,49434.6,142.2,142.2,8.78,2.319,32.64,50134.3,1.12,8.5,32587,0.31,0,1.178,8.37,-99.8,31.471,1.599,4.89,0
8/8/2021,21:00:00,0,Piney Point,0.5,0.96,56323.5,1.618,15.38,6.73,49440.4,138.3,138.3,8.53,2.346,32.65,50138.8,1.19,8.75,32590,0.24,0,1.183,8.37,-99.6,31.458,1.618,4.88,0
8/8/2021,21:10:00,0,Piney Point,0.42,0.66,56204.2,1.647,15.57,6.8,49342.4,139.5,139.5,8.62,2.388,32.57,50038.5,1.56,10.02,32525,0.29,0,1.178,8.39,-100.9,31.451,1.644,4.88,0
8/8/2021,21:20:00,0,Piney Point,1.19,3.78,55923.9,1.676,15.07,6.63,49084,161.8,161.8,10,2.43,32.38,49778,2.82,14.27,32356,0.37,0,1.183,8.44,-104.3,31.464,1.676,4.88,0
8/8/2021,21:30:00,0,Piney Point,1.02,3.08,55989.7,1.7,14.67,6.5,49150.8,160.6,160.6,9.92,2.464,32.43,49844.7,2.46,13.06,32399,0.36,0,1.178,8.44,-104.3,31.455,1.699,4.89,0
8/8/2021,21:40:00,0,Piney Point,1,2.99,56104.4,1.728,14.19,6.34,49259.8,161.7,161.7,9.99,2.506,32.51,49954.2,2.73,13.97,32470,0.5,0,1.183,8.45,-104.7,31.446,1.727,4.88,0
8/8/2021,21:50:00,0,Piney Point,1.22,3.89,56186.6,1.758,13.86,6.23,49352.7,160.7,160.7,9.93,2.549,32.58,50045.9,2.99,14.85,32530,0.48,0,1.178,8.44,-104.3,31.424,1.757,4.89,0
8/8/2021,22:00:00,0,Piney Point,2.18,7.77,56363.6,1.788,12.88,5.9,49559.9,161.8,161.8,10,2.593,32.73,50249.6,7.71,30.88,32662,0.46,0,1.184,8.45,-104.8,31.37,1.788,4.88,0
8/8/2021,22:10:00,0,Piney Point,2.09,7.44,56463.6,1.819,12.46,5.76,49681.8,161.1,161.1,9.95,2.639,32.82,50369,5.73,24.17,32740,0.88,0,1.178,8.45,-104.9,31.335,1.82,4.88,0
8/8/2021,22:20:00,0,Piney Point,2.32,8.34,56485.3,1.851,12.29,5.7,49710.4,160.7,160.7,9.93,2.684,32.84,50396.9,5.82,24.47,32758,0.55,0,1.183,8.45,-104.8,31.325,1.852,4.89,0
8/8/2021,22:30:00,0,Piney Point,2.1,7.44,56547.5,1.885,12.04,5.62,49784.6,158.4,158.4,9.79,2.734,32.89,50469.7,7.71,30.89,32805,0.79,0,1.178,8.45,-104.4,31.305,1.885,4.89,0
8/8/2021,22:40:00,0,Piney Point,1.28,4.14,56642,1.915,11.72,5.51,49870.7,155.1,155.1,9.58,2.778,32.96,50556.6,3.74,17.41,32862,0.55,0,1.183,8.44,-103.9,31.302,1.914,4.88,0
8/8/2021,22:50:00,0,Piney Point,1.62,5.52,56714.7,1.942,11.36,5.39,49944.6,153.1,153.1,9.45,2.816,33.01,50630.4,3.81,17.65,32910,0.57,0,1.179,8.43,-103.6,31.292,1.941,4.88,0
8/8/2021,23:00:00,0,Piney Point,2.24,8.04,56770.4,1.972,11,5.27,50018.5,152.9,152.9,9.44,2.86,33.07,50702.2,4.62,20.39,32956,0.7,0,1.184,8.43,-103.6,31.266,1.972,4.88,0
8/8/2021,23:10:00,0,Piney Point,2.51,9.11,56813.9,2.007,10.83,5.21,50078.7,153,153,9.45,2.911,33.11,50760.6,6.2,25.77,32994,0.86,0,1.177,8.44,-103.7,31.244,2.008,4.88,0
8/8/2021,23:20:00,0,Piney Point,2.27,8.14,56850.9,2.041,10.62,5.15,50135.8,152.5,152.5,9.43,2.961,33.15,50815.5,5.94,24.86,33030,0.9,0,1.183,8.44,-103.7,31.218,2.041,4.88,0
8/8/2021,23:30:00,0,Piney Point,1.78,6.16,56893.1,2.079,10.43,5.08,50178.1,150.9,150.9,9.33,3.016,33.18,50857.8,5.57,23.61,33058,0.63,0,1.178,8.43,-103.6,31.213,2.078,4.88,0
8/8/2021,23:40:00,0,Piney Point,2.47,8.98,56993.4,2.112,10.06,4.96,50286.4,150.6,150.6,9.3,3.064,33.26,50965,4.5,19.99,33127,0.97,0,1.183,8.43,-103.5,31.193,2.111,4.88,0
8/8/2021,23:50:00,0,Piney Point,1.71,5.87,57224.3,2.141,9.36,4.72,50479.3,149.4,149.4,9.22,3.107,33.41,51161.9,4.11,18.66,33255,0.95,0,1.178,8.43,-103.6,31.204,2.141,4.88,0
8/9/2021,0:00:00,0,Piney Point,1.6,5.42,57334.1,2.171,9.07,4.63,50558.2,147.3,147.3,9.08,3.15,33.47,51244.1,4.04,18.42,33309,0.82,0,1.183,8.43,-103.4,31.222,2.171,4.89,0
8/9/2021,0:10:00,0,Piney Point,1.6,5.44,57374.6,2.199,8.96,4.59,50581.5,145.4,145.4,8.96,3.191,33.48,51269.1,4.98,21.63,33325,0.88,0,1.177,8.42,-103,31.235,2.198,4.88,0
8/9/2021,0:20:00,0,Piney Point,1.79,6.21,57379.9,2.223,9.08,4.63,50596.4,142.1,142.1,8.76,3.225,33.49,51283,4.19,18.93,33334,0.88,0,1.183,8.42,-102.6,31.224,2.222,4.88,0
8/9/2021,0:30:00,0,Piney Point,1.13,3.54,57368.3,2.255,9.04,4.62,50609.2,140,140,8.64,3.272,33.5,51293.2,2.91,14.58,33341,1.62,0,1.178,8.41,-102.1,31.201,2.254,4.88,0
8/9/2021,0:40:00,0,Piney Point,1.16,3.66,57349.9,2.276,9.13,4.65,50631,137.2,137.2,8.47,3.303,33.52,51310.7,5.83,24.51,33352,0.99,0,1.184,8.4,-101.8,31.162,2.275,4.88,0
8/9/2021,0:50:00,0,Piney Point,2.84,10.48,57328.5,2.299,8.99,4.6,50680.4,136.1,136.1,8.41,3.337,33.55,51352.4,6.48,26.72,33379,1.43,0,1.191,8.4,-101.6,31.093,2.299,4.89,0
8/9/2021,1:00:00,0,Piney Point,1.63,5.54,57311.2,2.317,8.93,4.58,50698.6,134.8,134.8,8.33,3.362,33.56,51366.8,3.89,17.92,33388,1.12,0,1.176,8.4,-101.4,31.059,2.316,4.88,0
8/9/2021,1:10:00,0,Piney Point,1.31,4.26,57305.8,2.335,8.88,4.56,50700.8,132.8,132.8,8.21,3.389,33.56,51368.1,2.89,14.51,33389,1.59,0,1.178,8.39,-101.2,31.052,2.334,4.88,0
8/9/2021,1:20:00,0,Piney Point,1.11,3.43,57287.3,2.345,8.86,4.56,50696.9,132.4,132.4,8.19,3.403,33.56,51362.7,3.02,14.96,33386,1.59,0,1.174,8.4,-101.3,31.039,2.344,4.88,0
8/9/2021,1:30:00,0,Piney Point,0.71,1.83,57268,2.355,9,4.6,50691,132.8,132.8,8.21,3.418,33.55,51355.3,3.24,15.72,33381,0.94,0,1.191,8.39,-101.2,31.028,2.354,4.87,0
8/9/2021,1:40:00,0,Piney Point,0.98,2.91,57244.5,2.36,8.82,4.55,50683.7,131.8,131.8,8.15,3.424,33.55,51346.4,8.51,33.59,33375,0.71,0,1.191,8.39,-101,31.014,2.358,4.88,0
8/9/2021,1:50:00,0,Piney Point,5.55,21.45,57215.7,2.367,8.75,4.52,50674.6,127.9,127.9,7.91,3.435,33.54,51335.1,8.27,32.78,33368,0.85,0,1.188,8.39,-100.7,30.998,2.366,4.88,0
8/9/2021,2:00:00,0,Piney Point,1.17,3.67,57197.1,2.361,9.03,4.61,50674.3,127.7,127.7,7.91,3.427,33.54,51332.8,2.84,14.35,33366,2.01,0,1.187,8.4,-101.2,30.981,2.36,4.88,0
8/9/2021,2:10:00,0,Piney Point,1.39,4.6,57170.3,2.35,8.71,4.51,50667,125.9,125.9,7.8,3.411,33.53,51323.5,4.22,19.03,33360,1.16,0,1.185,8.38,-100.2,30.965,2.348,4.87,0
8/9/2021,2:20:00,0,Piney Point,0.93,2.7,57150.8,2.348,8.71,4.51,50665.1,128.8,128.8,7.98,3.408,33.53,51319.7,2.96,14.77,33358,0.93,0,1.186,8.38,-100.6,30.949,2.346,4.88,0
8/9/2021,2:30:00,0,Piney Point,1.11,3.43,57147.6,2.337,9.32,4.71,50668.6,124.5,124.5,7.71,3.392,33.53,51322.5,3.56,16.78,33360,0.67,0,1.187,8.37,-99.9,30.942,2.336,4.87,0
8/9/2021,2:40:00,0,Piney Point,1.95,6.85,57146.5,2.331,8.72,4.51,50670.6,126.8,126.8,7.85,3.383,33.54,51324.1,3.89,17.91,33361,0.71,0,1.183,8.39,-100.7,30.939,2.33,4.88,0
8/9/2021,2:50:00,0,Piney Point,1.35,4.44,57139.6,2.317,8.58,4.47,50670.7,122.4,122.4,7.58,3.362,33.53,51323.5,4.42,19.72,33360,2.11,0,1.183,8.37,-99.7,30.933,2.317,4.87,0
8/9/2021,3:00:00,0,Piney Point,2.06,7.31,57137.6,2.304,8.69,4.5,50671.9,119,119,7.37,3.343,33.54,51324.4,4.54,20.12,33361,0.93,0,1.181,8.36,-99.2,30.93,2.302,4.88,0
8/9/2021,3:10:00,0,Piney Point,1.89,6.59,57134,2.286,8.87,4.56,50672.9,124.8,124.8,7.73,3.317,33.54,51324.9,4.71,20.71,33361,1.21,0,1.182,8.38,-100.2,30.926,2.284,4.87,0
8/9/2021,3:20:00,0,Piney Point,1.16,3.64,57132.5,2.275,9,4.6,50674.7,124.9,124.9,7.74,3.301,33.54,51326.3,3.15,15.42,33362,0.9,0,1.18,8.38,-100.1,30.923,2.272,4.87,0
8/9/2021,3:30:00,0,Piney Point,0.55,1.19,57129.5,2.26,9.02,4.61,50673.1,120.7,120.7,7.48,3.279,33.54,51324.6,1.58,10.09,33361,0.88,0,1.179,8.37,-99.5,30.922,2.258,4.87,0
8/9/2021,3:40:00,0,Piney Point,0.76,2.03,57128.1,2.245,8.98,4.6,50671.2,117.5,117.5,7.28,3.258,33.53,51322.7,1.75,10.67,33360,0.69,0,1.178,8.37,-99.6,30.922,2.245,4.87,0
8/9/2021,3:50:00,0,Piney Point,0.51,1.02,57132.6,2.229,9.23,4.68,50675.8,116.8,116.8,7.24,3.235,33.54,51327.3,1.76,10.68,33363,3.31,0,1.177,8.36,-98.8,30.922,2.227,4.87,0
8/9/2021,4:00:00,0,Piney Point,0.55,1.19,57129.6,2.21,9.27,4.7,50673.9,113.8,113.8,7.05,3.207,33.54,51325.3,1.53,9.92,33361,1.3,0,1.177,8.34,-97.9,30.921,2.209,4.87,0
8/9/2021,4:10:00,0,Piney Point,0.72,1.88,57121.6,2.195,8.83,4.55,50671.4,108.2,108.2,6.7,3.186,33.53,51322.2,2.7,13.87,33359,0.61,0,1.176,8.34,-98,30.916,2.194,4.87,0
8/9/2021,4:20:00,0,Piney Point,0.54,1.12,57113.3,2.175,9.16,4.66,50670,97,97,6.01,3.156,33.53,51320,1.44,9.61,33358,1.43,0,1.175,8.31,-95.8,30.91,2.174,4.87,0
8/9/2021,4:30:00,0,Piney Point,0.41,0.62,57119.6,2.161,9.54,4.78,50674.2,100.4,100.4,6.22,3.136,33.54,51324.5,1.31,9.14,33361,0.78,0,1.174,8.31,-96.3,30.912,2.159,4.86,0
8/9/2021,4:40:00,0,Piney Point,0.68,1.69,57121.5,2.151,9.63,4.81,50675.3,101.5,101.5,6.29,3.121,33.54,51325.7,2.71,13.89,33362,1.56,0,1.172,8.31,-96,30.912,2.15,4.87,0
8/9/2021,4:50:00,0,Piney Point,0.39,0.51,57116.2,2.131,9.68,4.83,50674.2,98.3,98.3,6.09,3.092,33.54,51324.1,1.14,8.56,33361,0.63,0,1.172,8.3,-95.2,30.909,2.13,4.87,0
8/9/2021,5:00:00,0,Piney Point,0.44,0.74,57109.4,2.114,9.32,4.71,50674.6,88.3,88.3,5.47,3.068,33.54,51323.8,1.2,8.8,33360,0.77,0,1.171,8.27,-94,30.902,2.112,4.87,0
8/9/2021,5:10:00,0,Piney Point,0.68,1.7,57084.6,2.093,9.82,4.88,50659.2,97,97,6.01,3.037,33.52,51307.3,1.95,11.34,33350,2.4,0,1.186,8.28,-94.4,30.895,2.091,4.87,0
8/9/2021,5:20:00,0,Piney Point,0.49,0.94,57073.6,2.07,9.59,4.8,50659.5,84.9,84.9,5.26,3.004,33.52,51306.4,1.26,9,33349,0.55,0,1.186,8.27,-93.6,30.885,2.069,4.87,0
8/9/2021,5:30:00,0,Piney Point,0.6,1.4,57076.9,2.051,9.86,4.89,50663.8,77.1,77.1,4.78,2.976,33.53,51310.6,1.9,11.17,33352,1.48,0,1.188,8.24,-92,30.884,2.049,4.87,0
8/9/2021,5:40:00,0,Piney Point,0.65,1.58,57099.8,2.034,9.89,4.9,50676.7,76.6,76.6,4.75,2.951,33.54,51324.6,1.22,8.85,33361,0.67,0,1.182,8.24,-91.8,30.891,2.033,4.86,0
8/9/2021,5:50:00,0,Piney Point,0.53,1.11,57084.7,2.014,9.88,4.9,50672.8,68.1,68.1,4.22,2.923,33.53,51319.5,1.54,9.94,33358,0.84,0,1.174,8.22,-90.6,30.882,2.013,4.87,0
8/9/2021,6:00:00,0,Piney Point,0.56,1.21,57074.7,1.999,9.92,4.91,50668.3,74.7,74.7,4.63,2.901,33.53,51314.4,1.93,11.25,33354,2.37,0,1.177,8.23,-91.4,30.877,1.999,4.86,0
8/9/2021,6:10:00,0,Piney Point,0.47,0.86,57069.6,1.983,9.84,4.89,50669.5,67.3,67.3,4.17,2.877,33.53,51314.9,1.48,9.72,33355,0.82,0,1.191,8.22,-90.6,30.871,1.982,4.87,0
8/9/2021,6:20:00,0,Piney Point,0.76,2.03,57063.5,1.976,9.81,4.88,50659.5,79.2,79.2,4.91,2.867,33.52,51305.4,3.78,17.53,33349,1.12,0,1.181,8.24,-92.2,30.876,1.975,4.87,0
8/9/2021,6:30:00,0,Piney Point,0.64,1.53,57053.6,1.968,10.13,4.98,50654.9,74.8,74.8,4.64,2.855,33.52,51300.2,1.45,9.62,33345,0.43,0,1.183,8.23,-91.2,30.872,1.966,4.86,0
8/9/2021,6:40:00,0,Piney Point,0.76,2.02,57042.5,1.96,9.8,4.87,50648.7,70.3,70.3,4.36,2.844,33.52,51293.5,2.27,12.42,33341,1.67,0,1.181,8.22,-90.5,30.868,1.959,4.87,0
8/9/2021,6:50:00,0,Piney Point,0.4,0.57,57046.9,1.956,10.31,5.04,50656.3,66.8,66.8,4.14,2.838,33.52,51300.7,1.48,9.74,33345,0.87,0,1.178,8.2,-89.8,30.864,1.954,4.87,0
8/9/2021,7:00:00,0,Piney Point,0.42,0.64,57059.7,1.95,10.75,5.19,50667.9,60.5,60.5,3.75,2.83,33.53,51312.5,1.29,9.09,33353,0.64,0,1.177,8.19,-88.7,30.864,1.949,4.86,0
8/9/2021,7:10:00,0,Piney Point,0.57,1.27,57044,1.955,10.97,5.26,50669.5,52.5,52.5,3.26,2.837,33.53,51312.2,1.94,11.3,33353,0.67,0,1.189,8.15,-86.6,30.848,1.953,4.86,0
8/9/2021,7:20:00,0,Piney Point,0.92,2.69,57036.4,1.962,11.35,5.39,50666.5,48.8,48.8,3.03,2.847,33.53,51308.7,2.26,12.39,33351,1.73,0,1.184,8.15,-86.4,30.845,1.961,4.87,0
8/9/2021,7:30:00,0,Piney Point,1.07,3.27,57023.9,1.971,11.3,5.37,50663.4,44,44,2.73,2.86,33.52,51304.6,2.63,13.64,33348,1.64,0,1.178,8.13,-85,30.837,1.97,4.87,0
8/9/2021,7:40:00,0,Piney Point,0.62,1.45,56994.3,1.977,11.33,5.38,50643.2,46,46,2.85,2.869,33.51,51283.4,2.33,12.6,33334,1.13,0,1.173,8.13,-85.5,30.83,1.975,4.86,0
8/9/2021,7:50:00,0,Piney Point,0.78,2.11,56982.3,1.989,11.51,5.44,50640.2,45.4,45.4,2.82,2.887,33.51,51279.5,2.57,13.44,33332,0.68,0,1.178,8.13,-85.5,30.823,1.988,4.87,0
8/9/2021,8:00:00,0,Piney Point,0.5,0.98,56962.1,2.007,11.43,5.42,50628.4,50.2,50.2,3.12,2.912,33.5,51266.8,1.81,10.86,33323,0.76,0,1.184,8.14,-86,30.816,2.005,4.86,0
8/9/2021,8:10:00,0,Piney Point,0.63,1.5,56921.5,2.022,11.23,5.35,50607,57.2,57.2,3.55,2.934,33.48,51243.3,2.34,12.65,33308,0.67,0,1.179,8.19,-88.8,30.801,2.02,4.86,0
8/9/2021,8:20:00,0,Piney Point,0.5,0.99,56913.8,2.04,11.39,5.4,50606,57,57,3.54,2.961,33.48,51241.6,1.83,10.92,33307,1.01,0,1.19,8.17,-87.8,30.796,2.038,4.87,0
8/9/2021,8:30:00,0,Piney Point,0.82,2.27,56852,2.058,11.31,5.37,50569.8,58.4,58.4,3.63,2.987,33.45,51202.7,2.23,12.28,33282,0.91,0,1.186,8.18,-88.2,30.777,2.057,4.86,0
8/9/2021,8:40:00,0,Piney Point,0.61,1.43,56827.5,2.082,11.27,5.36,50560.1,64.9,64.9,4.03,3.021,33.44,51191.4,1.98,11.44,33274,1.09,0,1.179,8.23,-91,30.764,2.08,4.86,0
8/9/2021,8:50:00,0,Piney Point,1.01,3.04,56582.5,2.106,10.79,5.2,50439.5,91.9,91.9,5.73,3.056,33.35,51057.6,2.77,14.11,33187,0.8,0,1.174,8.32,-96.4,30.665,2.105,4.87,0
8/9/2021,9:00:00,0,Piney Point,1.25,4,56564,2.132,12.02,5.61,50477.6,107.5,107.5,6.7,3.094,33.37,51089.7,3.52,16.66,33208,0.67,0,1.18,8.33,-97.5,30.61,2.131,4.86,0
8/9/2021,9:10:00,0,Piney Point,1.05,3.21,56642.8,2.157,10.2,5.01,50556.8,109.1,109.1,6.8,3.13,33.43,51168.8,4.91,21.37,33260,1.28,0,1.185,8.34,-97.6,30.601,2.156,4.87,0
8/9/2021,9:20:00,0,Piney Point,1.12,3.51,56724.7,2.182,11.18,5.33,50628.2,110.7,110.7,6.89,3.167,33.49,51241.3,2.9,14.56,33307,0.99,0,1.191,8.34,-97.8,30.603,2.182,4.87,0
8/9/2021,9:30:00,0,Piney Point,1.84,6.43,56692.2,2.211,9.82,4.88,50620.4,113.1,113.1,7.05,3.209,33.48,51230.8,5.22,22.44,33300,0.96,0,1.181,8.35,-98.4,30.581,2.21,4.87,0
8/9/2021,9:40:00,0,Piney Point,1.3,4.2,56655.3,2.242,9.94,4.92,50600.9,113.4,113.4,7.07,3.254,33.46,51209.4,4.21,19.02,33286,0.86,0,1.175,8.35,-98.5,30.568,2.244,4.86,0
8/9/2021,9:50:00,0,Piney Point,1.25,4.02,56607.3,2.269,10.31,5.04,50564.6,114.2,114.2,7.12,3.293,33.44,51171.9,3.36,16.13,33262,1.14,0,1.172,8.35,-98.6,30.561,2.269,4.86,0
8/9/2021,10:00:00,0,Piney Point,1.5,5.03,56576.5,2.3,10.26,5.02,50534.9,116.4,116.4,7.26,3.339,33.41,51142.1,3.45,16.41,33242,0.73,0,1.179,8.36,-98.8,30.563,2.301,4.87,0
8/9/2021,10:10:00,0,Piney Point,2.36,8.5,56569.9,2.332,10.19,5,50518.5,116.4,116.4,7.26,3.385,33.4,51126.8,4.19,18.93,33232,0.91,0,1.177,8.36,-98.8,30.574,2.332,4.86,0
8/9/2021,10:20:00,0,Piney Point,1.23,3.93,56586.8,2.373,10.24,5.02,50521.6,116,116,7.23,3.443,33.41,51131.4,3.94,18.08,33235,0.79,0,1.184,8.36,-98.8,30.586,2.372,4.86,0
8/9/2021,10:30:00,0,Piney Point,2.06,7.31,56724.9,2.416,9.72,4.84,50602.5,119.4,119.4,7.44,3.506,33.47,51218.4,6.5,26.77,33292,0.98,0,1.177,8.36,-99,30.629,2.417,4.86,0
8/9/2021,10:40:00,0,Piney Point,1.58,5.34,56893.5,2.461,9.36,4.73,50704.2,118.2,118.2,7.35,3.571,33.55,51327.1,4.32,19.37,33363,0.98,0,1.183,8.36,-98.9,30.678,2.462,4.87,0
8/9/2021,10:50:00,0,Piney Point,1.05,3.22,57059.1,2.492,8.83,4.55,50780.3,121,121,7.52,3.617,33.61,51412.7,4.51,20.03,33418,1.11,0,1.179,8.36,-99.2,30.75,2.493,4.86,0
8/9/2021,11:00:00,0,Piney Point,1.18,3.73,57116.5,2.524,8.87,4.56,50794,120.2,120.2,7.46,3.663,33.62,51431,3.61,16.95,33430,1.59,0,1.183,8.36,-99.2,30.788,2.524,4.86,0
8/9/2021,11:10:00,0,Piney Point,1.18,3.72,57186.9,2.551,8.65,4.49,50818.3,122.9,122.9,7.62,3.702,33.64,51460.3,4.18,18.9,33449,1.4,0,1.178,8.36,-99.2,30.826,2.549,4.86,0
8/9/2021,11:20:00,0,Piney Point,1.22,3.87,57283.3,2.571,8.31,4.38,50859.2,121.3,121.3,7.51,3.731,33.67,51507.1,3.16,15.42,33480,1.24,0,1.184,8.36,-99.2,30.871,2.57,4.86,0
8/9/2021,11:30:00,0,Piney Point,1.44,4.77,57316.6,2.589,8.37,4.39,50866.2,119.9,119.9,7.43,3.758,33.68,51516.9,4.46,19.86,33486,1.43,0,1.178,8.36,-99,30.894,2.588,4.87,0
8/9/2021,11:40:00,0,Piney Point,1.04,3.16,57359.5,2.612,8.77,4.53,50880.6,120.8,120.8,7.48,3.791,33.69,51534.3,2.62,13.59,33497,2.05,0,1.183,8.36,-98.9,30.918,2.612,4.87,0
8/9/2021,11:50:00,0,Piney Point,1.5,5.02,57396.2,2.631,8.35,4.39,50889.2,122,122,7.55,3.818,33.7,51545.9,3.11,15.28,33505,1.05,0,1.179,8.36,-99.2,30.942,2.632,4.86,0
8/9/2021,12:00:00,0,Piney Point,1.42,4.72,57462.3,2.651,8.2,4.34,50922.5,124.9,124.9,7.73,3.847,33.72,51582.6,4.82,21.07,33529,1.64,0,1.184,8.36,-99.4,30.968,2.649,4.86,0
8/9/2021,12:10:00,0,Piney Point,1.19,3.77,57508,2.668,8.32,4.38,50942.5,121.2,121.2,7.49,3.872,33.74,51605.4,2.85,14.39,33544,1.29,0,1.178,8.36,-99,30.988,2.667,4.87,0
8/9/2021,12:20:00,0,Piney Point,1.52,5.09,57540.6,2.68,8.93,4.58,50950.4,122.1,122.1,7.55,3.889,33.75,51616,3.85,17.79,33550,1.05,0,1.183,8.36,-99,31.01,2.679,4.86,0
8/9/2021,12:30:00,0,Piney Point,1.45,4.82,57566.7,2.691,9.04,4.62,50953.4,123,123,7.6,3.905,33.75,51621.4,3.35,16.08,33554,2.24,0,1.178,8.36,-99.1,31.03,2.687,4.87,0
8/9/2021,12:40:00,0,Piney Point,1.43,4.73,57582.9,2.689,7.5,4.1,50953.7,119.3,119.3,7.37,3.903,33.75,51623.5,3.85,17.79,33555,1.71,0,1.183,8.35,-98.6,31.044,2.686,4.88,0
8/9/2021,12:50:00,0,Piney Point,1.12,3.48,57614.8,2.697,7.38,4.06,50949.8,118.9,118.9,7.34,3.914,33.75,51623.4,3.16,15.44,33555,3.84,0,1.178,8.36,-99,31.076,2.694,4.87,0
8/9/2021,13:00:00,0,Piney Point,1.28,4.14,57622.8,2.694,7.42,4.08,50944.3,120.3,120.3,7.43,3.91,33.75,51619.4,3.01,14.93,33553,0.96,0,1.183,8.35,-98.7,31.089,2.694,4.87,0
8/9/2021,13:10:00,0,Piney Point,1.34,4.37,57645.3,2.688,7.49,4.1,50944.9,119,119,7.34,3.901,33.75,51622.3,3.71,17.32,33555,1.34,0,1.178,8.35,-98.7,31.109,2.685,4.86,0
8/9/2021,13:20:00,0,Piney Point,1.55,5.24,57637.6,2.678,7.42,4.08,50934.6,116.8,116.8,7.21,3.886,33.74,51612.3,4.78,20.93,33548,1.76,0,1.183,8.36,-98.9,31.112,2.677,4.87,0
8/9/2021,13:30:00,0,Piney Point,0.73,1.9,57664.3,2.664,7.82,4.21,50937.5,125.1,125.1,7.71,3.867,33.74,51617.7,1.83,10.92,33552,3.09,0,1.177,8.36,-99.2,31.133,2.664,4.87,0
8/9/2021,13:40:00,0,Piney Point,0.58,1.29,57682.4,2.657,8.3,4.37,50933.4,131.1,131.1,8.09,3.856,33.74,51616,1.72,10.56,33550,0.86,0,1.183,8.38,-100.4,31.153,2.657,4.87,0
8/9/2021,13:50:00,0,Piney Point,1.03,3.11,57696,2.649,8.06,4.29,50930,131.6,131.6,8.11,3.844,33.74,51614.5,3.51,16.61,33549,1.93,0,1.179,8.38,-100.3,31.169,2.648,4.87,0
8/9/2021,14:00:00,0,Piney Point,1.5,5.02,57706.8,2.637,7.65,4.15,50926,126.4,126.4,7.79,3.828,33.74,51612.1,4,18.3,33548,1.74,0,1.184,8.37,-99.9,31.183,2.636,4.86,0
8/9/2021,14:10:00,0,Piney Point,0.93,2.73,57731.5,2.624,7.67,4.16,50926,129,129,7.95,3.808,33.74,51614.7,1.91,11.21,33550,0.85,0,1.178,8.37,-100,31.205,2.622,4.86,0
8/9/2021,14:20:00,0,Piney Point,0.79,2.16,57747.5,2.608,8.04,4.29,50917.9,134.6,134.6,8.29,3.784,33.73,51609.2,2.16,12.06,33546,0.89,0,1.183,8.39,-101.2,31.227,2.609,4.87,0
8/9/2021,14:30:00,0,Piney Point,1.79,6.21,57759.4,2.59,7.7,4.17,50918.2,133.5,133.5,8.22,3.759,33.74,51610.8,5.73,24.15,33547,0.63,0,1.178,8.39,-100.9,31.237,2.59,4.87,0
8/9/2021,14:40:00,0,Piney Point,1,3,57749.2,2.577,8.39,4.4,50906.3,137.7,137.7,8.48,3.739,33.73,51599.1,2.36,12.7,33539,1.29,0,1.184,8.4,-101.4,31.24,2.578,4.86,0
8/9/2021,14:50:00,0,Piney Point,2.57,9.36,57754.8,2.553,8.29,4.37,50907.5,136.5,136.5,8.41,3.706,33.73,51600.7,7.37,29.74,33540,1.59,0,1.178,8.39,-101,31.244,2.552,4.86,0
8/9/2021,15:00:00,0,Piney Point,0.89,2.54,57755.8,2.533,8.54,4.45,50910.8,131.4,131.4,8.09,3.676,33.73,51603.8,2.65,13.72,33542,0.7,0,1.183,8.38,-100.5,31.242,2.531,4.86,0
8/9/2021,15:10:00,0,Piney Point,1.79,6.2,57749.3,2.503,8.6,4.47,50902.8,132.5,132.5,8.16,3.632,33.72,51595.9,2.91,14.59,33537,0.59,0,1.178,8.38,-100.6,31.244,2.503,4.86,0
8/9/2021,15:20:00,0,Piney Point,0.89,2.57,57742.4,2.478,8.5,4.44,50902.7,124.5,124.5,7.67,3.596,33.72,51595.1,2.31,12.54,33537,1.23,0,1.183,8.36,-99.3,31.238,2.477,4.87,0
8/9/2021,15:30:00,0,Piney Point,0.6,1.39,57745.1,2.446,9.03,4.61,50903.2,123.6,123.6,7.61,3.549,33.72,51595.9,1.49,9.76,33537,1.06,0,1.178,8.36,-99,31.24,2.445,4.86,0
8/9/2021,15:40:00,0,Piney Point,0.76,2.02,57739,2.412,8.62,4.48,50901.4,116.1,116.1,7.15,3.501,33.72,51593.6,1.59,10.12,33536,0.44,0,1.184,8.35,-98.6,31.236,2.413,4.87,0
8/9/2021,15:50:00,0,Piney Point,0.73,1.88,57732.5,2.371,8.95,4.59,50902.6,112,112,6.9,3.44,33.72,51594,1.92,11.23,33536,0.85,0,1.178,8.32,-97,31.229,2.37,4.86,0
8/9/2021,16:00:00,0,Piney Point,0.61,1.43,57738.2,2.329,8.98,4.6,50902.5,109.1,109.1,6.72,3.379,33.72,51594.5,1.96,11.37,33536,0.59,0,1.183,8.32,-96.9,31.234,2.328,4.87,0
8/9/2021,16:10:00,0,Piney Point,0.68,1.68,57742,2.291,9.1,4.64,50892,113.2,113.2,6.97,3.325,33.72,51585.5,2.17,12.08,33531,0.75,0,1.179,8.33,-97.2,31.248,2.29,4.86,0
8/9/2021,16:20:00,0,Piney Point,0.39,0.51,57740.2,2.253,9.6,4.8,50883.7,111.8,111.8,6.88,3.269,33.71,51577.9,1.29,9.09,33526,1.4,0,1.183,8.33,-97.1,31.255,2.252,4.86,0
8/9/2021,16:30:00,0,Piney Point,1.15,3.63,57726.3,2.213,9.3,4.7,50849.9,111,111,6.84,3.211,33.69,51546.3,2.6,13.55,33505,0.59,0,1.178,8.32,-97.1,31.277,2.211,4.86,0
8/9/2021,16:40:00,0,Piney Point,0.97,2.9,57628.4,2.174,9.53,4.78,50727.3,119.5,119.5,7.36,3.155,33.6,51426.4,1.96,11.38,33427,0.61,0,1.183,8.35,-98.8,31.314,2.173,4.87,0
8/9/2021,16:50:00,0,Piney Point,0.85,2.4,57511.3,2.136,9.97,4.93,50595.7,120.3,120.3,7.4,3.1,33.5,51296.6,2.06,11.71,33343,0.56,0,1.191,8.36,-99,31.343,2.137,4.87,0
8/9/2021,17:00:00,0,Piney Point,1.09,3.38,57421.7,2.103,10,4.94,50497.6,119.7,119.7,7.37,3.052,33.43,51199.5,3.07,15.14,33280,0.57,0,1.176,8.35,-98.8,31.363,2.103,4.87,0
8/9/2021,17:10:00,0,Piney Point,2.11,7.52,57360.7,2.072,10.41,5.08,50429.4,123.2,123.2,7.58,3.006,33.38,51132.1,4.08,18.57,33236,0.54,0,1.18,8.35,-98.8,31.378,2.072,4.86,0
8/9/2021,17:20:00,0,Piney Point,1.1,3.4,57312.9,2.043,9.97,4.93,50378.1,118.3,118.3,7.28,2.964,33.34,51081.2,2.92,14.61,33203,0.41,0,1.179,8.36,-99,31.387,2.042,4.86,0
8/9/2021,17:30:00,0,Piney Point,0.96,2.82,57182.3,2.002,10.86,5.23,50260.4,122.6,122.6,7.55,2.904,33.25,50962.2,3.37,16.14,33125,0.61,0,1.178,8.36,-99.5,31.39,2.001,4.86,0
8/9/2021,17:40:00,0,Piney Point,1.08,3.34,57076,1.966,11.31,5.37,50171,118.5,118.5,7.3,2.851,33.19,50871.1,2.6,13.53,33066,0.48,0,1.184,8.36,-99,31.386,1.965,4.87,0
8/9/2021,17:50:00,0,Piney Point,1.38,4.53,56888.1,1.931,11.68,5.5,49989.8,128.8,128.8,7.94,2.801,33.05,50689.3,2.76,14.08,32948,0.46,0,1.178,8.37,-100.1,31.403,1.931,4.87,0
8/9/2021,18:00:00,0,Piney Point,1.27,4.1,56808.1,1.897,11.57,5.46,49910.5,126.7,126.7,7.81,2.751,32.99,50610,2.25,12.36,32897,0.44,0,1.183,8.38,-100.4,31.412,1.896,4.86,0
8/9/2021,18:10:00,0,Piney Point,2.66,9.72,56505.7,1.854,12.55,5.79,49666.6,125.5,125.5,7.75,2.688,32.81,50360,3.62,16.99,32734,0.97,0,1.178,8.37,-99.9,31.389,1.853,4.86,0
8/9/2021,18:20:00,0,Piney Point,1.02,3.09,56241.4,1.821,13.21,6.01,49457.1,123.7,123.7,7.64,2.641,32.65,50144.8,4.39,19.61,32594,0.64,0,1.183,8.37,-99.7,31.365,1.82,4.86,0
8/9/2021,18:30:00,0,Piney Point,0.96,2.83,56241.6,1.79,13.58,6.13,49466,116.6,116.6,7.21,2.596,32.66,50152.8,2.42,12.93,32599,0.59,0,1.178,8.35,-98.6,31.356,1.789,4.87,0
8/9/2021,18:40:00,0,Piney Point,0.84,2.36,56033.4,1.761,13.58,6.13,49286.6,119.4,119.4,7.39,2.554,32.53,49970.4,2.47,13.1,32481,0.48,0,1.183,8.36,-99.5,31.352,1.76,4.87,0
8/9/2021,18:50:00,0,Piney Point,0.77,2.08,55873.1,1.733,14.19,6.33,49157.8,119.4,119.4,7.39,2.512,32.43,49838.3,2.03,11.59,32395,0.6,0,1.178,8.36,-99,31.34,1.732,4.86,0
8/9/2021,19:00:00,0,Piney Point,1.07,3.28,55742.8,1.703,14.53,6.45,49050.8,120.8,120.8,7.49,2.469,32.35,49728.9,2.42,12.91,32324,0.37,0,1.183,8.36,-99.3,31.332,1.702,4.86,0
8/9/2021,19:10:00,0,Piney Point,0.87,2.47,55694.2,1.677,14.62,6.48,49019.7,117.7,117.7,7.29,2.431,32.33,49695.9,2.59,13.49,32302,0.48,0,1.178,8.36,-99,31.319,1.676,4.86,0
8/9/2021,19:20:00,0,Piney Point,0.74,1.95,55596.3,1.652,14.83,6.55,48942.1,117.3,117.3,7.27,2.395,32.27,49616.3,1.97,11.4,32251,0.52,0,1.183,8.35,-98.9,31.31,1.652,4.87,0
8/9/2021,19:30:00,0,Piney Point,1.08,3.33,55455.9,1.631,15.2,6.67,48835,117.4,117.4,7.29,2.365,32.19,49505.7,2.74,14.02,32179,0.36,0,1.178,8.35,-98.8,31.293,1.63,4.87,0
8/9/2021,19:40:00,0,Piney Point,0.98,2.93,55367.7,1.61,15.51,6.77,48772.1,117.1,117.1,7.27,2.334,32.14,49440,0.96,7.98,32136,0.36,0,1.183,8.35,-98.9,31.277,1.609,4.86,0
8/9/2021,19:50:00,0,Piney Point,0.82,2.26,55321.9,1.594,15.71,6.84,48747.2,115.5,115.5,7.17,2.311,32.12,49412.9,2.26,12.37,32118,0.34,0,1.178,8.35,-98.6,31.261,1.594,4.86,0
8/9/2021,20:00:00,0,Piney Point,0.58,1.3,55271.6,1.58,15.49,6.77,48711.8,111.7,111.7,6.94,2.29,32.1,49376,1.59,10.11,32094,0.32,0,1.183,8.35,-98.4,31.251,1.579,4.86,0
8/9/2021,20:10:00,0,Piney Point,0.72,1.85,55180.6,1.571,15.82,6.88,48645.1,112.9,112.9,7.02,2.277,32.05,49306.7,3.37,16.15,32049,0.44,0,1.178,8.34,-98.1,31.237,1.571,4.86,0
8/9/2021,20:20:00,0,Piney Point,0.54,1.12,55150.1,1.563,15.5,6.77,48625.9,109.9,109.9,6.83,2.266,32.03,49286.3,1.85,10.98,32036,0.19,0,1.184,8.34,-98,31.229,1.563,4.86,0
8/9/2021,20:30:00,0,Piney Point,0.58,1.3,55078,1.558,16.03,6.95,48580.2,108.2,108.2,6.73,2.258,32,49237.8,1.41,9.5,32005,0.41,0,1.179,8.33,-97.3,31.21,1.557,4.86,0
8/9/2021,20:40:00,0,Piney Point,0.64,1.55,54920.9,1.563,16.57,7.13,48486.6,110.3,110.3,6.87,2.265,31.93,49137.5,3.48,16.52,31939,0.2,0,1.183,8.33,-97.4,31.162,1.562,4.86,0
8/9/2021,20:50:00,0,Piney Point,0.53,1.09,54980.2,1.564,16.43,7.08,48535.8,103.7,103.7,6.46,2.267,31.96,49187.7,1.64,10.28,31972,0.38,0,1.178,8.31,-96.2,31.166,1.564,4.86,0
8/9/2021,21:00:00,0,Piney Point,0.59,1.33,54956.3,1.575,17.15,7.32,48535,102,102,6.35,2.283,31.96,49184.4,1.42,9.52,31970,0.38,0,1.183,8.32,-96.7,31.144,1.575,4.86,0
8/9/2021,21:10:00,0,Piney Point,0.75,1.97,54883.8,1.592,16.68,7.16,48502.8,101.2,101.2,6.31,2.307,31.93,49147.9,1.65,10.32,31946,0.73,0,1.178,8.31,-96,31.11,1.592,4.87,0
8/9/2021,21:20:00,0,Piney Point,0.61,1.43,54850.1,1.617,17.18,7.33,48517.9,104,104,6.48,2.343,31.94,49157.7,1.82,10.89,31953,2.48,0,1.183,8.32,-96.9,31.063,1.616,4.86,0
8/9/2021,21:30:00,0,Piney Point,0.63,1.49,54827.5,1.643,16.97,7.26,48531.8,109.3,109.3,6.82,2.382,31.95,49167.7,2.08,11.79,31959,0.7,0,1.178,8.34,-97.7,31.027,1.642,4.86,0
8/9/2021,21:40:00,0,Piney Point,0.72,1.86,54870,1.673,17.14,7.32,48590.4,111.5,111.5,6.96,2.425,31.99,49224.5,2.37,12.77,31996,0.56,0,1.183,8.34,-98.1,31.005,1.67,4.86,0
8/9/2021,21:50:00,0,Piney Point,1.47,4.9,54955.7,1.706,16.6,7.14,48689.8,112.9,112.9,7.04,2.473,32.07,49322.5,5.97,24.97,32060,0.96,0,1.178,8.35,-98.3,30.98,1.705,4.86,0
8/9/2021,22:00:00,0,Piney Point,1,2.98,55120.8,1.737,16.16,6.99,48877.8,115.1,115.1,7.18,2.519,32.2,49507.8,3.26,15.76,32180,1.09,0,1.183,8.35,-98.7,30.936,1.736,4.86,0
8/9/2021,22:10:00,0,Piney Point,0.99,2.95,55233.4,1.765,15.62,6.81,49009.1,116.9,116.9,7.29,2.559,32.3,49637,2.25,12.36,32264,0.52,0,1.179,8.36,-99,30.903,1.763,4.87,0
8/9/2021,22:20:00,0,Piney Point,0.65,1.59,55283.1,1.788,17.12,7.31,49070.1,115.6,115.6,7.21,2.593,32.34,49696.7,1.83,10.91,32303,0.46,0,1.183,8.35,-98.8,30.885,1.787,4.86,0
8/9/2021,22:30:00,0,Piney Point,0.82,2.29,55425,1.806,14.92,6.58,49229.7,116.8,116.8,7.29,2.618,32.46,49854.3,2.46,13.05,32405,0.54,0,1.177,8.36,-99.2,30.85,1.803,4.86,0
8/9/2021,22:40:00,0,Piney Point,0.71,1.84,55508.4,1.828,14.78,6.53,49312.1,115.8,115.8,7.22,2.65,32.52,49936.7,2.21,12.2,32459,0.78,0,1.183,8.36,-99.3,30.842,1.826,4.86,0
8/9/2021,22:50:00,0,Piney Point,0.67,1.68,55550.2,1.86,14.48,6.43,49357.8,116,116,7.23,2.697,32.55,49982,2.02,11.56,32488,0.64,0,1.178,8.36,-99.1,30.833,1.859,4.86,0
8/9/2021,23:00:00,0,Piney Point,1.07,3.27,55575.8,1.906,14.52,6.45,49393,115.7,115.7,7.22,2.764,32.58,50016.2,2.82,14.29,32511,0.69,0,1.183,8.36,-99.1,30.82,1.905,4.87,0
8/9/2021,23:10:00,0,Piney Point,3.08,11.43,55947.6,1.947,13.28,6.03,49767.2,116.8,116.8,7.28,2.824,32.85,50389.8,6.14,25.55,32753,0.72,0,1.179,8.37,-99.4,30.775,1.946,4.86,0
8/9/2021,23:20:00,0,Piney Point,1.38,4.52,56040.8,1.991,13.01,5.94,49837.3,117.5,117.5,7.32,2.888,32.91,50462.4,3.66,17.15,32801,0.56,0,1.183,8.37,-99.5,30.788,1.99,4.86,0
8/9/2021,23:30:00,0,Piney Point,1.21,3.83,56129.7,2.021,12.78,5.87,49907.3,117.1,117.1,7.29,2.931,32.96,50534.3,3.29,15.87,32847,0.66,0,1.178,8.37,-99.6,30.797,2.02,4.86,0
8/9/2021,23:40:00,0,Piney Point,1.8,6.23,56282.1,2.056,12.36,5.72,50031.9,118.2,118.2,7.35,2.983,33.05,50661.8,6.27,25.99,32930,0.69,0,1.183,8.37,-99.7,30.808,2.055,4.85,0
8/9/2021,23:50:00,0,Piney Point,1.48,4.96,56433.4,2.088,11.97,5.59,50154.3,117.7,117.7,7.32,3.03,33.14,50787.1,3.35,16.08,33012,0.53,0,1.191,8.37,-99.7,30.821,2.087,4.86,0
8/10/2021,0:00:00,0,Piney Point,1.29,4.17,56552.9,2.126,11.61,5.48,50244.9,116.3,116.3,7.23,3.085,33.21,50880.8,3.48,16.53,33073,0.58,0,1.175,8.37,-99.6,30.837,2.126,4.86,0
8/10/2021,0:10:00,0,Piney Point,1.91,6.69,56784.6,2.16,11.03,5.28,50413,116.9,116.9,7.26,3.134,33.34,51055.6,5.49,23.34,33186,1.97,0,1.176,8.37,-99.8,30.875,2.159,4.86,0
8/10/2021,0:20:00,0,Piney Point,1.53,5.17,56900.6,2.191,10.67,5.16,50509.2,118,118,7.32,3.18,33.41,51153.9,4.87,21.25,33250,1.15,0,1.181,8.37,-99.9,30.882,2.19,4.86,0
8/10/2021,0:30:00,0,Piney Point,1.67,5.74,56958.2,2.224,10.45,5.09,50582.7,116.7,116.7,7.24,3.227,33.47,51225.5,4.99,21.66,33297,1.24,0,1.179,8.37,-99.8,30.859,2.223,4.87,0
8/10/2021,0:40:00,0,Piney Point,1.57,5.31,56991.6,2.247,10.35,5.05,50648.3,114.9,114.9,7.13,3.261,33.51,51287.7,5.31,22.74,33337,0.91,0,1.183,8.36,-99.3,30.823,2.245,4.86,0
8/10/2021,0:50:00,0,Piney Point,2.22,7.95,57021.3,2.275,10.11,4.97,50714.2,114.3,114.3,7.1,3.302,33.56,51349.7,5.76,24.25,33377,0.95,0,1.178,8.36,-99.2,30.783,2.274,4.87,0
8/10/2021,1:00:00,0,Piney Point,1.77,6.13,57040.4,2.302,9.86,4.89,50763.5,114.1,114.1,7.09,3.341,33.59,51395.7,4.3,19.3,33407,1.02,0,1.183,8.36,-99.1,30.75,2.301,4.86,0
8/10/2021,1:10:00,0,Piney Point,4.8,18.4,57047.2,2.321,9.86,4.89,50795.1,111.6,111.6,6.93,3.368,33.62,51424.7,12.46,46.99,33426,1.04,0,1.179,8.36,-98.9,30.724,2.319,4.86,0
8/10/2021,1:20:00,0,Piney Point,1.42,4.71,57043,2.339,9.77,4.86,50806.6,109.7,109.7,6.81,3.395,33.62,51434.4,3.71,17.3,33432,2.49,0,1.183,8.35,-98.5,30.709,2.339,4.87,0
8/10/2021,1:30:00,0,Piney Point,1.45,4.82,57036.5,2.358,9.69,4.84,50810.6,108.7,108.7,6.76,3.423,33.63,51437.3,3.49,16.57,33434,2.43,0,1.191,8.35,-98.4,30.699,2.357,4.87,0
8/10/2021,1:40:00,0,Piney Point,1.56,5.25,57022,2.371,9.74,4.85,50803.9,109.9,109.9,6.83,3.442,33.62,51429.8,3.81,17.64,33429,1.2,0,1.176,8.36,-98.8,30.693,2.368,4.86,0
8/10/2021,1:50:00,0,Piney Point,2.09,7.41,57009.7,2.384,9.86,4.89,50796.7,110.3,110.3,6.86,3.46,33.62,51422,5.06,21.89,33424,0.94,0,1.181,8.36,-98.8,30.689,2.384,4.86,0
8/10/2021,2:00:00,0,Piney Point,1.41,4.66,57004.7,2.39,9.78,4.87,50791.6,107.4,107.4,6.68,3.469,33.61,51417,3.3,15.91,33421,0.57,0,1.173,8.35,-98.2,30.69,2.39,4.86,0
8/10/2021,2:10:00,0,Piney Point,1.62,5.52,56987.8,2.404,9.97,4.93,50779.3,106,106,6.59,3.488,33.6,51404.1,4.57,20.23,33413,0.9,0,1.18,8.35,-98.5,30.687,2.403,4.86,0
8/10/2021,2:20:00,0,Piney Point,1.59,5.38,56963.8,2.405,9.97,4.93,50767.1,107.4,107.4,6.68,3.491,33.59,51390.7,3.9,17.94,33404,1.4,0,1.179,8.35,-98.3,30.678,2.404,4.86,0
8/10/2021,2:30:00,0,Piney Point,1.84,6.41,56950.5,2.414,9.92,4.91,50768.5,108.5,108.5,6.75,3.503,33.59,51390.6,4.6,20.32,33404,1.83,0,1.18,8.35,-98.5,30.664,2.414,4.86,0
8/10/2021,2:40:00,0,Piney Point,2.07,7.34,56952.2,2.403,9.38,4.73,50766.9,102.6,102.6,6.38,3.487,33.59,51389.3,5.83,24.49,33403,0.87,0,1.179,8.34,-97.7,30.667,2.403,4.86,0
8/10/2021,2:50:00,0,Piney Point,1.76,6.09,56931.8,2.396,9.66,4.83,50774.9,101.5,101.5,6.31,3.478,33.6,51394.3,4.74,20.79,33406,0.96,0,1.179,8.34,-97.7,30.641,2.394,4.86,0
8/10/2021,3:00:00,0,Piney Point,0.92,2.66,56919.9,2.392,9.48,4.77,50777.8,101.2,101.2,6.3,3.472,33.6,51395.6,3.38,16.19,33407,0.49,0,1.181,8.34,-97.6,30.628,2.391,4.87,0
8/10/2021,3:10:00,0,Piney Point,2.36,8.53,56898.9,2.375,9.84,4.88,50775.9,98.7,98.7,6.14,3.448,33.6,51391.7,5.91,24.79,33405,0.6,0,1.182,8.33,-97.2,30.611,2.374,4.86,0
8/10/2021,3:20:00,0,Piney Point,2.31,8.33,56881.2,2.359,9.64,4.82,50776.3,99.8,99.8,6.21,3.424,33.6,51390.1,6.26,25.96,33404,0.92,0,1.185,8.33,-97.3,30.594,2.357,4.86,0
8/10/2021,3:30:00,0,Piney Point,2.34,8.44,56865.7,2.34,9.64,4.82,50774.8,97.1,97.1,6.05,3.396,33.59,51387.1,5.98,25.01,33402,0.72,0,1.188,8.33,-97.3,30.582,2.339,4.86,0
8/10/2021,3:40:00,0,Piney Point,1.45,4.83,56841.6,2.323,10.11,4.98,50779.9,99.9,99.9,6.22,3.371,33.6,51389.1,3.89,17.91,33403,0.92,0,1.188,8.33,-97.4,30.555,2.323,4.86,0
8/10/2021,3:50:00,0,Piney Point,1.74,6.01,56819.3,2.305,10,4.94,50781.1,99.9,99.9,6.23,3.345,33.6,51387.8,3.82,17.68,33402,0.49,0,1.189,8.33,-97.4,30.534,2.303,4.87,0
8/10/2021,4:00:00,0,Piney Point,2.04,7.23,56810.8,2.287,9.87,4.9,50783.1,97.9,97.9,6.1,3.32,33.6,51388.7,4.5,19.98,33403,0.86,0,1.189,8.32,-96.8,30.524,2.287,4.86,0
8/10/2021,4:10:00,0,Piney Point,3.22,12.02,56786.3,2.259,10.09,4.97,50777.3,95.2,95.2,5.94,3.279,33.59,51380.9,9.19,35.89,33398,0.67,0,1.191,8.32,-96.7,30.508,2.259,4.86,0
8/10/2021,4:20:00,0,Piney Point,1.68,5.76,56757.4,2.234,9.91,4.91,50763.9,95.4,95.4,5.95,3.243,33.58,51365.9,4.23,19.09,33388,2.83,0,1.189,8.32,-96.7,30.495,2.233,4.85,0
8/10/2021,4:30:00,0,Piney Point,1.75,6.06,56749.7,2.202,10.05,4.95,50757.6,92.7,92.7,5.78,3.197,33.58,51359.5,4.23,19.07,33384,1.17,0,1.191,8.32,-96.4,30.495,2.202,4.86,0
8/10/2021,4:40:00,0,Piney Point,1.89,6.62,56679.6,2.175,10.16,4.99,50711.7,96.5,96.5,6.02,3.157,33.54,51311,4.61,20.37,33352,0.87,0,1.177,8.33,-97,30.478,2.174,4.86,0
8/10/2021,4:50:00,0,Piney Point,1.21,3.84,56643.9,2.148,10.36,5.06,50694.2,95.8,95.8,5.98,3.117,33.53,51291.6,3.55,16.77,33340,0.42,0,1.179,8.32,-96.5,30.463,2.148,4.86,0
8/10/2021,5:00:00,0,Piney Point,1.06,3.25,56579.4,2.124,10.49,5.1,50647.8,96,96,5.99,3.083,33.49,51243.3,2.61,13.56,33308,0.64,0,1.178,8.32,-96.7,30.452,2.124,4.86,0
8/10/2021,5:10:00,0,Piney Point,0.73,1.88,56548.3,2.104,10.94,5.25,50627.3,91.9,91.9,5.74,3.054,33.48,51221.7,2.09,11.82,33294,0.78,0,1.184,8.31,-95.8,30.445,2.104,4.85,0
8/10/2021,5:20:00,0,Piney Point,0.75,1.99,56495.3,2.081,10.82,5.21,50595.8,91.6,91.6,5.72,3.021,33.45,51187.9,1.88,11.09,33272,0.66,0,1.178,8.31,-96.1,30.429,2.08,4.85,0
8/10/2021,5:30:00,0,Piney Point,0.63,1.51,56504.3,2.052,10.84,5.22,50602.1,83.5,83.5,5.21,2.978,33.46,51194.5,2.31,12.57,33276,0.72,0,1.183,8.29,-94.8,30.43,2.052,4.86,0
8/10/2021,5:40:00,0,Piney Point,0.66,1.62,56453.1,2.031,11.19,5.33,50565.9,80.5,80.5,5.03,2.948,33.43,51156.8,1.93,11.25,33252,1.23,0,1.178,8.27,-93.5,30.421,2.032,4.86,0
8/10/2021,5:50:00,0,Piney Point,0.66,1.6,56317.3,2.018,11.34,5.38,50474.6,79.3,79.3,4.96,2.928,33.36,51060.7,1.75,10.64,33189,0.57,0,1.183,8.27,-93.7,30.39,2.018,4.86,0
8/10/2021,6:00:00,0,Piney Point,0.56,1.22,56222.5,1.994,11.57,5.46,50413,77.7,77.7,4.86,2.893,33.31,50995.7,1.59,10.11,33147,0.75,0,1.179,8.26,-93,30.366,1.993,4.86,0
8/10/2021,6:10:00,0,Piney Point,0.85,2.38,56194.3,1.983,12.02,5.61,50398,72.7,72.7,4.55,2.878,33.3,50979.3,2.92,14.62,33137,0.52,0,1.174,8.25,-92.4,30.356,1.984,4.85,0
8/10/2021,6:20:00,0,Piney Point,0.77,2.07,56168.4,1.968,11.87,5.56,50385.6,68.6,68.6,4.3,2.856,33.29,50965.5,2.3,12.53,33128,0.92,0,1.19,8.24,-91.9,30.345,1.968,4.86,0
8/10/2021,6:30:00,0,Piney Point,0.4,0.58,56111.8,1.964,11.91,5.57,50342.4,64.5,64.5,4.04,2.85,33.26,50920.9,1.22,8.85,33099,0.76,0,1.185,8.23,-91.2,30.337,1.964,4.86,0
8/10/2021,6:40:00,0,Piney Point,0.48,0.88,56034.5,1.962,12.04,5.62,50291.7,64.4,64.4,4.03,2.847,33.22,50867.4,1.54,9.93,33064,0.57,0,1.18,8.23,-90.9,30.318,1.961,4.86,0
8/10/2021,6:50:00,0,Piney Point,0.69,1.75,56043,1.963,12.41,5.74,50294.5,63.7,63.7,3.99,2.848,33.22,50870.8,2.2,12.18,33066,0.51,0,1.175,8.22,-90.3,30.323,1.961,4.85,0
8/10/2021,7:00:00,0,Piney Point,0.72,1.88,56098.8,1.968,12.91,5.91,50341.1,59.7,59.7,3.74,2.857,33.26,50918.4,3.17,15.48,33097,0.43,0,1.171,8.21,-89.8,30.327,1.968,4.86,0
8/10/2021,7:10:00,0,Piney Point,0.63,1.49,56085.8,1.971,12.37,5.73,50335.2,58.4,58.4,3.66,2.86,33.25,50911.7,2.19,12.14,33093,0.74,0,1.187,8.2,-89.6,30.321,1.971,4.86,0
8/10/2021,7:20:00,0,Piney Point,0.76,2.01,56108.4,1.98,12.77,5.86,50350.2,55.2,55.2,3.46,2.874,33.26,50927.5,2.46,13.07,33103,0.61,0,1.178,8.2,-89.3,30.326,1.979,4.86,0
8/10/2021,7:30:00,0,Piney Point,0.59,1.35,56065,1.985,12.23,5.68,50318.3,52.3,52.3,3.27,2.88,33.24,50894.4,2.71,13.9,33081,0.61,0,1.177,8.19,-88.8,30.319,1.983,4.86,0
8/10/2021,7:40:00,0,Piney Point,0.69,1.74,55969.3,1.989,12.5,5.77,50254.9,52,52,3.26,2.887,33.19,50827.6,1.57,10.05,33038,0.62,0,1.175,8.19,-88.8,30.296,1.989,4.85,0
8/10/2021,7:50:00,0,Piney Point,0.35,0.35,55978.2,1.99,12.12,5.65,50266.2,51.8,51.8,3.24,2.888,33.2,50838.7,1.16,8.64,33045,0.49,0,1.175,8.19,-88.6,30.293,1.99,4.85,0
8/10/2021,8:00:00,0,Piney Point,0.49,0.94,56021.3,1.996,12.85,5.89,50300.4,50.1,50.1,3.14,2.897,33.23,50873.8,1.58,10.07,33068,0.65,0,1.172,8.17,-87.8,30.298,1.996,4.85,0
8/10/2021,8:10:00,0,Piney Point,0.33,0.28,55970.5,2,12.62,5.81,50270.3,49.1,49.1,3.08,2.902,33.2,50841.5,1.36,9.34,33047,0.44,0,1.179,8.17,-87.7,30.282,2,4.85,0
8/10/2021,8:20:00,0,Piney Point,0.56,1.2,55893.6,2.009,13.46,6.09,50213.4,48.6,48.6,3.05,2.915,33.16,50782.5,1.76,10.7,33009,0.55,0,1.189,8.17,-87.3,30.269,2.008,4.85,0
8/10/2021,8:30:00,0,Piney Point,0.61,1.43,55887.8,2.023,13.5,6.11,50216.8,47.4,47.4,2.97,2.936,33.16,50784.9,1.61,10.16,33010,0.69,0,1.179,8.16,-87,30.261,2.024,4.86,0
8/10/2021,8:40:00,0,Piney Point,0.65,1.58,55999.4,2.039,13.59,6.13,50292.2,40.4,40.4,2.54,2.959,33.22,50864.1,2.15,11.99,33062,0.63,0,1.184,8.14,-85.6,30.286,2.039,4.85,0
8/10/2021,8:50:00,0,Piney Point,0.53,1.1,55787.8,2.057,13.45,6.09,50177,59.8,59.8,3.75,2.985,33.13,50738.8,1.77,10.73,32980,0.57,0,1.175,8.2,-89.3,30.21,2.058,4.85,0
8/10/2021,9:00:00,0,Piney Point,0.42,0.66,55726.8,2.077,13.5,6.1,50137.2,58.6,58.6,3.68,3.014,33.1,50696.7,3.56,16.8,32953,0.48,0,1.179,8.22,-90.4,30.195,2.077,4.85,0
8/10/2021,9:10:00,0,Piney Point,0.67,1.68,55583.3,2.101,13.27,6.03,50077.1,74.7,74.7,4.7,3.049,33.05,50627.9,1.9,11.17,32908,0.61,0,1.178,8.28,-94.1,30.124,2.102,4.85,0
8/10/2021,9:20:00,0,Piney Point,2.9,10.7,55575.8,2.127,12.86,5.89,50117.5,89.7,89.7,5.65,3.086,33.08,50663.2,5.33,22.8,32931,0.43,0,1.183,8.3,-95.3,30.077,2.127,4.85,0
8/10/2021,9:30:00,0,Piney Point,1.06,3.26,55683.9,2.153,12.65,5.82,50197.2,92.1,92.1,5.8,3.124,33.14,50745.9,2.32,12.6,32985,0.65,0,1.178,8.31,-95.8,30.095,2.153,4.85,0
8/10/2021,9:40:00,0,Piney Point,0.85,2.38,55859.1,2.176,12.26,5.69,50323.7,93.1,93.1,5.85,3.158,33.23,50877.4,1.53,9.9,33070,0.53,0,1.183,8.31,-95.8,30.126,2.176,4.84,0
8/10/2021,9:50:00,0,Piney Point,1.69,5.81,56196.4,2.196,11.18,5.33,50592,93.8,93.8,5.88,3.188,33.44,51152.8,5.1,22.01,33249,1.5,0,1.178,8.31,-96,30.162,2.195,4.85,0
8/10/2021,10:00:00,0,Piney Point,1.33,4.32,56378.5,2.227,10.59,5.13,50739,94.9,94.9,5.95,3.232,33.55,51303.5,3.43,16.34,33347,0.69,0,1.183,8.31,-96.2,30.179,2.227,4.85,0
8/10/2021,10:10:00,0,Piney Point,1.26,4.03,56469.8,2.254,10.18,5,50791.1,96.6,96.6,6.05,3.272,33.59,51359.7,3.79,17.57,33384,0.59,0,1.178,8.32,-96.5,30.209,2.255,4.85,0
8/10/2021,10:20:00,0,Piney Point,1.22,3.88,56560.5,2.288,10.22,5.01,50840,98.7,98.7,6.18,3.321,33.62,51413,2.75,14.04,33418,0.61,0,1.183,8.32,-96.5,30.242,2.287,4.85,0
8/10/2021,10:30:00,0,Piney Point,1.28,4.13,56611.1,2.317,10.46,5.09,50857.5,98,98,6.13,3.363,33.64,51434,2.88,14.49,33432,0.65,0,1.179,8.32,-96.6,30.27,2.317,4.86,0
8/10/2021,10:40:00,0,Piney Point,1.04,3.15,56687.7,2.35,9.74,4.85,50886.4,99.9,99.9,6.24,3.411,33.66,51467.9,3.57,16.85,33454,0.88,0,1.183,8.32,-96.7,30.31,2.351,4.86,0
8/10/2021,10:50:00,0,Piney Point,1.74,6.01,56730.8,2.376,10.48,5.1,50894.1,100.7,100.7,6.29,3.45,33.67,51479.3,3.89,17.9,33462,1.03,0,1.178,8.32,-96.8,30.341,2.377,4.85,0
8/10/2021,11:00:00,0,Piney Point,1.09,3.35,56769.3,2.412,10.55,5.12,50911.7,101.1,101.1,6.31,3.501,33.68,51499.1,2.97,14.8,33474,0.63,0,1.183,8.32,-96.7,30.358,2.411,4.85,0
8/10/2021,11:10:00,0,Piney Point,2.51,9.12,56803.1,2.446,10.67,5.16,50935.2,100.3,100.3,6.26,3.55,33.7,51523.7,7.15,29,33490,0.68,0,1.178,8.32,-96.5,30.365,2.445,4.86,0
8/10/2021,11:20:00,0,Piney Point,1.42,4.69,56833.4,2.48,9.57,4.8,50951.6,99.9,99.9,6.24,3.6,33.71,51541.6,2.97,14.79,33502,1.07,0,1.183,8.32,-96.8,30.375,2.481,4.86,0
8/10/2021,11:30:00,0,Piney Point,1.04,3.17,56862.8,2.51,9.51,4.77,50957,101.4,101.4,6.33,3.644,33.72,51549.6,2.82,14.27,33507,1.07,0,1.178,8.32,-96.8,30.396,2.51,4.86,0
8/10/2021,11:40:00,0,Piney Point,1.37,4.5,56898.3,2.54,9.5,4.77,50966.9,102.2,102.2,6.38,3.687,33.73,51562.2,3.5,16.6,33515,0.82,0,1.183,8.33,-97,30.418,2.54,4.85,0
8/10/2021,11:50:00,0,Piney Point,1.13,3.53,56942.5,2.566,9.42,4.74,50977.5,103.8,103.8,6.47,3.725,33.74,51576.4,3.1,15.23,33525,1.89,0,1.178,8.33,-97.2,30.447,2.566,4.85,0
8/10/2021,12:00:00,0,Piney Point,1.3,4.21,56998.6,2.592,10.6,5.14,50991.8,104.3,104.3,6.5,3.763,33.75,51595.1,4.26,19.16,33537,1.25,0,1.183,8.33,-97.1,30.483,2.594,4.85,0
8/10/2021,12:10:00,0,Piney Point,1.08,3.34,57096.4,2.617,10.28,5.03,51033.4,104.8,104.8,6.52,3.799,33.78,51642.6,2.8,14.2,33568,2.22,0,1.178,8.33,-97.3,30.529,2.616,4.86,0
8/10/2021,12:20:00,0,Piney Point,1.76,6.08,57160.9,2.644,8.81,4.54,51071.2,106,106,6.6,3.839,33.81,51683.2,4.33,19.41,33594,1.39,0,1.183,8.33,-97.3,30.549,2.644,4.85,0
8/10/2021,12:30:00,0,Piney Point,1.4,4.64,57249.6,2.663,8.79,4.53,51122.4,107.4,107.4,6.68,3.866,33.85,51738.4,3.39,16.22,33630,1.71,0,1.178,8.33,-97.5,30.577,2.662,4.85,0
8/10/2021,12:40:00,0,Piney Point,1.4,4.64,57365.9,2.68,8.34,4.38,51185.7,110.3,110.3,6.86,3.891,33.9,51807.3,3.71,17.3,33675,0.74,0,1.183,8.34,-97.9,30.617,2.679,4.85,0
8/10/2021,12:50:00,0,Piney Point,1.17,3.7,57437.7,2.691,8.34,4.38,51217.8,111,111,6.89,3.907,33.93,51843.6,2.4,12.87,33698,1.27,0,1.178,8.34,-98.1,30.65,2.69,4.85,0
8/10/2021,13:00:00,0,Piney Point,1.04,3.14,57493.2,2.702,8.49,4.44,51237.3,114.2,114.2,7.09,3.923,33.94,51866.9,2.24,12.31,33713,1.34,0,1.183,8.35,-98.4,30.679,2.701,4.86,0
8/10/2021,13:10:00,0,Piney Point,1.19,3.77,57533.5,2.713,8.12,4.31,51243.2,114.9,114.9,7.13,3.938,33.95,51876.4,2.68,13.8,33720,1.24,0,1.179,8.35,-98.5,30.709,2.712,4.86,0
8/10/2021,13:20:00,0,Piney Point,1.26,4.04,57555.7,2.713,8.11,4.31,51240.6,113.6,113.6,7.05,3.938,33.95,51876.5,3.24,15.71,33720,0.79,0,1.183,8.34,-98.1,30.732,2.712,4.85,0
8/10/2021,13:30:00,0,Piney Point,1.46,4.86,57595.9,2.709,7.93,4.25,51242.3,116.5,116.5,7.22,3.933,33.95,51882.3,4.88,21.28,33723,1.22,0,1.179,8.36,-99,30.766,2.708,4.85,0
8/10/2021,13:40:00,0,Piney Point,1.42,4.71,57616,2.7,7.67,4.16,51243.2,113.3,113.3,7.02,3.92,33.95,51885.3,3.42,16.31,33725,0.61,0,1.183,8.35,-98.6,30.783,2.698,4.86,0
8/10/2021,13:50:00,0,Piney Point,1.55,5.23,57630.5,2.692,7.82,4.21,51238.4,113.2,113.2,7.01,3.907,33.95,51882.5,4.16,18.84,33724,0.59,0,1.178,8.36,-98.9,30.8,2.691,4.86,0
8/10/2021,14:00:00,0,Piney Point,0.97,2.86,57653.6,2.694,7.91,4.24,51239.4,119.7,119.7,7.41,3.911,33.95,51885.9,2.07,11.73,33726,0.49,0,1.183,8.37,-99.7,30.82,2.691,4.85,0
8/10/2021,14:10:00,0,Piney Point,1.3,4.2,57665.2,2.678,8.07,4.29,51240.4,118.7,118.7,7.35,3.887,33.95,51888,3.52,16.66,33727,0.57,0,1.191,8.36,-99.3,30.829,2.676,4.86,0
8/10/2021,14:20:00,0,Piney Point,0.86,2.44,57683.3,2.663,7.87,4.23,51239.6,120.8,120.8,7.47,3.866,33.95,51889.2,1.89,11.14,33728,0.95,0,1.177,8.37,-99.7,30.846,2.662,4.85,0
8/10/2021,14:30:00,0,Piney Point,2.33,8.41,57684.8,2.644,7.88,4.23,51233,119.9,119.9,7.42,3.838,33.95,51883.5,3.97,18.19,33724,0.66,0,1.18,8.37,-99.6,30.854,2.642,4.86,0
8/10/2021,14:40:00,0,Piney Point,0.98,2.93,57704.4,2.629,7.9,4.24,51228.9,124,124,7.67,3.817,33.95,51881.9,2.58,13.47,33723,0.76,0,1.177,8.38,-100.1,30.876,2.63,4.86,0
8/10/2021,14:50:00,0,Piney Point,0.82,2.29,57730.8,2.609,7.98,4.27,51226.2,127.9,127.9,7.91,3.787,33.95,51882.4,2.33,12.62,33724,0.59,0,1.178,8.38,-100.3,30.902,2.608,4.86,0
8/10/2021,15:00:00,0,Piney Point,0.8,2.19,57742.1,2.594,8.07,4.29,51213.3,129.1,129.1,7.98,3.766,33.94,51872.1,2.24,12.33,33717,0.88,0,1.174,8.39,-100.9,30.925,2.594,4.85,0
8/10/2021,15:10:00,0,Piney Point,0.8,2.2,57754.6,2.579,8.25,4.35,51206.4,132.2,132.2,8.17,3.743,33.93,51867.3,1.62,10.22,33714,0.54,0,1.191,8.39,-101.1,30.943,2.577,4.85,0
8/10/2021,15:20:00,0,Piney Point,2.13,7.59,57769.1,2.556,7.96,4.26,51201.4,128.6,128.6,7.94,3.71,33.93,51864.4,5.12,22.09,33712,0.54,0,1.176,8.39,-101.1,30.961,2.554,4.86,0
8/10/2021,15:30:00,0,Piney Point,0.94,2.76,57791.2,2.535,8.35,4.39,51190.6,133.7,133.7,8.26,3.679,33.93,51857.1,2.21,12.23,33707,0.73,0,1.175,8.4,-101.6,30.991,2.532,4.86,0
8/10/2021,15:40:00,0,Piney Point,0.75,2,57794.6,2.51,8.41,4.41,51178.8,137.3,137.3,8.48,3.644,33.92,51846.9,1.68,10.41,33701,1.51,0,1.191,8.41,-102,31.006,2.51,4.86,0
8/10/2021,15:50:00,0,Piney Point,0.91,2.65,57805.8,2.485,8.44,4.42,51168,139.1,139.1,8.58,3.606,33.91,51838.5,1.35,9.29,33695,0.65,0,1.18,8.41,-102.1,31.027,2.485,4.85,0
8/10/2021,16:00:00,0,Piney Point,0.85,2.37,57811.4,2.469,8.44,4.42,51163.8,140.4,140.4,8.67,3.583,33.91,51835.3,1.85,11,33693,0.72,0,1.173,8.42,-102.5,31.036,2.464,4.85,0
8/10/2021,16:10:00,0,Piney Point,1.12,3.49,57816.3,2.442,8.77,4.53,51159.9,141.1,141.1,8.71,3.545,33.91,51832.4,2.85,14.39,33691,0.59,0,1.177,8.41,-102.2,31.044,2.443,4.85,0
8/10/2021,16:20:00,0,Piney Point,1.09,3.35,57759,2.402,9.06,4.63,51111.4,137.3,137.3,8.48,3.487,33.87,51783,2.65,13.71,33659,0.69,0,1.191,8.4,-101.7,31.042,2.403,4.86,0
8/10/2021,16:30:00,0,Piney Point,0.86,2.43,57784.7,2.367,8.94,4.59,51136.1,131.8,131.8,8.13,3.436,33.89,51807.8,2.09,11.79,33675,0.61,0,1.172,8.39,-100.9,31.04,2.366,4.86,0
8/10/2021,16:40:00,0,Piney Point,0.82,2.25,57779.4,2.335,9.17,4.66,51133.5,127.8,127.8,7.89,3.39,33.89,51804.9,8.39,33.18,33673,0.61,0,1.183,8.38,-100.4,31.038,2.333,4.86,0
8/10/2021,16:50:00,0,Piney Point,0.83,2.32,57777.2,2.295,9.44,4.75,51133.9,129.1,129.1,7.97,3.332,33.89,51805,2.3,12.5,33673,0.64,0,1.18,8.38,-100.2,31.036,2.295,4.85,0
8/10/2021,17:00:00,0,Piney Point,0.65,1.59,57782.4,2.256,9.57,4.8,51140.7,123.2,123.2,7.61,3.274,33.89,51811.6,1.53,9.92,33678,0.47,0,1.183,8.37,-99.5,31.034,2.253,4.85,0
8/10/2021,17:10:00,0,Piney Point,0.41,0.61,57787.3,2.221,9.58,4.8,51142.6,117.4,117.4,7.24,3.224,33.89,51813.9,1.18,8.7,33679,0.53,0,1.177,8.34,-98.1,31.036,2.219,4.86,0
8/10/2021,17:20:00,0,Piney Point,0.92,2.66,57787.4,2.189,9.63,4.81,51139.9,117.5,117.5,7.25,3.178,33.89,51811.5,2.68,13.79,33677,0.38,0,1.184,8.34,-98,31.039,2.188,4.86,0
8/10/2021,17:30:00,0,Piney Point,0.26,0.01,57793.8,2.154,9.84,4.88,51140.4,111.7,111.7,6.89,3.127,33.89,51812.5,0.75,7.25,33678,0.64,0,1.178,8.34,-98,31.044,2.153,4.85,0
8/10/2021,17:40:00,0,Piney Point,0.35,0.35,57787.7,2.115,9.87,4.9,51132.6,111.8,111.8,6.9,3.071,33.89,51805,1.09,8.4,33673,0.41,0,1.184,8.33,-97.3,31.046,2.114,4.85,0
8/10/2021,17:50:00,0,Piney Point,0.6,1.37,57787.7,2.084,10.68,5.16,51116.7,112.4,112.4,6.94,3.025,33.87,51790.8,1.62,10.2,33664,0.46,0,1.178,8.33,-97.5,31.062,2.084,4.86,0
8/10/2021,18:00:00,0,Piney Point,0.44,0.74,57736.6,2.056,10.02,4.95,51049.1,113.1,113.1,6.98,2.984,33.83,51725.1,1.28,9.05,33621,0.5,0,1.183,8.34,-98,31.085,2.055,4.85,0
8/10/2021,18:10:00,0,Piney Point,0.35,0.37,57726.5,2.026,10.1,4.97,51024.3,113.6,113.6,7.01,2.94,33.81,51701.8,1.08,8.37,33606,0.47,0,1.178,8.35,-98.5,31.101,2.024,4.85,0
8/10/2021,18:20:00,0,Piney Point,0.5,0.96,57641.1,1.991,10.55,5.12,50926.6,115.6,115.6,7.13,2.889,33.74,51605.6,1.17,8.69,33544,0.53,0,1.183,8.35,-98.5,31.123,1.989,4.85,0
8/10/2021,18:30:00,0,Piney Point,0.47,0.83,57578.3,1.971,10.6,5.14,50858.3,116.4,116.4,7.18,2.86,33.69,51537.9,1.22,8.85,33500,0.55,0,1.178,8.35,-98.6,31.136,1.97,4.85,0
8/10/2021,18:40:00,0,Piney Point,0.99,2.95,56820.7,1.932,11.6,5.47,50229.2,118.3,118.3,7.33,2.803,33.21,50895.5,3.79,17.59,33082,2.99,0,1.183,8.36,-99,31.095,1.923,4.85,0
8/10/2021,18:50:00,0,Piney Point,1.31,4.26,56291,1.907,12.32,5.71,49819.2,120.7,120.7,7.49,2.766,32.91,50473,3.36,16.11,32807,4.01,0,1.178,8.37,-99.5,31.035,1.909,4.85,0
8/10/2021,19:00:00,0,Piney Point,1.06,3.25,55930.1,1.887,12.65,5.82,49559,120.6,120.6,7.5,2.737,32.71,50202.2,2.78,14.16,32631,1.34,0,1.183,8.37,-99.9,30.974,1.885,4.85,0
8/10/2021,19:10:00,0,Piney Point,0.68,1.72,56020.9,1.849,12.38,5.73,49634,115.3,115.3,7.17,2.682,32.77,50278.8,1.85,10.98,32681,0.7,0,1.178,8.36,-98.8,30.979,1.849,4.85,0
8/10/2021,19:20:00,0,Piney Point,0.86,2.42,55746.5,1.821,12.83,5.88,49458.9,110.1,110.1,6.86,2.641,32.63,50093.2,2.49,13.17,32561,0.78,0,1.183,8.35,-98.4,30.909,1.818,4.85,0
8/10/2021,19:30:00,0,Piney Point,0.89,2.55,55201.7,1.795,13.22,6.01,49076.9,112.1,112.1,7,2.603,32.34,49694.1,2.72,13.93,32301,2.17,0,1.178,8.36,-98.9,30.803,1.793,4.85,0
8/10/2021,19:40:00,0,Piney Point,0.96,2.84,55012.3,1.776,13.58,6.13,48955.9,110.7,110.7,6.92,2.575,32.25,49565.9,1.94,11.3,32218,1.77,0,1.183,8.35,-98.6,30.753,1.774,4.85,0
8/10/2021,19:50:00,0,Piney Point,0.65,1.6,54850.3,1.767,13.88,6.23,48848.3,109.2,109.2,6.84,2.562,32.17,49452.5,1.33,9.22,32144,1.41,0,1.179,8.35,-98.4,30.715,1.767,4.85,0
8/10/2021,20:00:00,0,Piney Point,0.58,1.31,54821,1.779,13.74,6.19,48826.7,104.5,104.5,6.54,2.58,32.15,49430.2,1.85,11,32130,1.1,0,1.183,8.34,-97.7,30.71,1.779,4.85,0
8/10/2021,20:10:00,0,Piney Point,0.5,0.96,54760,1.799,13.8,6.2,48793.6,100.6,100.6,6.3,2.609,32.13,49394.1,1.63,10.23,32106,0.71,0,1.178,8.33,-97.3,30.688,1.799,4.85,0
8/10/2021,20:20:00,0,Piney Point,0.9,2.59,54766.4,1.781,13.94,6.25,48847.2,101.2,101.2,6.35,2.583,32.17,49442.7,3.5,16.59,32138,0.6,0,1.183,8.33,-97.1,30.638,1.78,4.85,0
8/10/2021,20:30:00,0,Piney Point,0.54,1.14,54726.5,1.749,14.11,6.31,48811.1,94.9,94.9,5.95,2.536,32.14,49406.1,1.11,8.48,32114,0.62,0,1.178,8.32,-96.8,30.638,1.747,4.85,0
8/10/2021,20:40:00,0,Piney Point,0.88,2.52,54595.3,1.695,14.46,6.42,48702.7,96.8,96.8,6.07,2.457,32.06,49295.4,3.15,15.4,32042,0.54,0,1.183,8.32,-96.7,30.629,1.694,4.85,0
8/10/2021,20:50:00,0,Piney Point,0.5,0.95,54363.7,1.648,14.84,6.55,48542.3,98.8,98.8,6.21,2.389,31.94,49127.5,1.47,9.71,31933,0.39,0,1.178,8.33,-97.2,30.58,1.646,4.85,0
8/10/2021,21:00:00,0,Piney Point,0.49,0.93,54191.5,1.624,15.29,6.7,48420.5,101.8,101.8,6.4,2.354,31.85,49000.5,1.2,8.77,31850,0.36,0,1.183,8.33,-97.2,30.547,1.624,4.85,0
8/10/2021,21:10:00,0,Piney Point,0.62,1.47,54011.2,1.616,15.64,6.82,48285.6,102.7,102.7,6.47,2.343,31.75,48860.8,1.27,9.01,31760,0.41,0,1.178,8.33,-97.5,30.519,1.616,4.85,0
8/10/2021,21:20:00,0,Piney Point,0.6,1.38,53904.1,1.627,16.23,7.02,48209.8,101.3,101.3,6.38,2.358,31.69,48781.7,1.51,9.83,31708,0.29,0,1.183,8.33,-97,30.498,1.626,4.85,0
8/10/2021,21:30:00,0,Piney Point,0.31,0.18,53910.1,1.645,15.8,6.87,48217.7,98.6,98.6,6.21,2.385,31.69,48789.4,0.8,7.42,31713,0.29,0,1.178,8.32,-96.8,30.495,1.645,4.85,0
8/10/2021,21:40:00,0,Piney Point,0.33,0.27,53874.4,1.669,16.09,6.97,48198.9,101,101,6.37,2.419,31.68,48768.9,0.96,7.98,31700,0.33,0,1.183,8.33,-97.3,30.481,1.669,4.85,0
8/10/2021,21:50:00,0,Piney Point,0.37,0.43,53826,1.686,16.1,6.97,48182,103,103,6.49,2.443,31.67,48748.6,1.25,8.94,31687,0.33,0,1.178,8.34,-97.8,30.453,1.685,4.85,0
8/10/2021,22:00:00,0,Piney Point,0.59,1.33,53840.5,1.708,16.06,6.96,48215.6,103.4,103.4,6.52,2.476,31.69,48780.1,1.49,9.78,31707,0.36,0,1.183,8.33,-97.4,30.431,1.708,4.84,0
8/10/2021,22:10:00,0,Piney Point,0.46,0.81,53902.4,1.718,15.85,6.89,48283.3,105.7,105.7,6.67,2.491,31.74,48847.2,1.45,9.65,31751,0.28,0,1.178,8.34,-97.9,30.418,1.718,4.85,0
8/10/2021,22:20:00,0,Piney Point,0.43,0.7,53944.1,1.726,15.83,6.88,48323.1,104.9,104.9,6.61,2.502,31.77,48887.2,1.3,9.11,31777,0.24,0,1.183,8.34,-97.8,30.416,1.726,4.85,0
8/10/2021,22:30:00,0,Piney Point,0.55,1.18,53995.8,1.752,15.71,6.84,48378.1,105.5,105.5,6.65,2.539,31.81,48941.8,1.33,9.23,31812,0.32,0,1.179,8.34,-97.9,30.407,1.752,4.85,0
8/10/2021,22:40:00,0,Piney Point,0.46,0.81,54058.4,1.778,15.45,6.75,48448.3,105,105,6.62,2.578,31.86,49011.2,1.56,10.02,31857,0.32,0,1.183,8.34,-97.8,30.392,1.778,4.84,0
8/10/2021,22:50:00,0,Piney Point,0.61,1.44,54201.5,1.808,14.94,6.59,48588.6,104.5,104.5,6.59,2.621,31.96,49151.7,1.91,11.19,31949,0.48,0,1.177,8.34,-97.9,30.379,1.809,4.85,0
8/10/2021,23:00:00,0,Piney Point,0.66,1.63,54415.9,1.835,14.38,6.4,48772.7,105.1,105.1,6.62,2.661,32.1,49338.9,1.88,11.08,32070,0.36,0,1.183,8.35,-98.2,30.388,1.834,4.85,0
8/10/2021,23:10:00,0,Piney Point,0.63,1.52,54649.6,1.865,13.82,6.21,48983,105.8,105.8,6.66,2.705,32.25,49551.5,2.09,11.8,32208,0.58,0,1.179,8.35,-98.4,30.387,1.865,4.84,0
8/10/2021,23:20:00,0,Piney Point,0.76,2.03,54702.7,1.899,13.58,6.13,49041.1,106.2,106.2,6.68,2.753,32.3,49609,1.89,11.14,32246,0.48,0,1.183,8.35,-98.6,30.376,1.899,4.85,0
8/10/2021,23:30:00,0,Piney Point,0.75,1.98,54784.6,1.938,13.31,6.04,49111.8,106.3,106.3,6.69,2.811,32.35,49680.9,2.09,11.82,32293,0.66,0,1.178,8.35,-98.6,30.379,1.94,4.84,0
8/10/2021,23:40:00,0,Piney Point,0.86,2.45,54824,1.972,13.12,5.98,49155.5,105.1,105.1,6.61,2.86,32.38,49724.1,2.11,11.88,32321,0.64,0,1.183,8.35,-98.4,30.37,1.972,4.84,0
8/10/2021,23:50:00,0,Piney Point,0.96,2.84,54885.7,2.01,12.91,5.91,49220.6,105.1,105.1,6.61,2.915,32.43,49788.8,2.58,13.46,32363,0.53,0,1.178,8.35,-98.5,30.36,2.01,4.85,0
8/11/2021,0:00:00,0,Piney Point,0.94,2.74,54977.8,2.049,13,5.94,49297,104.6,104.6,6.58,2.972,32.49,49866.8,2.52,13.27,32413,0.69,0,1.184,8.35,-98.4,30.366,2.048,4.84,0
8/11/2021,0:10:00,0,Piney Point,1.38,4.53,55237.7,2.075,11.75,5.52,49513.6,104.2,104.2,6.54,3.01,32.65,50087.9,3.57,16.84,32557,1.06,0,1.177,8.35,-98.6,30.383,2.075,4.85,0
8/11/2021,0:20:00,0,Piney Point,1.22,3.87,55363.7,2.104,11.51,5.44,49608.5,103.8,103.8,6.52,3.052,32.72,50186,3.37,16.14,32621,0.81,0,1.183,8.36,-98.7,30.402,2.104,4.84,0
8/11/2021,0:30:00,0,Piney Point,1.45,4.83,55491.9,2.135,11.35,5.39,49707,104.2,104.2,6.54,3.096,32.79,50287.6,3.53,16.71,32687,1,0,1.179,8.35,-98.7,30.418,2.134,4.84,0
8/11/2021,0:40:00,0,Piney Point,1.4,4.61,55679,2.167,10.88,5.23,49876.3,104.9,104.9,6.57,3.143,32.92,50458.7,4.04,18.43,32798,0.61,0,1.183,8.36,-98.9,30.417,2.167,4.85,0
8/11/2021,0:50:00,0,Piney Point,1.39,4.59,55763.7,2.197,10.67,5.16,49951.1,104.9,104.9,6.57,3.187,32.97,50534.4,3.64,17.08,32847,0.7,0,1.178,8.36,-98.9,30.418,2.197,4.85,0
8/11/2021,1:00:00,0,Piney Point,1.5,5.02,55819.1,2.221,10.58,5.13,50006.3,107.9,107.9,6.76,3.223,33.01,50589.6,5.86,24.61,32883,0.75,0,1.183,8.37,-99.3,30.412,2.22,4.84,0
8/11/2021,1:10:00,0,Piney Point,1.38,4.55,55835.4,2.254,10.5,5.1,50027,106,106,6.64,3.27,33.03,50609.8,3.61,16.96,32896,0.61,0,1.179,8.36,-99,30.406,2.253,4.84,0
8/11/2021,1:20:00,0,Piney Point,1.53,5.17,55907.7,2.287,10.46,5.09,50095.5,105.2,105.2,6.59,3.318,33.08,50678.7,3.8,17.62,32941,0.72,0,1.183,8.35,-98.7,30.402,2.287,4.85,0
8/11/2021,1:30:00,0,Piney Point,1.5,5.04,56018.7,2.321,10.19,5,50175.8,104.3,104.3,6.53,3.367,33.14,50762.2,3.8,17.62,32995,0.83,0,1.178,8.35,-98.5,30.421,2.321,4.85,0
8/11/2021,1:40:00,0,Piney Point,1.85,6.46,56160.9,2.352,9.78,4.87,50300.4,104,104,6.5,3.413,33.23,50888.6,4.58,20.27,33078,1.65,0,1.183,8.35,-98.1,30.424,2.352,4.84,0
8/11/2021,1:50:00,0,Piney Point,2.16,7.71,56261,2.385,9.56,4.79,50401.4,103.4,103.4,6.47,3.462,33.31,50989.4,5.68,24,33143,1.11,0,1.179,8.34,-97.8,30.413,2.385,4.84,0
8/11/2021,2:00:00,0,Piney Point,1.25,4.02,56273.2,2.41,9.4,4.74,50417.1,99.8,99.8,6.24,3.497,33.32,51004.7,5.55,23.54,33153,0.89,0,1.183,8.33,-97.2,30.408,2.409,4.85,0
8/11/2021,2:10:00,0,Piney Point,2.36,8.52,56311.2,2.438,9.23,4.68,50462,100.7,100.7,6.3,3.537,33.35,51048.8,5.5,23.37,33182,2.22,0,1.178,8.33,-97.2,30.397,2.438,4.84,0
8/11/2021,2:20:00,0,Piney Point,1.95,6.84,56310,2.465,9.15,4.66,50468.7,101,101,6.31,3.577,33.36,51054.7,4.42,19.71,33186,1.05,0,1.176,8.33,-97.2,30.389,2.464,4.85,0
8/11/2021,2:30:00,0,Piney Point,1.37,4.48,56290.4,2.489,9.4,4.74,50460,100.5,100.5,6.29,3.611,33.35,51044.8,6.23,25.87,33179,0.63,0,1.184,8.33,-97.1,30.38,2.488,4.85,0
8/11/2021,2:40:00,0,Piney Point,1.22,3.91,56269.9,2.502,9.42,4.74,50449.1,100,100,6.25,3.631,33.34,51033,2.79,14.19,33171,2.45,0,1.184,8.33,-97.2,30.373,2.501,4.84,0
8/11/2021,2:50:00,0,Piney Point,1.22,3.9,56254.7,2.513,9.3,4.71,50441.2,100.1,100.1,6.26,3.646,33.33,51024.3,2.88,14.47,33166,0.78,0,1.18,8.34,-97.6,30.367,2.511,4.84,0
8/11/2021,3:00:00,0,Piney Point,1.42,4.7,56249,2.519,9.55,4.79,50439.2,98.5,98.5,6.16,3.655,33.33,51021.9,3.87,17.86,33164,0.8,0,1.178,8.33,-97.3,30.364,2.518,4.84,0
8/11/2021,3:10:00,0,Piney Point,1.4,4.63,56242.8,2.503,9.18,4.67,50433.9,95.3,95.3,5.96,3.632,33.33,51016.5,2.69,13.84,33161,0.57,0,1.179,8.32,-96.8,30.363,2.502,4.85,0
8/11/2021,3:20:00,0,Piney Point,1.67,5.72,56229.5,2.48,9.45,4.76,50431.1,95.6,95.6,5.99,3.599,33.33,51012.6,4.3,19.3,33158,0.6,0,1.191,8.33,-97,30.354,2.479,4.85,0
8/11/2021,3:30:00,0,Piney Point,1.76,6.08,56218,2.435,9.27,4.69,50430.2,93.6,93.6,5.86,3.534,33.33,51010.6,5.51,23.41,33157,0.45,0,1.182,8.32,-96.7,30.345,2.435,4.84,0
8/11/2021,3:40:00,0,Piney Point,1.06,3.26,56196.7,2.399,9.46,4.76,50429,96.8,96.8,6.06,3.482,33.32,51007.3,5.97,24.97,33155,0.66,0,1.185,8.33,-97,30.327,2.398,4.84,0
8/11/2021,3:50:00,0,Piney Point,1.59,5.38,56187,2.359,9.51,4.77,50431,94.6,94.6,5.93,3.423,33.32,51008,3.72,17.33,33155,1.5,0,1.172,8.32,-96.5,30.316,2.358,4.84,0
8/11/2021,4:00:00,0,Piney Point,1.17,3.68,56160.6,2.328,9.21,4.67,50416.7,92.2,92.2,5.77,3.379,33.31,50992.4,2.7,13.87,33145,1.32,0,1.184,8.31,-96,30.306,2.328,4.84,0
8/11/2021,4:10:00,0,Piney Point,1.1,3.41,56139.7,2.299,9.62,4.81,50401.4,91.9,91.9,5.76,3.336,33.3,50976.5,3.29,15.88,33135,1.12,0,1.18,8.31,-96.1,30.303,2.299,4.84,0
8/11/2021,4:20:00,0,Piney Point,1.77,6.12,56088.8,2.289,9.7,4.84,50366.9,91.4,91.4,5.73,3.322,33.28,50940.4,3.29,15.87,33111,2.25,0,1.183,8.31,-96.1,30.292,2.288,4.84,0
8/11/2021,4:30:00,0,Piney Point,1.02,3.09,56032.9,2.283,9.98,4.93,50333.6,92.4,92.4,5.79,3.314,33.25,50904.7,2.73,13.99,33088,0.71,0,1.191,8.32,-96.3,30.274,2.282,4.84,0
8/11/2021,4:40:00,0,Piney Point,0.79,2.16,56029.2,2.274,9.91,4.91,50332.7,88.4,88.4,5.54,3.3,33.25,50903.5,2.7,13.88,33087,0.74,0,1.181,8.3,-95.6,30.272,2.274,4.84,0
8/11/2021,4:50:00,0,Piney Point,0.63,1.5,56034.1,2.277,9.92,4.91,50337.8,85.8,85.8,5.38,3.304,33.25,50908.5,1.82,10.89,33091,1.18,0,1.184,8.3,-95.3,30.271,2.275,4.84,0
8/11/2021,5:00:00,0,Piney Point,0.47,0.86,56054.4,2.257,10.19,5,50349,75.6,75.6,4.74,3.276,33.26,50920.7,1.97,11.39,33098,0.69,0,1.181,8.27,-93.3,30.278,2.258,4.84,0
8/11/2021,5:10:00,0,Piney Point,0.74,1.94,56022.1,2.22,9.94,4.92,50328.5,75.3,75.3,4.72,3.221,33.25,50899,2.38,12.8,33084,0.73,0,1.179,8.27,-93.4,30.27,2.218,4.84,0
8/11/2021,5:20:00,0,Piney Point,0.67,1.68,55948.6,2.185,10.19,5,50285,74.3,74.3,4.66,3.171,33.21,50852.3,1.94,11.28,33054,0.6,0,1.177,8.26,-93.1,30.247,2.185,4.84,0
8/11/2021,5:30:00,0,Piney Point,0.59,1.33,55949.3,2.155,10.37,5.06,50289.7,71,71,4.45,3.128,33.22,50856.6,1.48,9.75,33057,0.79,0,1.191,8.25,-92.3,30.243,2.155,4.84,0
8/11/2021,5:40:00,0,Piney Point,0.48,0.88,55905.6,2.155,10.67,5.16,50267.1,68.9,68.9,4.32,3.127,33.2,50831.8,1.34,9.28,33041,0.59,0,1.183,8.24,-91.9,30.226,2.155,4.84,0
8/11/2021,5:50:00,0,Piney Point,0.69,1.72,55839.2,2.155,10.89,5.23,50218.9,71.9,71.9,4.51,3.127,33.16,50781.6,3.18,15.5,33008,0.52,0,1.179,8.26,-93,30.214,2.154,4.84,0
8/11/2021,6:00:00,0,Piney Point,0.61,1.41,55892.8,2.133,10.6,5.14,50257.8,60.6,60.6,3.8,3.095,33.19,50822.1,1.5,9.79,33034,0.66,0,1.173,8.21,-89.8,30.224,2.13,4.85,0
8/11/2021,6:10:00,0,Piney Point,0.4,0.57,55891,2.111,10.5,5.11,50257.1,56.3,56.3,3.53,3.063,33.19,50821.3,1.41,9.48,33034,0.48,0,1.178,8.2,-89.6,30.223,2.11,4.84,0
8/11/2021,6:20:00,0,Piney Point,0.53,1.08,55725.5,2.083,11.2,5.34,50135.5,59.4,59.4,3.73,3.022,33.1,50695.1,1.62,10.22,32952,0.55,0,1.184,8.23,-91.2,30.195,2.082,4.84,0
8/11/2021,6:30:00,0,Piney Point,1.21,3.84,55539,2.059,11.05,5.29,50034.2,60.5,60.5,3.81,2.987,33.02,50584.9,1.95,11.34,32880,0.99,0,1.179,8.22,-90.4,30.128,2.058,4.84,0
8/11/2021,6:40:00,0,Piney Point,0.52,1.06,55417,2.044,11.6,5.47,49958.8,61.1,61.1,3.85,2.966,32.96,50504.6,1.68,10.42,32828,0.58,0,1.188,8.22,-90.7,30.092,2.043,4.84,0
8/11/2021,6:50:00,0,Piney Point,0.52,1.06,55287.3,2.035,11.86,5.56,49885.9,61,61,3.85,2.953,32.91,50425.7,1.62,10.21,32777,0.61,0,1.18,8.22,-90.5,30.048,2.034,4.85,0
8/11/2021,7:00:00,0,Piney Point,0.49,0.94,55393.4,2.025,11.7,5.5,49968.2,54.6,54.6,3.44,2.938,32.97,50510.6,1.48,9.72,32832,0.69,0,1.172,8.2,-89.4,30.061,2.025,4.84,0
8/11/2021,7:10:00,0,Piney Point,0.84,2.34,55212.5,2.001,11.67,5.49,49840,57.1,57.1,3.6,2.903,32.87,50376.9,1.7,10.5,32745,0.45,0,1.179,8.2,-89.6,30.026,2,4.84,0
8/11/2021,7:20:00,0,Piney Point,1.13,3.54,55007.2,1.968,12.42,5.75,49713.1,58.5,58.5,3.7,2.855,32.77,50241.8,1.84,10.96,32657,0.93,0,1.178,8.22,-90.2,29.966,1.967,4.84,0
8/11/2021,7:30:00,0,Piney Point,0.93,2.72,54903,1.935,12.56,5.79,49644.9,58,58,3.67,2.807,32.72,50169.8,4.33,19.41,32610,0.91,0,1.174,8.21,-90.2,29.939,1.934,4.84,0
8/11/2021,7:40:00,0,Piney Point,0.56,1.23,54773.9,1.912,12.61,5.81,49568.3,60.8,60.8,3.85,2.774,32.66,50087.7,2.05,11.67,32557,0.91,0,1.182,8.22,-90.6,29.898,1.912,4.85,0
8/11/2021,7:50:00,0,Piney Point,0.47,0.85,54659.8,1.901,12.8,5.87,49494.6,62.1,62.1,3.93,2.758,32.61,50009.8,1.29,9.1,32506,0.73,0,1.178,8.24,-91.4,29.868,1.901,4.84,0
8/11/2021,8:00:00,0,Piney Point,0.35,0.37,54833.3,1.91,12.9,5.91,49648.7,60.2,60.2,3.81,2.771,32.72,50165.9,1.05,8.27,32608,0.71,0,1.179,8.21,-89.6,29.871,1.909,4.84,0
8/11/2021,8:10:00,0,Piney Point,0.27,0.02,54685.6,1.919,12.91,5.91,49515,57.8,57.8,3.66,2.784,32.62,50030.8,0.89,7.72,32520,0.92,0,1.178,8.2,-89.3,29.871,1.918,4.84,0
8/11/2021,8:20:00,0,Piney Point,0.37,0.44,54777.4,1.916,12.52,5.78,49589.2,55.4,55.4,3.51,2.78,32.68,50106.8,1.17,8.69,32569,0.87,0,1.176,8.19,-88.5,29.88,1.917,4.84,0
8/11/2021,8:30:00,0,Piney Point,0.33,0.3,54636.4,1.912,12.44,5.75,49464,53.8,53.8,3.4,2.774,32.58,49980,0.94,7.88,32487,1.37,0,1.174,8.19,-88.6,29.878,1.911,4.84,0
8/11/2021,8:40:00,0,Piney Point,0.32,0.23,54774.1,1.91,13.43,6.08,49556.5,54.7,54.7,3.46,2.771,32.66,50077.2,1.31,9.15,32550,0.52,0,1.172,8.19,-88.7,29.911,1.91,4.84,0
8/11/2021,8:50:00,0,Piney Point,0.22,-0.15,54761.2,1.91,13.09,5.97,49538.2,55.4,55.4,3.5,2.771,32.64,50059.5,0.88,7.68,32539,0.27,0,1.182,8.21,-89.7,29.917,1.91,4.84,0
8/11/2021,9:00:00,0,Piney Point,0.31,0.19,54780.3,1.914,12.46,5.76,49536.7,53.2,53.2,3.36,2.777,32.64,50060.1,0.97,7.99,32539,0.44,0,1.189,8.2,-89,29.937,1.914,4.84,0
8/11/2021,9:10:00,0,Piney Point,0.29,0.12,54704.9,1.934,13.78,6.2,49475.7,58.8,58.8,3.72,2.805,32.6,49997.6,1.03,8.2,32498,0.56,0,1.178,8.21,-89.8,29.929,1.934,4.84,0
8/11/2021,9:20:00,0,Piney Point,0.33,0.3,54823.5,1.961,13.51,6.11,49547.4,55.4,55.4,3.5,2.844,32.65,50074.3,1.04,8.24,32548,0.62,0,1.181,8.2,-89,29.966,1.96,4.84,0
8/11/2021,9:30:00,0,Piney Point,0.48,0.87,54740.7,1.982,13.73,6.18,49493.1,59.7,59.7,3.77,2.875,32.61,50016.9,1.15,8.63,32511,1.79,0,1.18,8.21,-89.9,29.945,1.982,4.84,0
8/11/2021,9:40:00,0,Piney Point,0.42,0.64,54662.2,1.998,13.55,6.12,49422.6,64.4,64.4,4.08,2.899,32.56,49945.7,1.16,8.63,32465,0.51,0,1.188,8.24,-91.5,29.944,1.998,4.84,0
8/11/2021,9:50:00,0,Piney Point,0.25,-0.03,54610.6,2.01,14.37,6.39,49385.3,71.3,71.3,4.51,2.916,32.53,49906.9,0.85,7.59,32439,0.45,0,1.182,8.25,-92.4,29.935,2.011,4.84,0
8/11/2021,10:00:00,0,Piney Point,0.38,0.48,54582.9,2.028,15.26,6.69,49349.1,75.4,75.4,4.77,2.941,32.5,49871.6,1.14,8.58,32417,0.49,0,1.191,8.25,-92.2,29.946,2.028,4.84,0
8/11/2021,10:10:00,0,Piney Point,0.6,1.4,54364.1,2.053,16.09,6.97,49249,85.4,85.4,5.42,2.977,32.42,49759.1,1.38,9.38,32343,0.42,0,1.184,8.3,-95,29.845,2.052,4.84,0
8/11/2021,10:20:00,0,Piney Point,0.72,1.86,54469.6,2.086,13.71,6.18,49334.1,89.6,89.6,5.68,3.025,32.49,49846.3,1.47,9.68,32400,0.48,0,1.177,8.3,-95.5,29.856,2.085,4.84,0
8/11/2021,10:30:00,0,Piney Point,0.6,1.38,54606.7,2.12,13.15,5.99,49430.6,91.1,91.1,5.77,3.076,32.56,49947,1.35,9.28,32466,0.59,0,1.177,8.31,-95.7,29.885,2.119,4.84,0
8/11/2021,10:40:00,0,Piney Point,0.51,1.03,54699.6,2.159,13.23,6.02,49476.4,93.9,93.9,5.94,3.132,32.6,49997.7,1.48,9.74,32499,0.66,0,1.178,8.31,-96.1,29.924,2.157,4.84,0
8/11/2021,10:50:00,0,Piney Point,0.84,2.34,54988.8,2.191,12,5.61,49684,94.8,94.8,5.99,3.178,32.75,50213.8,2.52,13.25,32639,0.82,0,1.181,8.32,-96.3,29.979,2.192,4.84,0
8/11/2021,11:00:00,0,Piney Point,0.8,2.18,55205.8,2.222,11.46,5.43,49829.8,96.4,96.4,6.08,3.225,32.86,50367,2.38,12.78,32739,0.77,0,1.183,8.32,-96.5,30.03,2.223,4.84,0
8/11/2021,11:10:00,0,Piney Point,1.14,3.58,55455.2,2.261,12.6,5.81,49993.9,99.1,99.1,6.24,3.281,32.99,50540,2.49,13.17,32851,0.89,0,1.184,8.33,-97,30.092,2.261,4.84,0
8/11/2021,11:20:00,0,Piney Point,1.59,5.39,55689.9,2.298,11.2,5.34,50114.3,100,100,6.29,3.334,33.08,50672.4,6.04,25.23,32937,1.06,0,1.189,8.33,-97.1,30.184,2.298,4.84,0
8/11/2021,11:30:00,0,Piney Point,0.85,2.41,55862.9,2.333,11.28,5.37,50196.7,101.2,101.2,6.35,3.385,33.15,50764.3,1.94,11.31,32997,0.86,0,1.179,8.33,-97.2,30.258,2.333,4.84,0
8/11/2021,11:40:00,0,Piney Point,1.06,3.23,56047.1,2.368,11.16,5.32,50309.2,101.7,101.7,6.37,3.436,33.23,50884.3,2.86,14.42,33075,0.99,0,1.174,8.33,-97.1,30.312,2.368,4.84,0
8/11/2021,11:50:00,0,Piney Point,0.87,2.45,56218.3,2.398,9.33,4.71,50411.5,102.7,102.7,6.43,3.481,33.31,50993.9,2.34,12.66,33146,0.78,0,1.18,8.33,-97.1,30.364,2.4,4.84,0
8/11/2021,12:00:00,0,Piney Point,1.23,3.92,56313.3,2.429,9.12,4.65,50449.8,103.3,103.3,6.46,3.525,33.34,51038.2,3.07,15.12,33175,1.18,0,1.185,8.33,-97.3,30.411,2.429,4.84,0
8/11/2021,12:10:00,0,Piney Point,0.97,2.86,56369,2.454,10.74,5.19,50464.7,103.9,103.9,6.49,3.561,33.36,51057.4,2.33,12.62,33187,0.92,0,1.179,8.33,-97.3,30.447,2.455,4.84,0
8/11/2021,12:20:00,0,Piney Point,1.47,4.9,56425.5,2.482,9.84,4.89,50477.5,105.4,105.4,6.58,3.602,33.37,51074.9,2.94,14.7,33199,0.89,0,1.188,8.34,-97.6,30.485,2.482,4.84,0
8/11/2021,12:30:00,0,Piney Point,1.34,4.4,56530,2.508,10.74,5.19,50530.2,104.7,104.7,6.53,3.64,33.41,51133,3.31,15.96,33236,1.05,0,1.182,8.33,-97.4,30.526,2.509,4.84,0
8/11/2021,12:40:00,0,Piney Point,1.05,3.21,56626.8,2.526,10.39,5.07,50573.8,105.8,105.8,6.6,3.666,33.44,51182.2,2.47,13.11,33268,1.03,0,1.175,8.33,-97.1,30.569,2.525,4.84,0
8/11/2021,12:50:00,0,Piney Point,1.08,3.32,56764.7,2.548,8.18,4.33,50635.3,106,106,6.6,3.698,33.49,51251.9,2.98,14.82,33314,2.21,0,1.171,8.33,-97,30.632,2.547,4.84,0
8/11/2021,13:00:00,0,Piney Point,1.14,3.57,56819.6,2.564,8.04,4.29,50655.4,106.6,106.6,6.63,3.721,33.51,51275.6,2.79,14.18,33329,1.21,0,1.181,8.33,-97,30.661,2.563,4.84,0
8/11/2021,13:10:00,0,Piney Point,1.25,4.01,56849.8,2.578,10.02,4.94,50663.2,106.7,106.7,6.64,3.742,33.52,51285.8,2.55,13.37,33336,0.81,0,1.186,8.33,-97,30.68,2.578,4.84,0
8/11/2021,13:20:00,0,Piney Point,0.87,2.47,56885.2,2.6,8.07,4.3,50667.4,107.7,107.7,6.69,3.773,33.52,51293.4,2.15,12.01,33341,0.97,0,1.189,8.33,-97.2,30.708,2.599,4.84,0
8/11/2021,13:30:00,0,Piney Point,1.66,5.66,56911.9,2.611,8.94,4.58,50671.4,108.8,108.8,6.76,3.789,33.52,51299.7,1.95,11.33,33345,1.49,0,1.18,8.33,-97.2,30.728,2.611,4.85,0
8/11/2021,13:40:00,0,Piney Point,1.04,3.18,56925.6,2.626,8.4,4.41,50666.2,110.5,110.5,6.87,3.811,33.52,51296.6,2.43,12.97,33343,0.98,0,1.173,8.33,-97.3,30.745,2.622,4.84,0
8/11/2021,13:50:00,0,Piney Point,1.13,3.53,56951.2,2.631,9.27,4.7,50660.2,107.7,107.7,6.69,3.819,33.52,51293.9,2.71,13.9,33341,1.04,0,1.184,8.33,-97,30.774,2.632,4.84,0
8/11/2021,14:00:00,0,Piney Point,0.99,2.97,56986.6,2.633,8.84,4.55,50658.6,105.5,105.5,6.55,3.821,33.52,51296.3,2.46,13.06,33343,1.36,0,1.18,8.32,-96.6,30.808,2.632,4.85,0
8/11/2021,14:10:00,0,Piney Point,1.04,3.18,57008.2,2.629,8.79,4.54,50652,105.7,105.7,6.56,3.815,33.52,51292.8,1.83,10.94,33340,0.68,0,1.176,8.33,-97.4,30.834,2.628,4.84,0
8/11/2021,14:20:00,0,Piney Point,0.77,2.08,57033.5,2.615,7.64,4.15,50648.9,110.3,110.3,6.84,3.795,33.51,51292.7,1.71,10.5,33340,1.49,0,1.182,8.34,-97.6,30.86,2.614,4.84,0
8/11/2021,14:30:00,0,Piney Point,1.15,3.61,57070.5,2.606,8.04,4.28,50642.8,120,120,7.44,3.782,33.51,51291.2,1.94,11.29,33339,0.78,0,1.187,8.36,-99.4,30.899,2.605,4.84,0
8/11/2021,14:40:00,0,Piney Point,0.82,2.29,57088.5,2.595,7.9,4.24,50636.4,118.7,118.7,7.35,3.766,33.51,51287.4,1.89,11.13,33337,0.55,0,1.176,8.36,-98.9,30.922,2.593,4.85,0
8/11/2021,14:50:00,0,Piney Point,1.14,3.58,57117.1,2.593,7.96,4.26,50635.2,122.8,122.8,7.61,3.763,33.51,51289.4,2.89,14.52,33338,0.77,0,1.182,8.37,-99.7,30.949,2.592,4.84,0
8/11/2021,15:00:00,0,Piney Point,1.15,3.59,57149.5,2.573,7.91,4.24,50632.3,123.3,123.3,7.63,3.733,33.51,51290.3,1.93,11.25,33339,0.91,0,1.175,8.38,-100.1,30.981,2.569,4.84,0
8/11/2021,15:10:00,0,Piney Point,0.91,2.65,57181.7,2.552,8.09,4.3,50626.2,128.5,128.5,7.95,3.704,33.51,51288.3,3.93,18.06,33337,0.59,0,1.179,8.38,-100.4,31.016,2.552,4.84,0
8/11/2021,15:20:00,0,Piney Point,0.68,1.7,57223.9,2.543,8.25,4.36,50624.2,134.3,134.3,8.3,3.69,33.51,51291,1.75,10.64,33339,0.78,0,1.191,8.39,-101.2,31.056,2.543,4.84,0
8/11/2021,15:30:00,0,Piney Point,0.63,1.49,57254.4,2.524,8.17,4.33,50616.1,136.5,136.5,8.44,3.662,33.5,51287.1,2.02,11.56,33337,0.82,0,1.174,8.4,-101.5,31.092,2.523,4.84,0
8/11/2021,15:40:00,0,Piney Point,0.53,1.08,57282.2,2.514,8.35,4.39,50615.6,139.3,139.3,8.6,3.647,33.5,51289.6,1.23,8.89,33338,0.54,0,1.183,8.4,-101.7,31.117,2.512,4.84,0
8/11/2021,15:50:00,0,Piney Point,0.75,1.99,57312.7,2.499,8.52,4.44,50614.1,138.1,138.1,8.53,3.626,33.5,51291.6,1.81,10.86,33340,0.72,0,1.179,8.4,-101.6,31.146,2.494,4.84,0
8/11/2021,16:00:00,0,Piney Point,0.82,2.27,57342.5,2.497,8.4,4.41,50608,141.1,141.1,8.71,3.623,33.5,51289.4,1.48,9.73,33338,0.58,0,1.183,8.41,-102.1,31.179,2.496,4.84,0
8/11/2021,16:10:00,0,Piney Point,0.63,1.49,57359.7,2.48,8.34,4.38,50606,140,140,8.64,3.598,33.5,51289.4,1.7,10.49,33338,0.69,0,1.177,8.4,-101.8,31.197,2.477,4.84,0
8/11/2021,16:20:00,0,Piney Point,0.65,1.58,57387.6,2.461,8.52,4.45,50604.4,146.1,146.1,9.01,3.57,33.5,51290.9,0.96,7.96,33339,0.9,0,1.183,8.42,-102.9,31.223,2.461,4.84,0
8/11/2021,16:30:00,0,Piney Point,0.7,1.78,57418,2.442,8.53,4.45,50601.7,148.1,148.1,9.13,3.544,33.5,51291.9,1.6,10.13,33340,0.61,0,1.178,8.43,-103.2,31.253,2.443,4.84,0
8/11/2021,16:40:00,0,Piney Point,0.51,1.02,57433.8,2.423,8.58,4.46,50597.8,149.1,149.1,9.19,3.516,33.5,51290.1,1.34,9.25,33339,0.95,0,1.183,8.43,-103.2,31.271,2.424,4.84,0
8/11/2021,16:50:00,0,Piney Point,0.54,1.13,57455.6,2.394,8.92,4.58,50596.3,151.6,151.6,9.34,3.474,33.5,51291.1,1.32,9.18,33339,0.85,0,1.178,8.43,-103.5,31.292,2.39,4.84,0
8/11/2021,17:00:00,0,Piney Point,0.58,1.31,57475.4,2.365,9.03,4.62,50589.6,154.7,154.7,9.53,3.431,33.49,51287.3,1.39,9.42,33337,0.83,0,1.183,8.44,-104,31.317,2.368,4.84,0
8/11/2021,17:10:00,0,Piney Point,0.54,1.14,57494.5,2.334,8.95,4.59,50579.4,154.7,154.7,9.52,3.387,33.49,51280.2,1.37,9.36,33332,1.19,0,1.179,8.44,-104.1,31.345,2.336,4.84,0
8/11/2021,17:20:00,0,Piney Point,0.58,1.28,57507.9,2.293,9.36,4.73,50575.5,156.1,156.1,9.61,3.327,33.49,51278.2,2.73,13.99,33331,0.87,0,1.183,8.44,-104.1,31.361,2.292,4.84,0
8/11/2021,17:30:00,0,Piney Point,0.66,1.6,57507.1,2.263,9.22,4.68,50553.7,153.6,153.6,9.45,3.283,33.47,51258.7,1.48,9.74,33318,1,0,1.178,8.44,-103.9,31.382,2.262,4.84,0
8/11/2021,17:40:00,0,Piney Point,0.56,1.2,57512.1,2.232,9.27,4.69,50537.9,153.4,153.4,9.44,3.238,33.46,51245.1,1.27,9.01,33309,0.62,0,1.183,8.44,-104,31.403,2.231,4.84,0
8/11/2021,17:50:00,0,Piney Point,0.54,1.13,57519.2,2.202,9.49,4.77,50530.9,156.2,156.2,9.6,3.195,33.46,51239.7,0.38,6,33306,0.69,0,1.178,8.44,-104.1,31.416,2.2,4.84,0
8/11/2021,18:00:00,0,Piney Point,0.46,0.82,57527.8,2.17,9.62,4.81,50529.1,157.6,157.6,9.69,3.148,33.46,51238.9,0.96,7.96,33305,0.76,0,1.183,8.44,-104.3,31.426,2.171,4.84,0
8/11/2021,18:10:00,0,Piney Point,0.6,1.36,57505.7,2.133,10.25,5.02,50507.8,154.9,154.9,9.52,3.094,33.44,51217.6,0.91,7.79,33291,1.27,0,1.179,8.44,-103.8,31.428,2.134,4.84,0
8/11/2021,18:20:00,0,Piney Point,0.32,0.26,57509.1,2.1,10.04,4.95,50502.3,153.9,153.9,9.47,3.046,33.44,51213,1.14,8.57,33288,0.71,0,1.183,8.44,-103.8,31.437,2.097,4.84,0
8/11/2021,18:30:00,0,Piney Point,0.35,0.37,57485.9,2.074,9.93,4.92,50473.1,152.3,152.3,9.36,3.009,33.41,51184.5,1.05,8.28,33270,0.97,0,1.178,8.43,-103.4,31.446,2.073,4.84,0
8/11/2021,18:40:00,0,Piney Point,0.33,0.3,57421.9,2.043,10.1,4.97,50409.5,150,150,9.23,2.963,33.37,51120.9,0.91,7.81,33229,0.7,0,1.184,8.43,-103.5,31.453,2.042,4.84,0
8/11/2021,18:50:00,0,Piney Point,0.42,0.66,57331.1,2.007,10.9,5.24,50324.9,145.3,145.3,8.94,2.912,33.3,51035.7,0.96,7.97,33173,1.28,0,1.178,8.42,-103,31.458,2.008,4.84,0
8/11/2021,19:00:00,0,Piney Point,0.31,0.21,57208.2,1.99,10.69,5.17,50210.9,143.5,143.5,8.83,2.887,33.22,50920.9,0.83,7.51,33099,0.74,0,1.183,8.42,-103,31.464,1.989,4.84,0
8/11/2021,19:10:00,0,Piney Point,1.15,3.61,56631.4,1.948,11.11,5.31,49769.7,139.8,139.8,8.63,2.825,32.89,50465.5,2.57,13.42,32803,4.15,0,1.178,8.42,-103.1,31.397,1.95,4.84,0
8/11/2021,19:20:00,0,Piney Point,0.95,2.78,56320.1,1.921,11.6,5.47,49560.7,140.5,140.5,8.69,2.785,32.73,50245.6,3.01,14.93,32660,2.69,0,1.183,8.44,-103.8,31.33,1.923,4.84,0
8/11/2021,19:30:00,0,Piney Point,1.01,3.04,56108.7,1.886,11.76,5.53,49439.8,142.5,142.5,8.83,2.734,32.64,50115.1,2.56,13.38,32575,6.53,0,1.178,8.44,-104.2,31.262,1.89,4.84,0
8/11/2021,19:40:00,0,Piney Point,0.75,1.99,55991.3,1.861,12.12,5.65,49357,141.5,141.5,8.77,2.699,32.57,50028.6,1.67,10.38,32519,1.13,0,1.184,8.44,-104.3,31.24,1.861,4.84,0
8/11/2021,19:50:00,0,Piney Point,0.85,2.4,55889.9,1.827,12.41,5.74,49274.5,139.3,139.3,8.64,2.649,32.51,49944.2,2.11,11.87,32464,1.48,0,1.178,8.44,-103.9,31.233,1.826,4.84,0
8/11/2021,20:00:00,0,Piney Point,0.89,2.54,55863.3,1.818,12.43,5.75,49253.9,136.6,136.6,8.47,2.635,32.5,49922.9,2.06,11.7,32450,0.61,0,1.183,8.43,-103.5,31.23,1.818,4.84,0
8/11/2021,20:10:00,0,Piney Point,0.54,1.11,55861.4,1.795,12.37,5.73,49253.3,130.5,130.5,8.09,2.602,32.5,49922.2,1.26,9,32449,0.74,0,1.178,8.42,-102.7,31.229,1.793,4.84,0
8/11/2021,20:20:00,0,Piney Point,0.44,0.71,55844.5,1.778,12.29,5.7,49240.4,127.6,127.6,7.91,2.578,32.49,49908.8,1.07,8.36,32441,1.41,0,1.183,8.41,-102.3,31.227,1.778,4.84,0
8/11/2021,20:30:00,0,Piney Point,0.29,0.11,55794.2,1.753,12.73,5.85,49204.7,120.3,120.3,7.46,2.542,32.46,49871.6,0.78,7.36,32417,1.03,0,1.178,8.39,-101.3,31.218,1.752,4.84,0
8/11/2021,20:40:00,0,Piney Point,0.33,0.27,55738.8,1.73,12.68,5.83,49166.6,120,120,7.44,2.508,32.43,49831.7,0.93,7.88,32391,0.88,0,1.184,8.39,-101.1,31.206,1.729,4.84,0
8/11/2021,20:50:00,0,Piney Point,0.32,0.25,55702.1,1.712,12.9,5.91,49147.1,117.9,117.9,7.32,2.482,32.42,49810.4,0.87,7.65,32377,1.23,0,1.178,8.39,-100.8,31.193,1.712,4.84,0
8/11/2021,21:00:00,0,Piney Point,0.3,0.16,55571.9,1.731,13.41,6.08,49048.8,122.3,122.3,7.59,2.509,32.34,49708.8,0.73,7.2,32311,0.21,0,1.184,8.4,-101.4,31.175,1.731,4.84,0
8/11/2021,21:10:00,0,Piney Point,0.28,0.1,55620.4,1.747,13.34,6.05,49096.7,115,115,7.14,2.533,32.38,49756.6,0.71,7.11,32342,0.7,0,1.178,8.38,-100.1,31.17,1.746,4.84,0
8/11/2021,21:20:00,0,Piney Point,0.13,-0.51,55614.6,1.733,13.41,6.07,49101.9,104.6,104.6,6.5,2.513,32.38,49760.7,0.45,6.23,32344,0.28,0,1.183,8.35,-98.6,31.159,1.733,4.84,0
8/11/2021,21:30:00,0,Piney Point,0.2,-0.25,55526.6,1.705,13.23,6.01,49040.8,103.8,103.8,6.45,2.472,32.33,49696.7,0.56,6.61,32303,0.44,0,1.178,8.36,-98.9,31.142,1.704,4.84,0
8/11/2021,21:40:00,0,Piney Point,0.33,0.29,55447.6,1.677,13.42,6.08,48994.4,109.8,109.8,6.83,2.431,32.3,49646.9,0.83,7.53,32270,0.32,0,1.183,8.37,-99.6,31.117,1.675,4.84,0
8/11/2021,21:50:00,0,Piney Point,0.24,-0.08,55391.3,1.664,13.92,6.25,48954.4,113.2,113.2,7.04,2.413,32.27,49605.1,0.8,7.43,32243,0.39,0,1.178,8.38,-100.3,31.107,1.663,4.84,0
8/11/2021,22:00:00,0,Piney Point,0.28,0.08,55454.1,1.658,13.77,6.2,49007.3,100.9,100.9,6.28,2.403,32.31,49659.1,0.74,7.22,32278,0.18,0,1.183,8.34,-97.8,31.11,1.657,4.84,0
8/11/2021,22:10:00,0,Piney Point,0.22,-0.18,55451,1.65,13.93,6.25,49014.4,100.7,100.7,6.26,2.391,32.31,49665.1,0.7,7.08,32282,0.32,0,1.179,8.32,-96.9,31.099,1.649,4.84,0
8/11/2021,22:20:00,0,Piney Point,0.23,-0.13,55399.8,1.663,14.19,6.33,48975.1,97.8,97.8,6.08,2.411,32.28,49624.5,0.66,6.94,32256,0.11,0,1.183,8.32,-97.1,31.093,1.662,4.84,0
8/11/2021,22:30:00,0,Piney Point,0.25,-0.05,55334.4,1.703,14.45,6.42,48953.2,92.9,92.9,5.78,2.469,32.27,49598,0.71,7.13,32239,0.85,0,1.179,8.31,-96.1,31.055,1.702,4.84,0
8/11/2021,22:40:00,0,Piney Point,0.49,0.92,54887.3,1.742,14.69,6.5,48659,117.6,117.6,7.34,2.525,32.04,49287.6,0.62,6.81,32037,0.18,0,1.183,8.4,-101.4,30.948,1.741,4.84,0
8/11/2021,22:50:00,0,Piney Point,0.53,1.09,54913,1.769,14.54,6.45,48734,126.8,126.8,7.92,2.565,32.1,49357.2,1.23,8.89,32082,0.36,0,1.178,8.41,-102.1,30.893,1.768,4.84,0
8/11/2021,23:00:00,0,Piney Point,0.46,0.81,55017.5,1.799,14.19,6.34,48838,127.1,127.1,7.94,2.608,32.17,49461.2,1.18,8.71,32150,0.28,0,1.183,8.41,-102.2,30.881,1.798,4.84,0
8/11/2021,23:10:00,0,Piney Point,0.49,0.95,55090.4,1.82,14.01,6.28,48921.2,126.7,126.7,7.91,2.639,32.23,49543.3,1.27,9.03,32203,0.38,0,1.178,8.41,-102.1,30.862,1.82,4.84,0
8/11/2021,23:20:00,0,Piney Point,0.6,1.39,55181.4,1.859,13.73,6.18,49026.7,126.1,126.1,7.88,2.695,32.31,49647.2,1.69,10.43,32271,0.26,0,1.183,8.41,-102.1,30.836,1.858,4.84,0
8/11/2021,23:30:00,0,Piney Point,0.86,2.44,55353.7,1.889,13.15,5.99,49205.6,125.8,125.8,7.85,2.739,32.44,49825.2,1.88,11.08,32386,0.43,0,1.178,8.41,-102,30.809,1.888,4.84,0
8/11/2021,23:40:00,0,Piney Point,0.8,2.17,55502.5,1.927,12.52,5.78,49350.5,124.4,124.4,7.76,2.794,32.55,49970.5,2.05,11.67,32481,0.46,0,1.183,8.4,-101.6,30.796,1.925,4.84,0
8/11/2021,23:50:00,0,Piney Point,1.2,3.8,55647.9,1.958,12.26,5.69,49481.6,123.2,123.2,7.69,2.839,32.64,50102.9,2.78,14.14,32567,0.71,0,1.178,8.4,-101.5,30.794,1.957,4.84,0
8/12/2021,0:00:00,0,Piney Point,1.17,3.7,55701.2,1.985,12.19,5.67,49520.6,122.2,122.2,7.62,2.879,32.67,50143.4,2.88,14.5,32593,0.48,0,1.183,8.4,-101.3,30.803,1.983,4.84,0
8/12/2021,0:10:00,0,Piney Point,1.09,3.38,55816.8,2.021,11.87,5.56,49631.1,121.7,121.7,7.59,2.931,32.75,50254.4,2.9,14.55,32665,0.54,0,1.179,8.4,-101.3,30.795,2.02,4.84,0
8/12/2021,0:20:00,0,Piney Point,1.65,5.62,56013.8,2.053,11.25,5.36,49811.7,120,120,7.47,2.978,32.89,50436.6,4.02,18.34,32784,0.75,0,1.183,8.4,-101.2,30.79,2.053,4.84,0
8/12/2021,0:30:00,0,Piney Point,2.1,7.47,56158.9,2.09,10.82,5.21,49962.2,119.2,119.2,7.43,3.032,33,50586.4,6.25,25.91,32881,1.07,0,1.178,8.39,-101.1,30.767,2.088,4.84,0
8/12/2021,0:40:00,0,Piney Point,2.07,7.34,56235.3,2.123,10.69,5.17,50038.2,118.2,118.2,7.36,3.079,33.06,50662.4,5.28,22.62,32931,0.83,0,1.183,8.39,-101,30.759,2.122,4.84,0
8/12/2021,0:50:00,0,Piney Point,2.81,10.34,56352.9,2.167,10.3,5.04,50138.7,119.5,119.5,7.44,3.144,33.13,50764.7,5.97,24.99,32997,0.87,0,1.191,8.39,-101.1,30.763,2.166,4.84,0
8/12/2021,1:00:00,0,Piney Point,1.9,6.64,56437.9,2.203,10.05,4.95,50222,121.3,121.3,7.55,3.197,33.19,50848.1,4.17,18.88,33051,1.03,0,1.177,8.4,-101.4,30.756,2.203,4.84,0
8/12/2021,1:10:00,0,Piney Point,1.58,5.36,56466.3,2.241,9.91,4.91,50255.3,121.2,121.2,7.54,3.251,33.22,50880.8,4.19,18.94,33073,0.79,0,1.177,8.4,-101.5,30.747,2.241,4.84,0
8/12/2021,1:20:00,0,Piney Point,1.36,4.45,56488.8,2.28,9.85,4.89,50272.8,119.8,119.8,7.46,3.309,33.23,50898.8,3.55,16.74,33084,0.85,0,1.174,8.39,-101,30.75,2.279,4.84,0
8/12/2021,1:30:00,0,Piney Point,1.3,4.23,56467.6,2.314,9.99,4.93,50249.4,118.9,118.9,7.4,3.357,33.21,50875.7,3.39,16.23,33069,1.19,0,1.189,8.39,-101,30.755,2.313,4.84,0
8/12/2021,1:40:00,0,Piney Point,1.1,3.39,56439.2,2.34,10.02,4.94,50228.1,116.2,116.2,7.23,3.395,33.2,50853.6,2.26,12.38,33055,2.34,0,1.186,8.39,-100.7,30.751,2.34,4.84,0
8/12/2021,1:50:00,0,Piney Point,1.31,4.25,56415.9,2.371,9.91,4.91,50227.7,114.7,114.7,7.14,3.441,33.19,50850.8,2.27,12.41,33053,0.8,0,1.186,8.38,-100.2,30.73,2.37,4.84,0
8/12/2021,2:00:00,0,Piney Point,1.05,3.18,56433.9,2.388,9.87,4.9,50250.8,113.1,113.1,7.04,3.465,33.21,50873.4,2.49,13.16,33068,1.3,0,1.184,8.37,-99.8,30.723,2.387,4.84,0
8/12/2021,2:10:00,0,Piney Point,0.91,2.63,56463.8,2.402,9.77,4.86,50279.9,111.9,111.9,6.97,3.486,33.23,50902.5,2.54,13.32,33087,0.76,0,1.184,8.37,-99.6,30.72,2.401,4.84,0
8/12/2021,2:20:00,0,Piney Point,0.85,2.4,56479.6,2.412,9.64,4.82,50296.5,110.7,110.7,6.89,3.499,33.25,50919.1,1.99,11.45,33097,1.16,0,1.186,8.37,-99.4,30.717,2.41,4.84,0
8/12/2021,2:30:00,0,Piney Point,0.61,1.41,56487.6,2.422,9.79,4.87,50306.3,109.7,109.7,6.83,3.514,33.25,50928.7,1.62,10.2,33104,0.72,0,1.188,8.36,-99.3,30.715,2.421,4.84,0
8/12/2021,2:40:00,0,Piney Point,0.78,2.13,56487.6,2.431,9.68,4.83,50309.3,107.6,107.6,6.7,3.527,33.25,50931.3,1.85,10.98,33105,0.77,0,1.191,8.36,-98.9,30.712,2.43,4.84,0
8/12/2021,2:50:00,0,Piney Point,0.82,2.27,56506.4,2.442,9.45,4.76,50326.5,109.9,109.9,6.84,3.543,33.27,50948.7,2.02,11.57,33117,0.88,0,1.191,8.37,-99.4,30.711,2.441,4.84,0
8/12/2021,3:00:00,0,Piney Point,0.92,2.69,56518.7,2.438,9.56,4.79,50338.8,106,106,6.6,3.537,33.28,50960.9,2.22,12.25,33125,0.8,0,1.183,8.35,-98.7,30.71,2.436,4.84,0
8/12/2021,3:10:00,0,Piney Point,0.95,2.79,56514.5,2.432,9.46,4.76,50338.2,106,106,6.6,3.529,33.28,50960,2.48,13.13,33124,0.93,0,1.175,8.36,-98.8,30.707,2.432,4.84,0
8/12/2021,3:20:00,0,Piney Point,1.07,3.27,56502,2.431,9.64,4.82,50335.9,105.5,105.5,6.57,3.528,33.27,50956.6,2.72,13.93,33122,0.93,0,1.174,8.35,-98.8,30.698,2.43,4.84,0
8/12/2021,3:30:00,0,Piney Point,1.75,6.04,56497.4,2.423,9.51,4.77,50348.6,104.4,104.4,6.5,3.516,33.28,50967.4,3.78,17.54,33129,0.99,0,1.185,8.35,-98.6,30.681,2.422,4.84,0
8/12/2021,3:40:00,0,Piney Point,1.7,5.83,56481,2.42,9.37,4.73,50371.4,106.1,106.1,6.61,3.512,33.3,50986.1,5.38,22.98,33141,1.42,0,1.186,8.35,-98.7,30.643,2.419,4.84,0
8/12/2021,3:50:00,0,Piney Point,1.26,4.06,56474,2.411,9.56,4.79,50377.3,104.8,104.8,6.53,3.499,33.3,50990.6,3.05,15.08,33144,3.66,0,1.187,8.35,-98.6,30.63,2.409,4.84,0
8/12/2021,4:00:00,0,Piney Point,1.47,4.91,56474.7,2.392,9.19,4.67,50384,103.1,103.1,6.42,3.471,33.31,50996.6,3.59,16.89,33148,0.73,0,1.188,8.35,-98.5,30.624,2.391,4.84,0
8/12/2021,4:10:00,0,Piney Point,1.25,4.02,56473.4,2.376,8.98,4.6,50380.5,100.2,100.2,6.25,3.448,33.3,50993.3,2.81,14.26,33146,0.56,0,1.189,8.34,-97.9,30.627,2.376,4.84,0
8/12/2021,4:20:00,0,Piney Point,1.52,5.09,56444.3,2.358,9.35,4.72,50365.4,101.5,101.5,6.33,3.422,33.29,50976.7,4.26,19.17,33135,0.78,0,1.191,8.34,-97.6,30.616,2.357,4.84,0
8/12/2021,4:30:00,0,Piney Point,1.74,5.99,56421.4,2.343,9.42,4.75,50355.5,98.5,98.5,6.14,3.4,33.28,50965.4,3.84,17.76,33128,3.78,0,1.191,8.34,-97.9,30.605,2.342,4.84,0
8/12/2021,4:40:00,0,Piney Point,0.76,2.03,56389.8,2.332,9.34,4.72,50340.2,96.3,96.3,6,3.385,33.27,50948.5,2.21,12.21,33116,0.62,0,1.191,8.33,-97.3,30.592,2.332,4.84,0
8/12/2021,4:50:00,0,Piney Point,0.79,2.16,56349.8,2.322,9.83,4.88,50325.9,100.3,100.3,6.26,3.37,33.26,50931.5,2.05,11.66,33105,0.58,0,1.191,8.34,-97.8,30.57,2.322,4.84,0
8/12/2021,5:00:00,0,Piney Point,0.98,2.91,56327.8,2.3,9.63,4.82,50320.9,97.2,97.2,6.07,3.337,33.25,50924.6,2.2,12.19,33101,0.98,0,1.191,8.34,-97.9,30.555,2.299,4.84,0
8/12/2021,5:10:00,0,Piney Point,1.14,3.56,56312,2.279,9.71,4.84,50324.2,99,99,6.18,3.306,33.26,50925.9,2.6,13.53,33102,0.59,0,1.191,8.35,-98.2,30.537,2.277,4.84,0
8/12/2021,5:20:00,0,Piney Point,1.81,6.27,56319,2.243,9.58,4.8,50333.6,96.1,96.1,6,3.254,33.26,50935.1,4.38,19.56,33108,0.71,0,1.182,8.34,-97.6,30.534,2.242,4.84,0
8/12/2021,5:30:00,0,Piney Point,0.95,2.79,56240.6,2.214,9.94,4.92,50311.5,98.3,98.3,6.14,3.213,33.24,50907,2.41,12.89,33090,0.63,0,1.18,8.34,-97.9,30.485,2.214,4.84,0
8/12/2021,5:40:00,0,Piney Point,1.85,6.43,56168.8,2.189,9.91,4.91,50301.3,98.7,98.7,6.17,3.176,33.23,50890.2,5.07,21.9,33079,0.59,0,1.183,8.34,-97.7,30.431,2.188,4.84,0
8/12/2021,5:50:00,0,Piney Point,4.09,15.55,56169.9,2.178,9.64,4.82,50328.4,92.9,92.9,5.81,3.16,33.25,50914.6,9.8,37.98,33094,0.98,0,1.181,8.33,-97.3,30.404,2.176,4.84,0
8/12/2021,6:00:00,0,Piney Point,1.46,4.88,56181.6,2.164,9.79,4.87,50347.5,96.8,96.8,6.05,3.14,33.27,50932.8,3.94,18.09,33106,0.57,0,1.187,8.34,-97.7,30.395,2.163,4.84,0
8/12/2021,6:10:00,0,Piney Point,2.89,10.67,56189.1,2.154,9.89,4.9,50355.9,94.2,94.2,5.89,3.126,33.27,50941.1,6.84,27.95,33112,1.09,0,1.181,8.33,-97,30.394,2.155,4.84,0
8/12/2021,6:20:00,0,Piney Point,1.34,4.37,56210.2,2.13,9.99,4.94,50370.6,93.1,93.1,5.82,3.091,33.28,50956.5,4.29,19.27,33122,0.59,0,1.176,8.33,-97.3,30.398,2.129,4.84,0
8/12/2021,6:30:00,0,Piney Point,1.51,5.05,56222.4,2.102,9.98,4.93,50373.9,89.1,89.1,5.57,3.05,33.29,50960.7,3.96,18.14,33124,0.89,0,1.174,8.32,-96.8,30.406,2.101,4.84,0
8/12/2021,6:40:00,0,Piney Point,1.18,3.72,56224.2,2.075,9.62,4.81,50373.1,89.7,89.7,5.61,3.011,33.29,50960.2,3.1,15.22,33124,0.6,0,1.175,8.32,-96.6,30.408,2.073,4.84,0
8/12/2021,6:50:00,0,Piney Point,0.63,1.48,56223.6,2.039,9.67,4.83,50370.5,83.3,83.3,5.21,2.959,33.28,50957.9,1.96,11.37,33123,0.82,0,1.186,8.3,-95.6,30.41,2.039,4.84,0
8/12/2021,7:00:00,0,Piney Point,0.53,1.1,56210.6,2.011,10.04,4.95,50363.9,84.9,84.9,5.31,2.919,33.28,50950.6,1.55,9.98,33118,1.07,0,1.178,8.3,-95.6,30.405,2.01,4.84,0
8/12/2021,7:10:00,0,Piney Point,0.54,1.13,56160.9,1.988,10.04,4.95,50331,81.8,81.8,5.12,2.884,33.25,50915.9,1.36,9.34,33095,0.83,0,1.174,8.29,-95,30.393,1.987,4.84,0
8/12/2021,7:20:00,0,Piney Point,0.38,0.5,55999.1,1.966,10.76,5.19,50218.8,79.2,79.2,4.96,2.853,33.17,50798.5,1.18,8.72,33019,0.76,0,1.175,8.29,-94.6,30.36,1.966,4.84,0
8/12/2021,7:30:00,0,Piney Point,0.55,1.19,55876.7,1.947,11.27,5.36,50137.6,77,77,4.83,2.825,33.11,50713,1.36,9.33,32963,0.66,0,1.178,8.27,-93.8,30.331,1.947,4.84,0
8/12/2021,7:40:00,0,Piney Point,0.32,0.24,55678.3,1.938,11.46,5.43,50015.5,79.4,79.4,4.98,2.812,33.01,50582.9,1.09,8.39,32879,0.5,0,1.176,8.28,-94.3,30.274,1.938,4.84,0
8/12/2021,7:50:00,0,Piney Point,0.28,0.09,55682.5,1.93,11.32,5.38,50020.4,76.6,76.6,4.81,2.8,33.02,50587.7,1.38,9.4,32882,0.45,0,1.181,8.28,-93.9,30.273,1.93,4.84,0
8/12/2021,8:00:00,0,Piney Point,1.21,3.86,55466.4,1.919,11.43,5.42,49854.1,74.8,74.8,4.7,2.784,32.89,50416.2,9.65,37.46,32771,1.46,0,1.191,8.27,-93.6,30.244,1.919,4.84,0
8/12/2021,8:10:00,0,Piney Point,0.19,-0.28,55475.8,1.905,11.53,5.45,49864,69.6,69.6,4.38,2.763,32.9,50426.1,0.88,7.71,32777,0.35,0,1.182,8.26,-93.1,30.243,1.906,4.84,0
8/12/2021,8:20:00,0,Piney Point,0.42,0.64,55410.1,1.886,11.92,5.58,49816.6,73.4,73.4,4.62,2.736,32.86,50376.8,0.98,8.05,32745,0.33,0,1.176,8.26,-93.1,30.231,1.886,4.84,0
8/12/2021,8:30:00,0,Piney Point,0.23,-0.14,55445.4,1.868,11.73,5.52,49846.8,69.7,69.7,4.38,2.71,32.89,50407.5,0.72,7.16,32765,0.31,0,1.188,8.24,-92,30.233,1.867,4.84,0
8/12/2021,8:40:00,0,Piney Point,0.27,0.05,55405.7,1.853,12.04,5.62,49819.2,72.9,72.9,4.59,2.688,32.87,50378.6,1.14,8.58,32746,0.41,0,1.183,8.26,-93,30.224,1.851,4.84,0
8/12/2021,8:50:00,0,Piney Point,0.24,-0.1,55366.6,1.835,12.52,5.78,49768.7,76.6,76.6,4.82,2.663,32.83,50329.4,1.75,10.64,32714,0.32,0,1.182,8.28,-94.2,30.24,1.836,4.84,0
8/12/2021,9:00:00,0,Piney Point,0.22,-0.15,55437.8,1.83,12.41,5.74,49812,75.6,75.6,4.75,2.654,32.86,50375.6,0.78,7.36,32744,0.34,0,1.181,8.25,-92.2,30.261,1.829,4.84,0
8/12/2021,9:10:00,0,Piney Point,0.24,-0.07,55379.5,1.833,12.91,5.91,49757.5,80.3,80.3,5.05,2.659,32.82,50320.8,5.01,21.71,32708,0.62,0,1.178,8.27,-93.5,30.263,1.832,4.84,0
8/12/2021,9:20:00,0,Piney Point,0.31,0.21,55373.8,1.836,13.17,5.99,49739.2,79.2,79.2,4.98,2.663,32.81,50303.8,0.93,7.88,32697,0.73,0,1.175,8.27,-93.7,30.277,1.836,4.84,0
8/12/2021,9:30:00,0,Piney Point,0.24,-0.1,55454.5,1.845,13.21,6.01,49780,77.7,77.7,4.88,2.677,32.84,50348.8,0.78,7.34,32727,0.96,0,1.172,8.26,-93,30.309,1.845,4.84,0
8/12/2021,9:40:00,0,Piney Point,0.24,-0.1,55408.3,1.868,13.78,6.2,49718.2,83.3,83.3,5.23,2.71,32.8,50288.7,0.94,7.89,32688,0.54,0,1.177,8.28,-93.9,30.33,1.867,4.83,0
8/12/2021,9:50:00,0,Piney Point,0.28,0.07,55223,1.876,13.4,6.07,49591.4,88.9,88.9,5.59,2.722,32.7,50155.7,0.9,7.77,32601,0.51,0,1.182,8.3,-95.3,30.29,1.877,4.84,0
8/12/2021,10:00:00,0,Piney Point,0.65,1.6,55205,1.896,13.76,6.19,49560.8,90.5,90.5,5.69,2.75,32.68,50126.5,1.38,9.38,32582,1.34,0,1.186,8.29,-95,30.304,1.896,4.84,0
8/12/2021,10:10:00,0,Piney Point,0.35,0.37,55283,1.923,13.91,6.24,49600.9,91.3,91.3,5.73,2.789,32.71,50170.6,1.08,8.36,32611,1.1,0,1.191,8.3,-95.2,30.335,1.923,4.84,0
8/12/2021,10:20:00,0,Piney Point,0.36,0.38,54961.5,1.943,13.65,6.16,49405.9,99,99,6.23,2.818,32.56,49962.4,0.91,7.79,32476,0.63,0,1.181,8.32,-96.4,30.239,1.943,4.84,0
8/12/2021,10:30:00,0,Piney Point,0.36,0.39,54868.3,1.966,13.27,6.03,49351.6,101.7,101.7,6.41,2.851,32.52,49903.9,1.07,8.33,32438,0.67,0,1.177,8.34,-97.6,30.208,1.966,4.84,0
8/12/2021,10:40:00,0,Piney Point,0.4,0.56,54990.6,1.985,13.01,5.94,49439,103.5,103.5,6.52,2.88,32.58,49995,1.06,8.32,32497,0.48,0,1.188,8.34,-97.7,30.232,1.985,4.84,0
8/12/2021,10:50:00,0,Piney Point,1,3,55226.7,2.008,12.25,5.69,49619.2,105.2,105.2,6.62,2.913,32.72,50181,3.01,14.93,32618,0.46,0,1.184,8.35,-98.3,30.264,2.008,4.84,0
8/12/2021,11:00:00,0,Piney Point,1.33,4.32,55384.3,2.037,12.02,5.61,49722.2,106.2,106.2,6.67,2.956,32.8,50289.7,3.32,15.97,32688,0.54,0,1.18,8.35,-98.6,30.304,2.038,4.84,0
8/12/2021,11:10:00,0,Piney Point,0.85,2.4,55498.5,2.071,12.12,5.65,49796.7,108.3,108.3,6.8,3.005,32.85,50368.3,2.55,13.36,32739,0.66,0,1.174,8.36,-99,30.333,2.072,4.84,0
8/12/2021,11:20:00,0,Piney Point,0.77,2.05,55688.8,2.111,11.55,5.46,49903.4,110.9,110.9,6.95,3.063,32.94,50483.9,2,11.51,32815,0.74,0,1.178,8.37,-99.3,30.398,2.112,4.84,0
8/12/2021,11:30:00,0,Piney Point,1.13,3.52,56037.1,2.143,10.53,5.12,50114,110.6,110.6,6.92,3.11,33.1,50709,2.77,14.12,32961,0.81,0,1.178,8.36,-99.1,30.501,2.143,4.84,0
8/12/2021,11:40:00,0,Piney Point,1.07,3.27,56263.5,2.184,13.47,6.09,50235.2,111.4,111.4,6.95,3.169,33.19,50841.3,2.43,12.95,33047,0.89,0,1.184,8.36,-99.3,30.584,2.183,4.84,0
8/12/2021,11:50:00,0,Piney Point,0.94,2.75,56405.1,2.212,13.15,5.99,50310.7,110.8,110.8,6.91,3.21,33.25,50923.7,2.66,13.73,33100,0.73,0,1.19,8.36,-99.1,30.636,2.211,4.84,0
8/12/2021,12:00:00,0,Piney Point,0.89,2.55,56511.1,2.246,9.4,4.74,50356.3,111,111,6.91,3.259,33.29,50975.8,2.29,12.49,33134,0.75,0,1.176,8.36,-99,30.685,2.247,4.84,0
8/12/2021,12:10:00,0,Piney Point,0.78,2.11,56602.8,2.279,9.32,4.71,50389,111.6,111.6,6.94,3.307,33.31,51014.8,1.76,10.67,33160,0.76,0,1.179,8.36,-99,30.735,2.278,4.84,0
8/12/2021,12:20:00,0,Piney Point,0.94,2.77,56686.3,2.31,10.27,5.03,50416.2,111.9,111.9,6.96,3.352,33.34,51047.9,2.16,12.05,33181,0.84,0,1.179,8.36,-99,30.783,2.309,4.84,0
8/12/2021,12:30:00,0,Piney Point,0.71,1.84,56740,2.337,10.28,5.03,50424.1,112.2,112.2,6.97,3.391,33.35,51060.7,1.68,10.41,33189,0.85,0,1.178,8.36,-99.1,30.823,2.337,4.84,0
8/12/2021,12:40:00,0,Piney Point,0.53,1.09,56773,2.363,9.18,4.66,50422.2,114,114,7.08,3.429,33.35,51062.6,1.35,9.3,33191,0.85,0,1.183,8.36,-99.2,30.855,2.363,4.84,0
8/12/2021,12:50:00,0,Piney Point,0.74,1.95,56817.4,2.381,11.16,5.32,50433,113.9,113.9,7.07,3.455,33.36,51077,1.76,10.67,33200,0.82,0,1.178,8.36,-99.1,30.884,2.38,4.84,0
8/12/2021,13:00:00,0,Piney Point,0.8,2.18,56913.2,2.403,9.53,4.78,50477.2,112.4,112.4,6.97,3.487,33.39,51126.6,1.55,9.98,33232,1.07,0,1.184,8.35,-98.5,30.926,2.403,4.84,0
8/12/2021,13:10:00,0,Piney Point,1.02,3.08,57000.3,2.42,9.02,4.61,50506.4,111.7,111.7,6.92,3.512,33.41,51162,2.32,12.57,33255,0.77,0,1.191,8.35,-98.5,30.975,2.419,4.84,0
8/12/2021,13:20:00,0,Piney Point,0.78,2.12,57059.2,2.444,8.87,4.56,50525.8,111.6,111.6,6.91,3.546,33.43,51185.7,2.55,13.36,33271,1.07,0,1.177,8.35,-98.3,31.008,2.442,4.84,0
8/12/2021,13:30:00,0,Piney Point,0.64,1.52,57118.8,2.458,10.5,5.11,50539.5,113.3,113.3,7.01,3.566,33.44,51204.2,1.76,10.67,33283,0.82,0,1.179,8.35,-98.5,31.048,2.457,4.84,0
8/12/2021,13:40:00,0,Piney Point,0.64,1.52,57164,2.474,8.34,4.38,50546.9,114.8,114.8,7.1,3.589,33.45,51215.7,1.66,10.33,33290,1.45,0,1.178,8.35,-98.5,31.081,2.472,4.84,0
8/12/2021,13:50:00,0,Piney Point,0.93,2.7,57214,2.487,8.4,4.41,50556.3,114.4,114.4,7.07,3.609,33.46,51229.4,2.19,12.14,33299,1.17,0,1.191,8.35,-98.7,31.116,2.487,4.84,0
8/12/2021,14:00:00,0,Piney Point,0.59,1.35,57264.1,2.5,10.59,5.13,50559,115.3,115.3,7.12,3.628,33.46,51237.2,1.58,10.08,33304,1.25,0,1.185,8.36,-99,31.158,2.5,4.84,0
8/12/2021,14:10:00,0,Piney Point,0.54,1.14,57308.8,2.52,10.68,5.17,50561.8,117,117,7.22,3.657,33.47,51244.5,1.1,8.45,33309,1.47,0,1.18,8.36,-99.4,31.196,2.519,4.84,0
8/12/2021,14:20:00,0,Piney Point,0.71,1.81,57355.9,2.527,8.81,4.54,50563.2,119.3,119.3,7.36,3.666,33.47,51250.8,1.93,11.25,33313,1.51,0,1.175,8.36,-99.3,31.237,2.525,4.84,0
8/12/2021,14:30:00,0,Piney Point,1.02,3.09,57402.4,2.528,8.15,4.32,50565.3,120.5,120.5,7.43,3.667,33.47,51257.7,1.99,11.47,33317,2.13,0,1.174,8.37,-99.9,31.276,2.527,4.84,0
8/12/2021,14:40:00,0,Piney Point,0.61,1.43,57450.2,2.524,8.21,4.34,50568.8,121.9,121.9,7.51,3.662,33.48,51266,1.51,9.84,33323,1.26,0,1.185,8.37,-99.9,31.316,2.525,4.84,0
8/12/2021,14:50:00,0,Piney Point,0.89,2.57,57524.4,2.514,8.08,4.3,50582.6,123.3,123.3,7.59,3.648,33.49,51286.3,2.23,12.27,33336,1.2,0,1.191,8.38,-100.3,31.368,2.518,4.84,0
8/12/2021,15:00:00,0,Piney Point,0.72,1.87,57566.1,2.507,8.93,4.58,50581.2,125.3,125.3,7.7,3.638,33.49,51289.6,1.87,11.07,33338,0.98,0,1.182,8.38,-100.4,31.407,2.509,4.84,0
8/12/2021,15:10:00,0,Piney Point,1.03,3.11,57592.5,2.494,8.67,4.49,50576.7,128.2,128.2,7.88,3.618,33.49,51288.3,2.52,13.27,33337,1.04,0,1.175,8.39,-100.9,31.435,2.493,4.84,0
8/12/2021,15:20:00,0,Piney Point,0.83,2.31,57632.4,2.484,8.59,4.47,50580.1,129.9,129.9,7.98,3.603,33.5,51295.7,1.95,11.32,33342,0.9,0,1.188,8.39,-101.2,31.468,2.48,4.84,0
8/12/2021,15:30:00,0,Piney Point,0.75,1.98,57654.7,2.472,8.54,4.45,50574.9,130.8,130.8,8.04,3.587,33.49,51293.5,1.82,10.88,33341,0.83,0,1.186,8.39,-101.3,31.493,2.475,4.84,0
8/12/2021,15:40:00,0,Piney Point,0.93,2.71,57680.2,2.462,8.36,4.39,50569,132,132,8.1,3.572,33.49,51291,1.6,10.13,33339,0.79,0,1.183,8.4,-101.6,31.522,2.46,4.84,0
8/12/2021,15:50:00,0,Piney Point,0.8,2.2,57694.3,2.445,8.69,4.5,50556.9,133,133,8.16,3.547,33.48,51281.7,1.89,11.13,33333,0.71,0,1.182,8.4,-101.7,31.547,2.448,4.84,0
8/12/2021,16:00:00,0,Piney Point,0.91,2.65,57690.9,2.43,8.79,4.53,50534.9,133.6,133.6,8.19,3.525,33.47,51261.8,2.45,13.02,33320,0.68,0,1.181,8.4,-102,31.566,2.43,4.84,0
8/12/2021,16:10:00,0,Piney Point,0.71,1.81,57693.1,2.413,9.15,4.66,50522.6,134.9,134.9,8.27,3.501,33.46,51251,1.96,11.36,33313,1.07,0,1.178,8.41,-102.1,31.581,2.418,4.84,0
8/12/2021,16:20:00,0,Piney Point,0.93,2.71,57682.6,2.4,8.39,4.4,50505.8,136.3,136.3,8.36,3.482,33.45,51235,1.74,10.63,33303,1.4,0,1.185,8.41,-102.5,31.589,2.397,4.84,0
8/12/2021,16:30:00,0,Piney Point,1.06,3.26,57728.6,2.394,8.75,4.52,50513.7,138.5,138.5,8.49,3.472,33.45,51247,2.75,14.04,33311,0.86,0,1.18,8.42,-102.9,31.622,2.39,4.84,0
8/12/2021,16:40:00,0,Piney Point,1.13,3.53,57767.5,2.384,9.51,4.77,50515.6,139.6,139.6,8.55,3.458,33.46,51252.9,2.81,14.26,33314,1.31,0,1.176,8.42,-103.1,31.655,2.383,4.84,0
8/12/2021,16:50:00,0,Piney Point,1.31,4.27,57782.5,2.368,10.39,5.07,50506.5,141.8,141.8,8.69,3.436,33.45,51246.3,3.25,15.75,33310,2.28,0,1.175,8.43,-103.5,31.678,2.371,4.84,0
8/12/2021,17:00:00,0,Piney Point,1.45,4.81,57770.9,2.351,10.56,5.12,50482.2,142,142,8.7,3.41,33.43,51223.5,4.28,19.25,33295,2.09,0,1.174,8.43,-103.6,31.692,2.351,4.84,0
8/12/2021,17:10:00,0,Piney Point,1.15,3.59,57759.7,2.346,9.26,4.69,50458.2,142.5,142.5,8.73,3.403,33.42,51200.9,3.52,16.65,33281,1.76,0,1.178,8.43,-103.7,31.707,2.345,4.84,0
8/12/2021,17:20:00,0,Piney Point,0.97,2.89,57744.9,2.334,9.74,4.85,50434.6,142.2,142.2,8.7,3.386,33.4,51178.3,2.44,12.99,33266,1.81,0,1.19,8.43,-103.8,31.718,2.329,4.84,0
8/12/2021,17:30:00,0,Piney Point,1.53,5.15,57640.7,2.325,9.31,4.71,50359.2,143.3,143.3,8.78,3.372,33.34,51099.8,3.23,15.68,33215,1.27,0,1.182,8.44,-104.2,31.702,2.323,4.84,0
8/12/2021,17:40:00,0,Piney Point,1.59,5.38,57470.6,2.29,10.3,5.04,50287,142.3,142.3,8.73,3.322,33.28,51017.1,3.76,17.49,33161,1.27,0,1.175,8.44,-104.2,31.623,2.292,4.84,0
8/12/2021,17:50:00,0,Piney Point,1.42,4.7,57421,2.267,10.43,5.08,50273.4,138.8,138.8,8.52,3.288,33.27,50999.6,3.15,15.4,33150,0.82,0,1.174,8.44,-103.8,31.592,2.266,4.84,0
8/12/2021,18:00:00,0,Piney Point,1.09,3.36,57355.9,2.234,10.37,5.06,50248.7,136.6,136.6,8.39,3.24,33.25,50970.5,2.69,13.84,33131,0.89,0,1.177,8.43,-103.7,31.559,2.232,4.84,0
8/12/2021,18:10:00,0,Piney Point,1.22,3.89,57231.3,2.211,10.54,5.12,50191.8,138.5,138.5,8.52,3.207,33.21,50906.4,3.17,15.48,33089,0.6,0,1.189,8.44,-104.1,31.505,2.208,4.84,0
8/12/2021,18:20:00,0,Piney Point,1.28,4.12,57112.2,2.171,10.14,4.98,50134.6,137.2,137.2,8.44,3.148,33.16,50842.5,3.13,15.33,33048,2.06,0,1.181,8.44,-104,31.456,2.162,4.84,0
8/12/2021,18:30:00,0,Piney Point,2.13,7.6,56872.4,2.141,10.62,5.15,49958.2,135.3,135.3,8.34,3.106,33.03,50659.5,6.27,26.01,32929,10.81,0,1.178,8.44,-104,31.421,2.121,4.84,0
8/12/2021,18:40:00,0,Piney Point,1.44,4.79,56821,2.1,10.45,5.09,49925.5,129.9,129.9,8.01,3.046,33,50624.8,3.79,17.56,32906,5.64,0,1.186,8.43,-103.2,31.408,2.095,4.84,0
8/12/2021,18:50:00,0,Piney Point,1.31,4.27,56730.2,2.07,10.92,5.24,49872.2,126.7,126.7,7.82,3.003,32.96,50567.5,3.18,15.51,32869,1.6,0,1.172,8.42,-102.9,31.381,2.07,4.84,0
8/12/2021,19:00:00,0,Piney Point,1.27,4.11,56636,2.047,10.63,5.15,49858.8,133,133,8.22,2.968,32.95,50545.3,2.99,14.86,32854,1.28,0,1.174,8.44,-104.3,31.309,2.046,4.84,0
8/12/2021,19:10:00,0,Piney Point,1.29,4.17,56552.8,2.012,10.82,5.21,49837.5,132.5,132.5,8.19,2.919,32.93,50517.4,3.21,15.6,32836,1.24,0,1.175,8.45,-104.5,31.255,2.011,4.84,0
8/12/2021,19:20:00,0,Piney Point,1.14,3.58,56452.1,1.987,11.02,5.28,49783.6,130.9,130.9,8.1,2.881,32.89,50458.5,2.92,14.63,32798,0.76,0,1.184,8.45,-104.4,31.219,1.985,4.84,0
8/12/2021,19:30:00,0,Piney Point,0.87,2.46,56316.9,1.943,11.39,5.4,49702.6,128.9,128.9,7.98,2.818,32.83,50371.7,2.25,12.34,32742,0.35,0,1.18,8.45,-104.3,31.179,1.943,4.84,0
8/12/2021,19:40:00,0,Piney Point,0.76,2.03,56110.6,1.915,11.78,5.53,49568.7,131.9,131.9,8.18,2.777,32.73,50230.2,2.16,12.06,32650,0.85,0,1.18,8.45,-104.3,31.129,1.914,4.84,0
8/12/2021,19:50:00,0,Piney Point,1.16,3.67,56047.7,1.887,11.95,5.59,49533.7,128.4,128.4,7.97,2.737,32.7,50192.3,2.45,13.04,32625,0.66,0,1.178,8.44,-104,31.108,1.886,4.84,0
8/12/2021,20:00:00,0,Piney Point,0.77,2.05,55984.5,1.863,12,5.61,49500.6,127.9,127.9,7.94,2.702,32.67,50155.9,1.95,11.33,32601,0.47,0,1.178,8.44,-104,31.084,1.863,4.84,0
8/12/2021,20:10:00,0,Piney Point,0.94,2.76,55959,1.838,12.22,5.68,49488.6,127,127,7.89,2.665,32.66,50142.5,2.24,12.31,32593,0.58,0,1.177,8.44,-103.9,31.073,1.837,4.84,0
8/12/2021,20:20:00,0,Piney Point,0.65,1.58,55915.9,1.812,12.33,5.72,49463.2,127,127,7.89,2.627,32.64,50115.3,1.9,11.15,32575,0.83,0,1.175,8.44,-104.2,31.06,1.81,4.84,0
8/12/2021,20:30:00,0,Piney Point,0.56,1.23,55837.2,1.796,12.53,5.78,49417.3,129.8,129.8,8.07,2.604,32.61,50065.9,1.43,9.56,32543,0.48,0,1.174,8.45,-104.4,31.035,1.795,4.84,0
8/12/2021,20:40:00,0,Piney Point,0.74,1.94,55773.9,1.79,12.66,5.83,49388.8,127.5,127.5,7.93,2.596,32.59,50033.6,1.88,11.09,32522,0.49,0,1.173,8.44,-104.1,31.007,1.789,4.84,0
8/12/2021,20:50:00,0,Piney Point,0.59,1.35,55742,1.794,12.45,5.75,49384.7,127.9,127.9,7.96,2.602,32.58,50026.6,1.34,9.25,32517,0.51,0,1.179,8.44,-104,30.982,1.794,4.84,0
8/12/2021,21:00:00,0,Piney Point,0.81,2.21,55725.2,1.801,12.46,5.76,49384.8,125.3,125.3,7.8,2.611,32.58,50024.8,2.18,12.1,32516,0.61,0,1.19,8.44,-103.8,30.966,1.799,4.84,0
8/12/2021,21:10:00,0,Piney Point,0.75,1.98,55691.2,1.798,12.51,5.77,49379.4,126.1,126.1,7.85,2.607,32.58,50016.4,1.68,10.42,32511,0.36,0,1.182,8.44,-104.1,30.94,1.796,4.84,0
8/12/2021,21:20:00,0,Piney Point,0.54,1.12,55630.3,1.775,12.56,5.79,49361.6,127.6,127.6,7.95,2.574,32.56,49994,1.34,9.26,32496,0.41,0,1.176,8.45,-104.4,30.903,1.774,4.84,0
8/12/2021,21:30:00,0,Piney Point,0.38,0.49,55606.5,1.749,12.71,5.84,49351.7,125.9,125.9,7.85,2.536,32.55,49982.6,1.02,8.19,32489,0.31,0,1.18,8.45,-104.2,30.891,1.747,4.84,0
8/12/2021,21:40:00,0,Piney Point,0.5,0.97,55550.8,1.739,12.85,5.89,49319.9,125.4,125.4,7.82,2.522,32.53,49948.3,1.15,8.61,32466,0.65,0,1.175,8.44,-104,30.873,1.738,4.84,0
8/12/2021,21:50:00,0,Piney Point,0.4,0.58,55507.6,1.731,12.88,5.9,49297.5,123.6,123.6,7.71,2.51,32.51,49923.7,1.2,8.78,32450,1.47,0,1.172,8.44,-103.9,30.856,1.73,4.84,0
8/12/2021,22:00:00,0,Piney Point,0.39,0.52,55457.6,1.729,13.06,5.96,49272,122.2,122.2,7.62,2.507,32.49,49895.6,1.29,9.09,32432,0.43,0,1.178,8.44,-103.6,30.836,1.728,4.84,0
8/12/2021,22:10:00,0,Piney Point,0.38,0.48,55425.7,1.739,13.22,6.01,49260.2,123.1,123.1,7.68,2.522,32.48,49881.6,1.04,8.24,32423,0.54,0,1.183,8.43,-103.5,30.819,1.738,4.84,0
8/12/2021,22:20:00,0,Piney Point,1.08,3.33,55402.2,1.75,13.62,6.15,49251.7,122.7,122.7,7.66,2.538,32.47,49871.5,0.82,7.51,32416,0.21,0,1.188,8.44,-103.7,30.806,1.749,4.84,0
8/12/2021,22:30:00,0,Piney Point,0.48,0.88,55364.8,1.773,13.36,6.06,49255.8,125.8,125.8,7.86,2.571,32.48,49871.2,1.17,8.69,32416,0.2,0,1.18,8.44,-103.8,30.767,1.773,4.84,0
8/12/2021,22:40:00,0,Piney Point,0.58,1.29,55392.2,1.801,13.21,6.01,49311.9,127.9,127.9,7.99,2.611,32.52,49924.1,1.46,9.67,32451,0.2,0,1.177,8.45,-104.3,30.734,1.8,4.84,0
8/12/2021,22:50:00,0,Piney Point,0.67,1.66,55429.5,1.815,13.08,5.96,49358.3,126.1,126.1,7.88,2.633,32.55,49969.6,1.4,9.47,32480,0.29,0,1.191,8.44,-104,30.721,1.814,4.84,0
8/12/2021,23:00:00,0,Piney Point,0.53,1.08,55465.2,1.831,12.97,5.93,49412.8,124.8,124.8,7.8,2.655,32.59,50022.1,1.42,9.53,32514,0.23,0,1.191,8.44,-103.9,30.697,1.829,4.84,0
8/12/2021,23:10:00,0,Piney Point,0.47,0.83,55485.5,1.839,12.85,5.89,49431.9,122.2,122.2,7.64,2.667,32.6,50041.2,1.15,8.62,32527,0.23,0,1.189,8.43,-103.5,30.696,1.838,4.84,0
8/12/2021,23:20:00,0,Piney Point,0.6,1.36,55508.9,1.853,12.75,5.86,49468.9,121.5,121.5,7.6,2.688,32.63,50076.8,1.61,10.18,32550,0.42,0,1.186,8.43,-103.4,30.679,1.852,4.84,0
8/12/2021,23:30:00,0,Piney Point,0.63,1.49,55530.2,1.873,12.76,5.86,49501.5,121.9,121.9,7.62,2.717,32.65,50108.1,1.7,10.48,32570,1.04,0,1.185,8.43,-103.5,30.665,1.873,4.83,0
8/12/2021,23:40:00,0,Piney Point,0.76,2.02,55582.1,1.898,12.61,5.81,49561.1,120.5,120.5,7.53,2.753,32.7,50166.9,1.81,10.84,32608,0.45,0,1.183,8.43,-103.1,30.652,1.897,4.84,0
8/12/2021,23:50:00,0,Piney Point,0.92,2.68,55672.4,1.91,12.35,5.72,49652.7,120.4,120.4,7.53,2.771,32.76,50258.3,2.3,12.5,32668,0.35,0,1.182,8.43,-103.1,30.64,1.909,4.83,0
8/13/2021,0:00:00,0,Piney Point,0.67,1.68,55737.2,1.915,12.14,5.65,49715.5,118.2,118.2,7.38,2.778,32.81,50321.2,1.82,10.9,32709,0.51,0,1.18,8.42,-102.8,30.635,1.915,4.84,0
8/13/2021,0:10:00,0,Piney Point,0.92,2.69,55755.5,1.916,12.08,5.63,49765.7,117,117,7.31,2.779,32.84,50368,2.03,11.58,32739,0.41,0,1.178,8.42,-102.6,30.6,1.915,4.84,0
8/13/2021,0:20:00,0,Piney Point,1.34,4.38,55863.5,1.937,11.84,5.55,49854.3,114,114,7.12,2.809,32.91,50458.6,3.06,15.1,32798,0.46,0,1.185,8.41,-101.8,30.608,1.937,4.83,0
8/13/2021,0:30:00,0,Piney Point,1.9,6.64,56000.5,1.968,11.34,5.39,49998.7,111,111,6.93,2.855,33.02,50602.1,4.62,20.38,32891,0.74,0,1.18,8.4,-101.2,30.586,1.967,4.84,0
8/13/2021,0:40:00,0,Piney Point,1.9,6.66,56084.6,2.008,11.02,5.28,50098.5,109.1,109.1,6.81,2.913,33.09,50700.1,5.26,22.58,32955,0.64,0,1.179,8.39,-100.7,30.56,2.006,4.83,0
8/13/2021,0:50:00,0,Piney Point,1.6,5.41,56081.7,2.041,10.98,5.26,50110.8,108.1,108.1,6.75,2.962,33.1,50710.8,3.67,17.18,32962,0.77,0,1.178,8.38,-100.5,30.545,2.041,4.84,0
8/13/2021,1:00:00,0,Piney Point,2.6,9.51,56102.6,2.073,10.82,5.21,50146.8,108.2,108.2,6.76,3.008,33.12,50745.2,6.34,26.23,32984,0.81,0,1.176,8.39,-100.6,30.527,2.073,4.83,0
8/13/2021,1:10:00,0,Piney Point,1.61,5.48,56201.2,2.106,10.45,5.09,50249.5,107.4,107.4,6.71,3.056,33.2,50847.4,4.21,18.99,33051,0.81,0,1.174,8.38,-100.3,30.513,2.105,4.83,0
8/13/2021,1:20:00,0,Piney Point,2.56,9.31,56321.4,2.134,10.13,4.98,50362.5,106.5,106.5,6.65,3.097,33.28,50961.1,6.86,27.98,33125,1.03,0,1.172,8.38,-100,30.507,2.133,4.84,0
8/13/2021,1:30:00,0,Piney Point,2.11,7.5,56407.7,2.158,9.97,4.93,50447.6,106,106,6.62,3.131,33.35,51046.2,5.24,22.5,33180,1.08,0,1.174,8.37,-99.8,30.499,2.158,4.83,0
8/13/2021,1:40:00,0,Piney Point,1.13,3.54,56441.9,2.181,9.85,4.89,50487.1,103.6,103.6,6.47,3.165,33.38,51085.2,3.22,15.64,33205,0.92,0,1.186,8.36,-99.3,30.49,2.18,4.84,0
8/13/2021,1:50:00,0,Piney Point,1.42,4.71,56479.6,2.219,9.64,4.82,50528.7,103.8,103.8,6.48,3.221,33.41,51126.4,4.86,21.21,33232,0.82,0,1.186,8.36,-99.2,30.482,2.22,4.83,0
8/13/2021,2:00:00,0,Piney Point,1.69,5.8,56552.3,2.254,9.34,4.72,50582.1,104.1,104.1,6.5,3.272,33.45,51181.8,3.8,17.62,33268,1.24,0,1.177,8.36,-99.1,30.494,2.256,4.82,0
8/13/2021,2:10:00,0,Piney Point,2.26,8.12,56595.6,2.297,9.12,4.65,50616,104.9,104.9,6.55,3.333,33.47,51216.6,5.81,24.45,33291,1.01,0,1.181,8.36,-98.9,30.499,2.297,4.82,0
8/13/2021,2:20:00,0,Piney Point,1.36,4.47,56601.1,2.332,9.07,4.63,50619.5,107.3,107.3,6.69,3.384,33.47,51220.4,3.25,15.76,33293,0.91,0,1.184,8.37,-99.3,30.5,2.333,4.83,0
8/13/2021,2:30:00,0,Piney Point,0.94,2.77,56609.1,2.364,9.04,4.62,50618.6,106.7,106.7,6.66,3.43,33.47,51220.4,2.48,13.12,33293,1.33,0,1.175,8.36,-99.3,30.508,2.362,4.84,0
8/13/2021,2:40:00,0,Piney Point,1.74,6,56626.7,2.393,8.97,4.6,50625.6,107.8,107.8,6.72,3.473,33.48,51228.5,3.72,17.33,33299,1,0,1.182,8.37,-99.5,30.517,2.392,4.84,0
8/13/2021,2:50:00,0,Piney Point,1.01,3.06,56634,2.431,9,4.6,50630.6,107.2,107.2,6.69,3.528,33.48,51233.7,2.51,13.22,33302,1.31,0,1.176,8.36,-99.2,30.519,2.431,4.83,0
8/13/2021,3:00:00,0,Piney Point,1.22,3.91,56633.9,2.463,8.99,4.6,50638.5,107.7,107.7,6.72,3.575,33.49,51240.8,2.67,13.78,33307,1.07,0,1.181,8.36,-99.2,30.51,2.463,4.83,0
8/13/2021,3:10:00,0,Piney Point,1.6,5.45,56655.6,2.496,8.75,4.52,50664.8,107.8,107.8,6.72,3.623,33.51,51266.6,3.77,17.5,33323,0.89,0,1.183,8.36,-99.1,30.504,2.497,4.82,0
8/13/2021,3:20:00,0,Piney Point,1.18,3.75,56591.1,2.513,8.77,4.53,50606.4,105.3,105.3,6.57,3.647,33.46,51207.5,3.38,16.17,33285,0.86,0,1.186,8.35,-98.7,30.504,2.513,4.83,0
8/13/2021,3:30:00,0,Piney Point,0.96,2.85,56686.2,2.536,8.65,4.49,50693.6,104.3,104.3,6.51,3.681,33.53,51295.5,2.78,14.14,33342,1.06,0,1.189,8.35,-98.6,30.502,2.536,4.82,0
8/13/2021,3:40:00,0,Piney Point,1.46,4.88,56691.6,2.554,8.67,4.49,50701.1,102.8,102.8,6.41,3.707,33.53,51302.8,5.58,23.67,33347,0.87,0,1.191,8.35,-98.3,30.499,2.553,4.82,0
8/13/2021,3:50:00,0,Piney Point,1.14,3.59,56688.7,2.553,8.54,4.45,50697.2,103.3,103.3,6.44,3.706,33.53,51299,2.45,13.04,33344,0.74,0,1.18,8.35,-98.3,30.501,2.553,4.82,0
8/13/2021,4:00:00,0,Piney Point,2.68,9.8,56689.8,2.535,8.44,4.42,50696.9,97.8,97.8,6.1,3.679,33.53,51298.9,7.49,30.14,33344,1.25,0,1.174,8.34,-97.8,30.502,2.536,4.82,0
8/13/2021,4:10:00,0,Piney Point,0.88,2.49,56682,2.511,8.43,4.42,50694,96.6,96.6,6.03,3.645,33.53,51295.5,2.74,14.03,33342,0.81,0,1.181,8.34,-97.7,30.498,2.511,4.84,0
8/13/2021,4:20:00,0,Piney Point,0.94,2.76,56662.7,2.48,8.58,4.46,50693.7,96.8,96.8,6.04,3.6,33.53,51293.2,3.73,17.37,33341,0.91,0,1.184,8.34,-97.8,30.481,2.479,4.83,0
8/13/2021,4:30:00,0,Piney Point,0.85,2.39,56645.1,2.454,8.85,4.55,50696,98.1,98.1,6.12,3.561,33.53,51293.3,2.81,14.25,33341,1.07,0,1.175,8.34,-97.7,30.463,2.453,4.81,0
8/13/2021,4:40:00,0,Piney Point,1.68,5.75,56628.5,2.425,8.71,4.51,50695.8,95,95,5.93,3.52,33.53,51291.3,4.12,18.68,33339,1.33,0,1.191,8.33,-97.3,30.448,2.424,4.84,0
8/13/2021,4:50:00,0,Piney Point,0.95,2.79,56603,2.394,8.83,4.55,50694.4,95.6,95.6,5.97,3.475,33.53,51287.4,3.18,15.5,33337,0.87,0,1.191,8.33,-97.5,30.426,2.393,4.81,0
8/13/2021,5:00:00,0,Piney Point,1.11,3.46,56576.5,2.376,8.84,4.55,50690.5,95.3,95.3,5.95,3.449,33.52,51281.1,2.98,14.81,33333,1.88,0,1.178,8.33,-97.3,30.406,2.376,4.83,0
8/13/2021,5:10:00,0,Piney Point,0.85,2.37,56540.5,2.36,8.91,4.57,50682,94.9,94.9,5.93,3.426,33.51,51269.7,2.13,11.93,33325,0.79,0,1.172,8.34,-97.5,30.382,2.36,4.83,0
8/13/2021,5:20:00,0,Piney Point,1.04,3.18,56518.6,2.346,9.05,4.62,50681.2,94,94,5.87,3.405,33.51,51266.7,2.86,14.43,33323,0.71,0,1.177,8.33,-97.3,30.364,2.346,4.81,0
8/13/2021,5:30:00,0,Piney Point,0.97,2.88,56502,2.338,8.97,4.59,50679.9,92.6,92.6,5.79,3.393,33.51,51263.7,2.43,12.97,33321,0.95,0,1.178,8.33,-97.1,30.35,2.338,4.84,0
8/13/2021,5:40:00,0,Piney Point,0.87,2.46,56475.4,2.332,8.94,4.58,50679.2,91.6,91.6,5.73,3.385,33.51,51260.3,2.79,14.2,33319,1.07,0,1.183,8.32,-96.8,30.327,2.332,4.82,0
8/13/2021,5:50:00,0,Piney Point,1.11,3.45,56470,2.307,9,4.61,50680.4,85.7,85.7,5.36,3.349,33.51,51260.8,3.63,17.05,33320,1.16,0,1.191,8.31,-96.2,30.321,2.307,4.84,0
8/13/2021,6:00:00,0,Piney Point,0.82,2.27,56459.6,2.291,9.09,4.64,50681.7,87.4,87.4,5.47,3.325,33.51,51260.9,2.06,11.7,33320,0.7,0,1.173,8.32,-96.4,30.31,2.291,4.82,0
8/13/2021,6:10:00,0,Piney Point,0.94,2.76,56432.5,2.268,8.93,4.58,50680.8,88.7,88.7,5.55,3.292,33.51,51257.2,2.8,14.22,33317,0.77,0,1.174,8.32,-96.5,30.286,2.268,4.84,0
8/13/2021,6:20:00,0,Piney Point,1.52,5.12,56373.3,2.234,9.33,4.72,50656.5,86,86,5.38,3.242,33.49,51229.2,4.02,18.35,33299,1.07,0,1.172,8.31,-96.1,30.257,2.234,4.83,0
8/13/2021,6:30:00,0,Piney Point,0.81,2.22,56335.5,2.21,9.33,4.71,50644.1,85.4,85.4,5.35,3.208,33.48,51214.1,2.17,12.07,33289,0.8,0,1.183,8.31,-96,30.236,2.209,4.84,0
8/13/2021,6:40:00,0,Piney Point,0.71,1.8,56293.1,2.178,9.39,4.73,50618.5,83.2,83.2,5.22,3.161,33.46,51186.8,2.09,11.8,33271,0.84,0,1.18,8.31,-95.8,30.223,2.178,4.84,0
8/13/2021,6:50:00,0,Piney Point,0.57,1.26,56245.8,2.153,9.74,4.85,50598.7,81.8,81.8,5.13,3.125,33.44,51164.1,1.66,10.36,33257,1.02,0,1.181,8.3,-95.4,30.2,2.152,4.81,0
8/13/2021,7:00:00,0,Piney Point,3.17,11.8,56097.6,2.141,10.09,4.97,50522.8,83.4,83.4,5.24,3.107,33.38,51080.6,7.02,28.56,33202,1.18,0,1.18,8.31,-95.9,30.142,2.14,4.84,0
8/13/2021,7:10:00,0,Piney Point,0.46,0.79,56044,2.13,10.3,5.04,50501.4,83.1,83.1,5.22,3.091,33.37,51055.8,1.39,9.42,33186,1.19,0,1.18,8.31,-95.8,30.115,2.13,4.84,0
8/13/2021,7:20:00,0,Piney Point,0.38,0.49,56060.7,2.112,9.87,4.89,50512.4,75.3,75.3,4.73,3.066,33.37,51067.4,1.44,9.6,33194,0.71,0,1.18,8.29,-94.7,30.119,2.11,4.82,0
8/13/2021,7:30:00,0,Piney Point,0.51,1,56077.4,2.098,9.87,4.9,50518.6,72.1,72.1,4.52,3.045,33.38,51074.7,1.72,10.55,33199,1.12,0,1.179,8.28,-93.9,30.128,2.097,4.84,0
8/13/2021,7:40:00,0,Piney Point,0.5,0.96,56049.8,2.074,10.18,5,50499.8,69.2,69.2,4.35,3.009,33.37,51055,2.14,11.98,33186,0.76,0,1.181,8.27,-93.8,30.122,2.073,4.81,0
8/13/2021,7:50:00,0,Piney Point,0.45,0.76,55928.7,2.055,10.4,5.07,50429.5,73.4,73.4,4.61,2.982,33.31,50979.3,1.23,8.9,33137,0.9,0,1.18,8.29,-94.5,30.083,2.054,4.81,0
8/13/2021,8:00:00,0,Piney Point,0.35,0.35,55928.9,2.027,10.36,5.06,50431.1,66.5,66.5,4.18,2.941,33.31,50980.8,1.29,9.08,33138,0.78,0,1.18,8.27,-93.4,30.082,2.026,4.82,0
8/13/2021,8:10:00,0,Piney Point,0.54,1.12,55725.6,1.999,12.18,5.67,50307.9,68.4,68.4,4.31,2.901,33.22,50849.3,1.43,9.56,33052,0.72,0,1.18,8.28,-94,30.021,2,4.82,0
8/13/2021,8:20:00,0,Piney Point,0.74,1.95,55712.4,1.964,10.83,5.21,50307.7,67.8,67.8,4.27,2.85,33.22,50847.6,1.96,11.38,33051,0.74,0,1.179,8.27,-93.4,30.009,1.963,4.83,0
8/13/2021,8:30:00,0,Piney Point,0.51,1.01,55510.7,1.936,11.37,5.4,50158.5,72.4,72.4,4.56,2.809,33.1,50693,1.29,9.1,32950,0.85,0,1.177,8.29,-94.7,29.976,1.936,4.81,0
8/13/2021,8:40:00,0,Piney Point,0.43,0.67,55451.1,1.91,11.64,5.49,50127.6,74.9,74.9,4.73,2.771,33.08,50659.1,1.07,8.34,32928,0.9,0,1.174,8.29,-94.8,29.953,1.909,4.8,0
8/13/2021,8:50:00,0,Piney Point,0.51,1.01,55255.3,1.884,12.22,5.68,49980.3,77.5,77.5,4.9,2.734,32.97,50506.8,1.44,9.6,32829,1.6,0,1.181,8.31,-95.9,29.922,1.882,4.82,0
8/13/2021,9:00:00,0,Piney Point,0.43,0.7,55120.4,1.866,12.33,5.72,49886.1,82,82,5.18,2.707,32.9,50408.4,1.22,8.84,32765,0.68,0,1.191,8.32,-96.6,29.894,1.865,4.81,0
8/13/2021,9:10:00,0,Piney Point,0.32,0.25,55157.3,1.853,11.74,5.52,49914,79.4,79.4,5.02,2.689,32.92,50437.2,1.27,9.03,32784,0.68,0,1.173,8.31,-96.1,29.9,1.853,4.82,0
8/13/2021,9:20:00,0,Piney Point,0.26,-0.02,55216.1,1.845,11.87,5.56,49939.4,70.3,70.3,4.44,2.677,32.94,50466.1,0.91,7.8,32803,0.5,0,1.176,8.28,-94.3,29.928,1.844,4.81,0
8/13/2021,9:30:00,0,Piney Point,0.26,-0.02,55274.6,1.831,12.17,5.66,49967.1,64.6,64.6,4.08,2.657,32.96,50497,0.91,7.78,32823,0.67,0,1.177,8.27,-93.5,29.954,1.831,4.8,0
8/13/2021,9:40:00,0,Piney Point,0.27,0.06,55243.1,1.816,11.87,5.56,49931.6,70.2,70.2,4.43,2.635,32.94,50462,0.99,8.06,32800,0.54,0,1.178,8.27,-93.2,29.961,1.815,4.82,0
8/13/2021,9:50:00,0,Piney Point,0.24,-0.07,55278.7,1.803,11.66,5.49,49943.9,67.7,67.7,4.27,2.616,32.95,50476.7,0.88,7.71,32810,0.96,0,1.171,8.27,-93.4,29.981,1.802,4.81,0
8/13/2021,10:00:00,0,Piney Point,0.27,0.02,55279.7,1.797,12.06,5.62,49932.8,67.8,67.8,4.28,2.607,32.94,50466.9,0.77,7.33,32803,0.58,0,1.179,8.28,-93.9,29.993,1.795,4.83,0
8/13/2021,10:10:00,0,Piney Point,0.22,-0.17,55304.7,1.798,12.13,5.65,49934.9,70.5,70.5,4.44,2.609,32.94,50471.4,0.73,7.17,32806,0.47,0,1.186,8.29,-94.7,30.014,1.799,4.82,0
8/13/2021,10:20:00,0,Piney Point,0.18,-0.32,55322.4,1.802,12.13,5.65,49938.5,75,75,4.73,2.615,32.94,50476.5,0.78,7.36,32810,0.38,0,1.175,8.3,-95.5,30.026,1.802,4.81,0
8/13/2021,10:30:00,0,Piney Point,0.26,-0.02,55346.9,1.812,12.97,5.93,49938.1,83.4,83.4,5.25,2.629,32.94,50478.7,0.88,7.71,32811,0.42,0,1.181,8.32,-96.3,30.049,1.809,4.81,0
8/13/2021,10:40:00,0,Piney Point,0.14,-0.48,55394.9,1.828,13.8,6.2,49946.5,80.1,80.1,5.05,2.653,32.95,50491.3,0.63,6.85,32819,0.58,0,1.173,8.31,-95.7,30.085,1.827,4.81,0
8/13/2021,10:50:00,0,Piney Point,0.18,-0.32,55378.6,1.846,12.98,5.93,49917.6,82.7,82.7,5.21,2.678,32.93,50463.8,0.69,7.07,32801,0.82,0,1.176,8.32,-96.3,30.099,1.845,4.81,0
8/13/2021,11:00:00,0,Piney Point,0.19,-0.29,55556.9,1.864,14.18,6.33,50009.1,75.9,75.9,4.77,2.705,33,50564.4,0.99,8.08,32867,0.76,0,1.181,8.29,-94.5,30.169,1.862,4.81,0
8/13/2021,11:10:00,0,Piney Point,0.24,-0.07,55498.7,1.888,13.7,6.17,49943.8,78.7,78.7,4.95,2.74,32.96,50499.8,0.95,7.95,32825,0.71,0,1.187,8.29,-94.7,30.183,1.888,4.81,0
8/13/2021,11:20:00,0,Piney Point,0.28,0.08,55212.9,1.916,13.57,6.13,49784.2,88.7,88.7,5.59,2.78,32.83,50327,1.06,8.32,32713,0.82,0,1.178,8.33,-97.3,30.083,1.916,4.82,0
8/13/2021,11:30:00,0,Piney Point,0.4,0.55,54960.6,1.938,13.25,6.02,49653.3,95.7,95.7,6.04,2.812,32.73,50183.4,1.04,8.23,32619,0.63,0,1.175,8.36,-98.8,29.984,1.937,4.82,0
8/13/2021,11:40:00,0,Piney Point,0.45,0.78,54923.4,1.962,13.3,6.04,49648.2,97.1,97.1,6.13,2.847,32.73,50174.9,1.23,8.88,32614,0.89,0,1.181,8.36,-99.1,29.955,1.962,4.83,0
8/13/2021,11:50:00,0,Piney Point,1.22,3.91,54921.9,1.984,13.11,5.98,49652,99.1,99.1,6.27,2.879,32.73,50178.1,1.04,8.24,32616,0.38,0,1.187,8.37,-99.2,29.95,1.984,4.81,0
8/13/2021,12:00:00,0,Piney Point,0.44,0.74,54955.3,2.007,12.95,5.92,49680.7,98.8,98.8,6.24,2.912,32.75,50207.3,1.28,9.04,32635,0.41,0,1.177,8.37,-99.2,29.951,2.007,4.8,0
8/13/2021,12:10:00,0,Piney Point,0.38,0.48,54957.1,2.024,14.21,6.34,49672.6,99,99,6.26,2.936,32.74,50200.2,1.14,8.58,32630,0.43,0,1.185,8.36,-99.1,29.961,2.023,4.81,0
8/13/2021,12:20:00,0,Piney Point,0.38,0.5,54979.8,2.046,12.77,5.86,49670.3,100.1,100.1,6.32,2.968,32.74,50200.6,1.11,8.47,32630,0.51,0,1.177,8.37,-99.3,29.984,2.047,4.81,0
8/13/2021,12:30:00,0,Piney Point,0.53,1.09,55032.6,2.069,13.21,6.01,49695.3,100.5,100.5,6.35,3.001,32.76,50228.5,1.4,9.45,32649,0.46,0,1.18,8.37,-99.2,30.008,2.069,4.82,0
8/13/2021,12:40:00,0,Piney Point,0.61,1.41,55209.8,2.091,12.99,5.94,49797,102.1,102.1,6.44,3.034,32.84,50338.1,1.65,10.33,32720,0.65,0,1.191,8.37,-99.2,30.067,2.091,4.81,0
8/13/2021,12:50:00,0,Piney Point,0.46,0.79,55272.4,2.114,12.29,5.7,49819.7,103.3,103.3,6.51,3.067,32.86,50365,1.22,8.84,32737,0.64,0,1.171,8.37,-99.3,30.101,2.113,4.8,0
8/13/2021,13:00:00,0,Piney Point,1.1,3.41,55391.4,2.141,12.04,5.62,49871.6,104.8,104.8,6.6,3.106,32.9,50424,2.87,14.44,32776,0.89,0,1.183,8.37,-99.4,30.158,2.142,4.82,0
8/13/2021,13:10:00,0,Piney Point,0.84,2.34,55687.5,2.167,12.12,5.65,50060.8,107,107,6.72,3.144,33.05,50624.3,2.36,12.73,32906,0.83,0,1.179,8.37,-99.4,30.236,2.166,4.8,0
8/13/2021,13:20:00,0,Piney Point,0.92,2.67,55834.9,2.189,11.42,5.41,50145.4,106.1,106.1,6.66,3.177,33.11,50715.6,2.75,14.05,32965,1.01,0,1.184,8.36,-99.2,30.285,2.19,4.82,0
8/13/2021,13:30:00,0,Piney Point,0.77,2.07,55916.2,2.209,11.2,5.34,50184.3,106.4,106.4,6.67,3.206,33.14,50758.9,2.07,11.73,32993,0.61,0,1.182,8.36,-99.2,30.32,2.209,4.81,0
8/13/2021,13:40:00,0,Piney Point,1.27,4.1,55976.1,2.249,10.46,5.09,50223.6,106,106,6.64,3.263,33.17,50800.4,3.16,15.44,33020,0.6,0,1.184,8.36,-99,30.334,2.247,4.81,0
8/13/2021,13:50:00,0,Piney Point,1.72,5.93,55918.4,2.24,10.57,5.13,50193,104.5,104.5,6.55,3.251,33.15,50766.9,4.78,20.93,32998,0.69,0,1.191,8.36,-98.7,30.313,2.24,4.81,0
8/13/2021,14:00:00,0,Piney Point,0.72,1.88,55899.3,2.275,11.06,5.29,50187,103.9,103.9,6.52,3.301,33.14,50759.5,2.28,12.45,32994,0.6,0,1.18,8.35,-98.6,30.301,2.273,4.81,0
8/13/2021,14:10:00,0,Piney Point,1.88,6.56,55895.8,2.28,10.6,5.14,50184,98.5,98.5,6.18,3.309,33.14,50756.5,2.87,14.47,32992,0.56,0,1.175,8.35,-98.2,30.301,2.28,4.82,0
8/13/2021,14:20:00,0,Piney Point,0.91,2.64,55840.1,2.304,9.89,4.9,50154.7,100.8,100.8,6.32,3.343,33.12,50724.4,2.48,13.14,32971,0.55,0,1.174,8.35,-98.4,30.28,2.304,4.82,0
8/13/2021,14:30:00,0,Piney Point,1.21,3.84,55820.1,2.306,9.64,4.82,50173,103.2,103.2,6.48,3.347,33.13,50738.6,3.53,16.69,32980,0.5,0,1.191,8.35,-98.5,30.243,2.307,4.81,0
8/13/2021,14:40:00,0,Piney Point,0.95,2.79,55840.7,2.33,11.17,5.33,50196.2,100,100,6.28,3.381,33.15,50761.6,2.52,13.27,32995,0.55,0,1.186,8.34,-98,30.239,2.33,4.81,0
8/13/2021,14:50:00,0,Piney Point,0.81,2.21,55865.1,2.358,9.56,4.79,50222.8,100.4,100.4,6.3,3.422,33.17,50787.9,2.41,12.89,33012,0.93,0,1.18,8.34,-97.9,30.234,2.359,4.8,0
8/13/2021,15:00:00,0,Piney Point,0.91,2.65,55909,2.375,9.43,4.75,50266.9,100.4,100.4,6.3,3.446,33.2,50832,2.71,13.92,33041,1,0,1.173,8.34,-97.8,30.229,2.374,4.83,0
8/13/2021,15:10:00,0,Piney Point,1.26,4.07,55993,2.385,9.1,4.64,50349.3,101.2,101.2,6.35,3.462,33.26,50914.5,3.53,16.69,33094,0.83,0,1.179,8.34,-97.6,30.222,2.392,4.81,0
8/13/2021,15:20:00,0,Piney Point,1.33,4.35,56032.5,2.404,9.85,4.89,50389.1,100.6,100.6,6.31,3.489,33.29,50954.2,4.16,18.85,33120,1.03,0,1.178,8.34,-97.4,30.218,2.401,4.8,0
8/13/2021,15:30:00,0,Piney Point,1.19,3.77,56008.5,2.409,9.56,4.79,50369.6,99.4,99.4,6.24,3.496,33.27,50934.2,3.49,16.55,33107,2.9,0,1.184,8.33,-97.1,30.216,2.401,4.83,0
8/13/2021,15:40:00,0,Piney Point,1.48,4.95,55950.3,2.407,9.37,4.73,50332.6,100,100,6.28,3.493,33.25,50895.1,4.55,20.17,33082,3.73,0,1.178,8.33,-97.2,30.2,2.405,4.82,0
8/13/2021,15:50:00,0,Piney Point,1.62,5.52,55944.1,2.414,9.91,4.91,50313.3,97.4,97.4,6.11,3.504,33.23,50877.1,5.38,22.96,33070,7.68,0,1.183,8.32,-96.8,30.214,2.414,4.82,0
8/13/2021,16:00:00,0,Piney Point,2.6,9.5,55913.1,2.41,9.27,4.7,50279.8,100.8,100.8,6.33,3.497,33.21,50843.9,5.25,22.52,33049,8.2,0,1.178,8.34,-97.5,30.22,2.412,4.81,0
8/13/2021,16:10:00,0,Piney Point,1.56,5.26,55935.3,2.403,9.44,4.75,50279.5,102.4,102.4,6.42,3.487,33.21,50845.9,4.36,19.5,33050,3.21,0,1.183,8.34,-97.8,30.241,2.404,4.83,0
8/13/2021,16:20:00,0,Piney Point,1.68,5.76,55935.1,2.383,9.28,4.7,50281.2,102.8,102.8,6.45,3.459,33.21,50847.5,4.8,20.99,33051,5.31,0,1.178,8.34,-98,30.239,2.391,4.83,0
8/13/2021,16:30:00,0,Piney Point,1.74,6,55906.3,2.368,9.55,4.79,50272.6,102.9,102.9,6.46,3.437,33.2,50836.7,4.96,21.55,33044,5.09,0,1.183,8.35,-98.1,30.221,2.377,4.84,0
8/13/2021,16:40:00,0,Piney Point,2.41,8.71,55874.1,2.368,9.47,4.76,50262.7,101.7,101.7,6.39,3.437,33.19,50824.5,5.39,23.02,33036,3.27,0,1.178,8.35,-98.1,30.202,2.365,4.82,0
8/13/2021,16:50:00,0,Piney Point,1.75,6.02,55832.5,2.355,9.76,4.86,50267.3,101.5,101.5,6.38,3.418,33.19,50824.2,5.53,23.5,33036,4.85,0,1.183,8.35,-98.1,30.159,2.352,4.82,0
8/13/2021,17:00:00,0,Piney Point,2.88,10.63,55790.5,2.333,9.48,4.77,50269.1,101.7,101.7,6.4,3.386,33.19,50821.4,7.96,31.73,33034,1.32,0,1.178,8.35,-98.2,30.119,2.329,4.83,0
8/13/2021,17:10:00,0,Piney Point,1.71,5.88,55778.2,2.318,9.3,4.7,50268.9,97.8,97.8,6.15,3.364,33.19,50819.9,4.48,19.93,33033,2.81,0,1.184,8.34,-97.6,30.108,2.317,4.81,0
8/13/2021,17:20:00,0,Piney Point,3.11,11.57,55738.2,2.299,9.26,4.69,50296.9,100.2,100.2,6.31,3.337,33.21,50840.7,9.52,37.03,33046,1.33,0,1.178,8.34,-97.9,30.043,2.298,4.8,0
8/13/2021,17:30:00,0,Piney Point,1.7,5.83,55729.2,2.285,9.28,4.7,50312.2,98.5,98.5,6.2,3.316,33.22,50853.5,4.66,20.53,33055,2.88,0,1.183,8.34,-97.6,30.02,2.285,4.81,0
8/13/2021,17:40:00,0,Piney Point,1.94,6.82,55730.6,2.256,8.88,4.56,50323.2,94.6,94.6,5.96,3.274,33.23,50863.4,5.85,24.56,33061,1.18,0,1.178,8.33,-97.2,30.01,2.255,4.8,0
8/13/2021,17:50:00,0,Piney Point,1.29,4.17,55727.8,2.239,9.27,4.7,50346.4,94.1,94.1,5.93,3.25,33.24,50883.9,3.06,15.11,33075,0.72,0,1.183,8.33,-97.3,29.984,2.239,4.83,0
8/13/2021,18:00:00,0,Piney Point,1.03,3.13,55715.9,2.217,9.29,4.7,50359.1,93.9,93.9,5.92,3.218,33.25,50894,3.68,17.2,33081,0.89,0,1.179,8.33,-97.3,29.96,2.217,4.8,0
8/13/2021,18:10:00,0,Piney Point,1.01,3.04,55685,2.202,9.31,4.71,50355.3,93.8,93.8,5.91,3.195,33.25,50887.3,2.72,13.94,33077,0.78,0,1.183,8.33,-97.2,29.936,2.201,4.8,0
8/13/2021,18:20:00,0,Piney Point,1.49,4.98,55647,2.182,9.52,4.78,50335.8,94.1,94.1,5.94,3.166,33.23,50865.9,5.31,22.72,33063,0.69,0,1.179,8.33,-97.1,29.921,2.181,4.81,0
8/13/2021,18:30:00,0,Piney Point,0.78,2.1,55573.8,2.166,9.62,4.81,50300.5,95.2,95.2,6.01,3.143,33.21,50826.6,2.23,12.28,33037,1.41,0,1.183,8.33,-97.3,29.89,2.165,4.8,0
8/13/2021,18:40:00,0,Piney Point,1.32,4.28,55520.5,2.139,9.66,4.82,50272.7,92.1,92.1,5.81,3.104,33.18,50796.1,3.74,17.42,33017,0.87,0,1.178,8.33,-97.3,29.869,2.137,4.81,0
8/13/2021,18:50:00,0,Piney Point,0.82,2.26,55508.6,2.126,9.9,4.9,50264.1,89.1,89.1,5.62,3.085,33.18,50787.2,2.56,13.39,33012,1.95,0,1.183,8.32,-96.5,29.867,2.126,4.81,0
8/13/2021,19:00:00,0,Piney Point,0.58,1.3,55478.9,2.112,11.12,5.31,50246.8,85.9,85.9,5.43,3.065,33.16,50768.6,2.19,12.14,33000,0.75,0,1.178,8.31,-96.1,29.858,2.111,4.8,0
8/13/2021,19:10:00,0,Piney Point,0.43,0.68,55482.6,2.108,10.76,5.19,50248.5,83.4,83.4,5.27,3.06,33.17,50770.5,1.37,9.36,33001,0.74,0,1.183,8.31,-95.5,29.859,2.108,4.8,0
8/13/2021,19:20:00,0,Piney Point,0.37,0.44,55486.1,2.103,10.8,5.21,50246.3,77.5,77.5,4.89,3.052,33.16,50768.9,1.28,9.06,33000,0.61,0,1.179,8.28,-94.3,29.865,2.103,4.8,0
8/13/2021,19:30:00,0,Piney Point,0.25,-0.03,55476.4,2.097,10.76,5.19,50241.4,75.3,75.3,4.76,3.043,33.16,50763.5,1.02,8.17,32996,0.7,0,1.183,8.28,-94.2,29.861,2.097,4.8,0
8/13/2021,19:40:00,0,Piney Point,0.44,0.72,55476.1,2.093,10.48,5.1,50244,78.2,78.2,4.94,3.037,33.16,50765.8,1.34,9.26,32998,0.7,0,1.178,8.3,-95.3,29.858,2.092,4.81,0
8/13/2021,19:50:00,0,Piney Point,0.27,0.04,55475,2.083,10.04,4.95,50235.5,73,73,4.61,3.023,33.16,50758.1,1.05,8.27,32993,0.77,0,1.183,8.28,-93.8,29.865,2.083,4.8,0
8/13/2021,20:00:00,0,Piney Point,0.34,0.31,55456.6,2.08,10.29,5.03,50222,70.9,70.9,4.47,3.019,33.15,50744.1,1.19,8.74,32984,0.48,0,1.178,8.27,-93.6,29.862,2.081,4.79,0
8/13/2021,20:10:00,0,Piney Point,0.24,-0.06,55467.7,2.075,10.84,5.22,50231.9,68.7,68.7,4.34,3.011,33.15,50754.1,0.98,8.03,32990,0.54,0,1.183,8.28,-93.9,29.862,2.074,4.8,0
8/13/2021,20:20:00,0,Piney Point,0.4,0.58,55388.6,2.061,10.64,5.15,50193.5,68.7,68.7,4.34,2.991,33.12,50711.5,1.25,8.97,32962,0.61,0,1.179,8.27,-93.4,29.829,2.061,4.81,0
8/13/2021,20:30:00,0,Piney Point,0.99,2.95,55177.9,2.053,10.72,5.18,50089.7,74.7,74.7,4.73,2.979,33.04,50596.5,2.56,13.41,32888,0.47,0,1.184,8.29,-94.7,29.741,2.053,4.81,0
8/13/2021,20:40:00,0,Piney Point,1.1,3.42,55019,2.029,11.01,5.28,50030,84.1,84.1,5.33,2.944,32.99,50526.4,3.03,15,32842,0.87,0,1.178,8.31,-96,29.655,2.028,4.8,0
8/13/2021,20:50:00,0,Piney Point,0.65,1.59,55100.9,2.015,11.09,5.3,50070.2,75.5,75.5,4.79,2.925,33.02,50571,2.05,11.67,32871,0.45,0,1.183,8.29,-94.3,29.69,2.015,4.8,0
8/13/2021,21:00:00,0,Piney Point,0.62,1.47,55158.1,1.993,10.85,5.22,50097.5,67.3,67.3,4.26,2.892,33.05,50601.4,1.67,10.37,32891,1.4,0,1.178,8.25,-92.4,29.715,1.992,4.81,0
8/13/2021,21:10:00,0,Piney Point,0.35,0.37,55169.3,1.975,11.28,5.37,50105.3,62.5,62.5,3.96,2.867,33.05,50609.5,1.15,8.6,32896,0.38,0,1.183,8.23,-90.9,29.717,1.974,4.82,0
8/13/2021,21:20:00,0,Piney Point,0.33,0.29,55141.4,1.953,11.3,5.37,50086.8,58.8,58.8,3.72,2.834,33.04,50590.1,0.93,7.88,32884,0.63,0,1.191,8.24,-91.4,29.71,1.952,4.81,0
8/13/2021,21:30:00,0,Piney Point,0.37,0.44,55145.5,1.92,11.15,5.32,50084.5,53.4,53.4,3.38,2.787,33.04,50588.4,1.12,8.5,32882,0.93,0,1.176,8.22,-90.6,29.716,1.919,4.8,0
8/13/2021,21:40:00,0,Piney Point,0.43,0.68,54981.6,1.895,11.62,5.48,49988,58.2,58.2,3.69,2.75,32.96,50484.9,1.45,9.64,32815,0.46,0,1.18,8.23,-91.2,29.663,1.894,4.79,0
8/13/2021,21:50:00,0,Piney Point,0.44,0.73,54916.2,1.875,11.66,5.49,49951.6,56.3,56.3,3.57,2.72,32.93,50445.5,1,8.11,32790,0.3,0,1.181,8.23,-91.2,29.64,1.875,4.79,0
8/13/2021,22:00:00,0,Piney Point,0.45,0.78,54787.6,1.861,11.98,5.6,49877.1,59.7,59.7,3.79,2.7,32.88,50365.4,1.43,9.58,32737,0.35,0,1.191,8.25,-92.2,29.597,1.86,4.79,0
8/13/2021,22:10:00,0,Piney Point,0.25,-0.03,54781.3,1.85,12.03,5.61,49892.3,59.3,59.3,3.77,2.685,32.89,50378.3,0.92,7.83,32746,0.4,0,1.174,8.25,-91.9,29.576,1.849,4.8,0
8/13/2021,22:20:00,0,Piney Point,0.26,0.01,54782,1.856,12.17,5.66,49889.6,56,56,3.56,2.693,32.89,50376,1.06,8.3,32744,0.3,0,1.183,8.22,-90.3,29.579,1.855,4.79,0
8/13/2021,22:30:00,0,Piney Point,0.32,0.25,54674.1,1.85,11.6,5.47,49805.6,57,57,3.62,2.684,32.82,50289.6,1.18,8.72,32688,0.3,0,1.18,8.23,-91.3,29.565,1.85,4.8,0
8/13/2021,22:40:00,0,Piney Point,0.22,-0.17,54650,1.847,11.65,5.49,49788.3,52.7,52.7,3.35,2.681,32.81,50271.5,0.72,7.17,32676,0.32,0,1.184,8.24,-91.5,29.56,1.848,4.79,0
8/13/2021,22:50:00,0,Piney Point,0.29,0.13,54711.5,1.843,11.77,5.53,49828,48.9,48.9,3.11,2.675,32.84,50313.4,0.82,7.48,32704,0.39,0,1.178,8.2,-89.1,29.577,1.843,4.79,0
8/13/2021,23:00:00,0,Piney Point,0.24,-0.08,54657.2,1.836,12,5.6,49792.9,51.4,51.4,3.27,2.664,32.81,50276.4,0.8,7.42,32680,0.45,0,1.183,8.22,-90.5,29.562,1.835,4.8,0
8/13/2021,23:10:00,0,Piney Point,0.21,-0.19,54636.3,1.828,12.08,5.63,49783.2,50.1,50.1,3.18,2.653,32.8,50265.5,0.93,7.87,32673,0.39,0,1.179,8.2,-89.4,29.553,1.827,4.8,0
8/13/2021,23:20:00,0,Piney Point,0.26,0.01,54697.4,1.839,12.32,5.71,49825.9,43.3,43.3,2.75,2.669,32.84,50310.1,0.82,7.48,32702,0.76,0,1.183,8.19,-88.4,29.566,1.84,4.8,0
8/13/2021,23:30:00,0,Piney Point,0.51,1.01,54657.3,1.86,12.73,5.85,49804,38.8,38.8,2.47,2.699,32.82,50286.3,1.86,11.03,32686,3.43,0,1.178,8.17,-87.3,29.551,1.859,4.8,0
8/13/2021,23:40:00,0,Piney Point,0.31,0.22,54686,1.88,12.59,5.8,49835,36,36,2.29,2.728,32.84,50317.1,0.98,8.02,32706,0.56,0,1.183,8.15,-86.5,29.546,1.879,4.8,0
8/13/2021,23:50:00,0,Piney Point,0.85,2.4,54070.8,1.914,13.62,6.14,49470.7,70.6,70.6,4.51,2.777,32.56,49926.8,2.54,13.32,32452,0.36,0,1.178,8.28,-94.1,29.346,1.914,4.8,0
8/14/2021,0:00:00,0,Piney Point,1.11,3.46,53931.2,1.937,13.55,6.12,49445.4,83.9,83.9,5.37,2.811,32.54,49889.7,2.8,14.21,32428,0.41,0,1.183,8.33,-96.8,29.241,1.937,4.79,0
8/14/2021,0:10:00,0,Piney Point,1.11,3.45,54005.9,1.974,13.36,6.06,49518.2,83.2,83.2,5.32,2.864,32.59,49962.6,2.97,14.79,32476,0.42,0,1.179,8.32,-96.5,29.237,1.974,4.79,0
8/14/2021,0:20:00,0,Piney Point,1.33,4.34,54192.9,1.995,12.83,5.88,49693.2,85.9,85.9,5.49,2.895,32.72,50138.8,3.32,15.99,32590,0.44,0,1.183,8.33,-96.6,29.233,1.994,4.79,0
8/14/2021,0:30:00,0,Piney Point,1.76,6.09,54282.9,2.014,12.5,5.77,49774.7,85.8,85.8,5.48,2.923,32.78,50221.1,5.06,21.89,32644,0.67,0,1.178,8.32,-96.5,29.235,2.014,4.79,0
8/14/2021,0:40:00,0,Piney Point,1.71,5.87,54362.8,2.034,12.17,5.66,49852.1,85.7,85.7,5.48,2.951,32.84,50298.7,4.25,19.15,32694,0.51,0,1.183,8.32,-96.2,29.23,2.033,4.8,0
8/14/2021,0:50:00,0,Piney Point,3.23,12.07,54457.4,2.072,11.69,5.5,49951.8,84.7,84.7,5.41,3.006,32.91,50397.8,8.37,33.13,32759,0.71,0,1.178,8.32,-96,29.217,2.073,4.79,0
8/14/2021,1:00:00,0,Piney Point,3.63,13.66,54517.9,2.098,11.4,5.41,50007.7,83.5,83.5,5.33,3.045,32.95,50454.2,8.58,33.84,32795,0.63,0,1.183,8.31,-95.7,29.217,2.098,4.79,0
8/14/2021,1:10:00,0,Piney Point,2.12,7.55,54609.1,2.124,11.27,5.36,50083.3,82.8,82.8,5.28,3.083,33.01,50531.4,5.1,22.02,32845,0.65,0,1.178,8.31,-95.4,29.225,2.124,4.79,0
8/14/2021,1:20:00,0,Piney Point,0.79,2.16,54728.4,2.152,10.83,5.21,50181.9,80.1,80.1,5.11,3.123,33.08,50632.1,2.23,12.28,32911,1.13,0,1.183,8.3,-94.9,29.236,2.151,4.8,0
8/14/2021,1:30:00,0,Piney Point,1.38,4.55,54857.3,2.179,10.48,5.1,50290.5,80.9,80.9,5.16,3.162,33.17,50742.8,3.81,17.63,32983,0.97,0,1.179,8.29,-94.8,29.245,2.179,4.79,0
8/14/2021,1:40:00,0,Piney Point,1.63,5.57,54853.4,2.217,10.67,5.16,50296,81,81,5.17,3.219,33.17,50747.2,4.14,18.77,32986,0.85,0,1.183,8.29,-94.8,29.236,2.216,4.81,0
8/14/2021,1:50:00,0,Piney Point,1.71,5.87,54813.1,2.257,10.54,5.12,50273.7,81.4,81.4,5.2,3.276,33.15,50723.1,4.77,20.89,32970,0.84,0,1.178,8.29,-94.7,29.222,2.258,4.79,0
8/14/2021,2:00:00,0,Piney Point,1.51,5.05,54832.2,2.3,10.36,5.06,50293.3,81.4,81.4,5.2,3.338,33.17,50742.7,4.38,19.56,32983,0.79,0,1.183,8.29,-94.6,29.22,2.298,4.79,0
8/14/2021,2:10:00,0,Piney Point,1.24,3.96,54822.8,2.323,10.17,5,50287.6,81.1,81.1,5.17,3.372,33.16,50736.5,4.87,21.23,32979,0.87,0,1.178,8.29,-94.5,29.217,2.323,4.8,0
8/14/2021,2:20:00,0,Piney Point,1.03,3.12,54776.7,2.345,10.44,5.08,50244.2,80.9,80.9,5.16,3.404,33.13,50692.9,2.64,13.67,32950,0.89,0,1.183,8.29,-94.6,29.218,2.345,4.79,0
8/14/2021,2:30:00,0,Piney Point,1.28,4.15,54717.6,2.371,10.67,5.16,50189.1,81.2,81.2,5.18,3.441,33.09,50637.4,2.74,14,32914,0.79,0,1.179,8.29,-94.6,29.219,2.37,4.79,0
8/14/2021,2:40:00,0,Piney Point,0.7,1.8,54669.8,2.389,10.68,5.17,50142.4,80.2,80.2,5.12,3.468,33.05,50590.6,2.36,12.71,32884,0.62,0,1.183,8.29,-94.5,29.221,2.389,4.78,0
8/14/2021,2:50:00,0,Piney Point,0.78,2.09,54591.7,2.408,11,5.27,50075.1,81.1,81.1,5.18,3.495,33,50522.3,2.42,12.93,32839,0.74,0,1.179,8.29,-94.8,29.217,2.408,4.8,0
8/14/2021,3:00:00,0,Piney Point,0.75,1.98,54542.3,2.432,11.07,5.29,50037.6,81.7,81.7,5.22,3.53,32.98,50483.6,2.34,12.65,32814,0.64,0,1.183,8.3,-94.9,29.209,2.432,4.79,0
8/14/2021,3:10:00,0,Piney Point,1.01,3.03,54549.2,2.455,11.05,5.29,50045.1,80.5,80.5,5.14,3.563,32.98,50491,3.09,15.21,32819,0.9,0,1.178,8.29,-94.6,29.208,2.456,4.8,0
8/14/2021,3:20:00,0,Piney Point,1.58,5.35,54550.4,2.475,11.06,5.29,50051.8,81.6,81.6,5.21,3.592,32.99,50497.1,4.4,19.63,32823,0.75,0,1.183,8.29,-94.7,29.202,2.475,4.79,0
8/14/2021,3:30:00,0,Piney Point,0.79,2.16,54571.3,2.498,10.94,5.25,50066,80.5,80.5,5.14,3.626,33,50512,2.43,12.95,32833,0.97,0,1.178,8.29,-94.5,29.208,2.498,4.79,0
8/14/2021,3:40:00,0,Piney Point,1.46,4.85,54596,2.519,10.83,5.21,50088.7,81.9,81.9,5.23,3.657,33.01,50534.8,4.27,19.21,32848,0.73,0,1.183,8.29,-94.6,29.208,2.521,4.79,0
8/14/2021,3:50:00,0,Piney Point,0.68,1.68,54616.2,2.532,10.77,5.19,50099.7,80.5,80.5,5.14,3.676,33.02,50546.8,1.95,11.32,32855,0.69,0,1.178,8.29,-94.2,29.215,2.531,4.79,0
8/14/2021,4:00:00,0,Piney Point,1.26,4.04,54639.6,2.511,10.34,5.05,50112.9,75,75,4.79,3.645,33.03,50561.1,3.32,15.97,32865,0.68,0,1.183,8.28,-93.7,29.223,2.51,4.79,0
8/14/2021,4:10:00,0,Piney Point,1.12,3.5,54633.3,2.481,10.41,5.08,50123.1,77.9,77.9,4.98,3.601,33.04,50569.6,4.59,20.28,32870,1.04,0,1.179,8.28,-93.9,29.207,2.481,4.79,0
8/14/2021,4:20:00,0,Piney Point,1.51,5.09,54613.3,2.449,10.4,5.07,50129.8,75.8,75.8,4.84,3.555,33.04,50573.5,3.82,17.68,32873,0.69,0,1.183,8.28,-93.8,29.182,2.449,4.78,0
8/14/2021,4:30:00,0,Piney Point,1.04,3.16,54586.5,2.434,10.58,5.13,50130.8,77.7,77.7,4.96,3.533,33.04,50571.6,4.02,18.36,32872,0.94,0,1.191,8.28,-93.9,29.157,2.433,4.79,0
8/14/2021,4:40:00,0,Piney Point,0.62,1.44,54566.6,2.441,10.97,5.26,50131.2,76.8,76.8,4.91,3.543,33.04,50569.9,1.73,10.59,32870,0.74,0,1.175,8.28,-93.8,29.138,2.44,4.79,0
8/14/2021,4:50:00,0,Piney Point,1.09,3.37,54560.7,2.441,10.52,5.11,50129.5,73.7,73.7,4.71,3.543,33.04,50567.7,2.89,14.53,32869,1.18,0,1.176,8.27,-93.2,29.134,2.44,4.79,0
8/14/2021,5:00:00,0,Piney Point,0.84,2.37,54553,2.44,10.29,5.03,50125.1,67.3,67.3,4.3,3.542,33.04,50563,2.73,13.99,32866,1.11,0,1.176,8.26,-92.6,29.131,2.441,4.79,0
8/14/2021,5:10:00,0,Piney Point,0.94,2.75,54534.7,2.449,10.98,5.26,50126.3,73.2,73.2,4.68,3.554,33.04,50562.2,2.74,14.01,32865,0.7,0,1.191,8.27,-93.2,29.113,2.449,4.79,0
8/14/2021,5:20:00,0,Piney Point,0.73,1.92,54542.1,2.453,10.87,5.23,50139.2,72.2,72.2,4.62,3.561,33.05,50574.5,2.04,11.64,32873,1.04,0,1.189,8.26,-92.9,29.107,2.452,4.79,0
8/14/2021,5:30:00,0,Piney Point,1.23,3.94,54547.4,2.451,10.5,5.1,50155.8,73,73,4.67,3.558,33.06,50589.9,2.87,14.44,32883,2.89,0,1.173,8.27,-93.1,29.096,2.451,4.79,0
8/14/2021,5:40:00,0,Piney Point,0.68,1.71,54548.5,2.459,10.63,5.15,50167.9,74.8,74.8,4.78,3.569,33.07,50600.9,2.29,12.49,32891,0.96,0,1.184,8.27,-93.1,29.085,2.458,4.79,0
8/14/2021,5:50:00,0,Piney Point,0.57,1.27,54561.1,2.462,11.11,5.31,50178.8,73.2,73.2,4.68,3.574,33.07,50612,1.72,10.53,32898,0.71,0,1.18,8.26,-92.9,29.085,2.462,4.79,0
8/14/2021,6:00:00,0,Piney Point,1.53,5.14,54557.6,2.461,10.59,5.13,50178.3,69.3,69.3,4.43,3.572,33.07,50611.2,3.77,17.52,32897,1.27,0,1.183,8.26,-92.5,29.083,2.46,4.78,0
8/14/2021,6:10:00,0,Piney Point,2.87,10.58,54542.4,2.457,10.15,4.99,50189.3,68.6,68.6,4.39,3.566,33.08,50619.4,8.41,33.26,32903,2.38,0,1.191,8.26,-92.6,29.058,2.456,4.78,0
8/14/2021,6:20:00,0,Piney Point,1.69,5.81,54532.1,2.439,10.17,4.99,50186.8,67.1,67.1,4.29,3.541,33.08,50616.1,4.59,20.28,32900,1.51,0,1.175,8.25,-92.3,29.051,2.438,4.78,0
8/14/2021,6:30:00,0,Piney Point,1.29,4.19,54509.6,2.429,10.84,5.22,50196.1,72.4,72.4,4.63,3.525,33.08,50622.2,3.78,17.55,32904,0.83,0,1.18,8.26,-92.7,29.021,2.428,4.79,0
8/14/2021,6:40:00,0,Piney Point,1.09,3.36,54494.8,2.415,10.62,5.15,50197.8,69.9,69.9,4.48,3.506,33.08,50622.1,2.48,13.11,32904,0.63,0,1.179,8.26,-92.5,29.005,2.415,4.78,0
8/14/2021,6:50:00,0,Piney Point,1.19,3.78,54476.6,2.394,10.41,5.08,50197.2,67.7,67.7,4.34,3.475,33.08,50619.7,2.38,12.8,32903,0.73,0,1.191,8.25,-92,28.989,2.394,4.78,0
8/14/2021,7:00:00,0,Piney Point,1.02,3.06,54460.2,2.369,10.42,5.08,50194,67.1,67.1,4.3,3.439,33.08,50615.1,2.91,14.59,32900,1.04,0,1.179,8.25,-92.1,28.977,2.368,4.78,0
8/14/2021,7:10:00,0,Piney Point,1.05,3.21,54445,2.339,10.72,5.18,50197.2,65.6,65.6,4.2,3.396,33.08,50616.4,3.16,15.44,32901,1.2,0,1.182,8.25,-92,28.96,2.339,4.78,0
8/14/2021,7:20:00,0,Piney Point,1.05,3.22,54435.6,2.304,10.45,5.09,50199.5,63.5,63.5,4.07,3.345,33.08,50617.5,3.14,15.37,32901,0.99,0,1.185,8.24,-91.5,28.949,2.304,4.79,0
8/14/2021,7:30:00,0,Piney Point,1.96,6.89,54425.7,2.266,10.52,5.11,50211.8,65.9,65.9,4.22,3.29,33.09,50627.5,4.34,19.43,32908,1.93,0,1.174,8.25,-91.8,28.928,2.265,4.79,0
8/14/2021,7:40:00,0,Piney Point,2.25,8.08,54444.4,2.23,10.46,5.09,50250.8,62.1,62.1,3.98,3.238,33.12,50664.4,5.1,22.03,32932,1.01,0,1.18,8.24,-91.3,28.906,2.229,4.78,0
8/14/2021,7:50:00,0,Piney Point,3.4,12.74,54460.6,2.197,10.79,5.2,50288.5,62,62,3.98,3.189,33.15,50699.9,9.5,36.95,32955,2.01,0,1.174,8.23,-91,28.884,2.196,4.79,0
8/14/2021,8:00:00,0,Piney Point,2.01,7.09,54479.2,2.165,10.37,5.06,50312.8,60.2,60.2,3.86,3.143,33.16,50723.6,5.05,21.85,32970,1.38,0,1.179,8.23,-90.9,28.877,2.165,4.78,0
8/14/2021,8:10:00,0,Piney Point,1.4,4.62,54479.4,2.137,10.59,5.13,50332.1,60.5,60.5,3.88,3.102,33.18,50741,3.84,17.76,32982,1.04,0,1.178,8.23,-90.7,28.857,2.137,4.79,0
8/14/2021,8:20:00,0,Piney Point,1.76,6.07,54453.5,2.104,10.55,5.12,50329.8,57.9,57.9,3.72,3.055,33.17,50736.1,5.51,23.42,32978,0.59,0,1.183,8.23,-90.6,28.836,2.103,4.78,0
8/14/2021,8:30:00,0,Piney Point,2.52,9.16,54408.5,2.078,10.48,5.1,50309.8,56.8,56.8,3.65,3.016,33.16,50713.6,6.97,28.36,32964,1.13,0,1.178,8.23,-90.6,28.814,2.077,4.78,0
8/14/2021,8:40:00,0,Piney Point,1.62,5.53,54366.3,2.054,11.03,5.28,50282,58.8,58.8,3.77,2.982,33.14,50684.4,3.93,18.05,32945,0.82,0,1.183,8.23,-90.7,28.803,2.054,4.78,0
8/14/2021,8:50:00,0,Piney Point,1.04,3.17,54340.3,2.033,10.65,5.15,50262.7,57.8,57.8,3.72,2.951,33.12,50664.4,2.71,13.91,32932,2.47,0,1.178,8.23,-90.6,28.799,2.031,4.78,0
8/14/2021,9:00:00,0,Piney Point,1.24,3.98,54304.8,2.007,10.52,5.11,50234.6,58.2,58.2,3.74,2.914,33.1,50635.5,3.24,15.7,32913,0.5,0,1.183,8.22,-90.4,28.794,2.006,4.78,0
8/14/2021,9:10:00,0,Piney Point,0.84,2.36,54290.1,1.983,10.79,5.2,50211.4,56.5,56.5,3.63,2.878,33.08,50613.2,2.12,11.91,32899,0.69,0,1.179,8.22,-90.4,28.803,1.983,4.78,0
8/14/2021,9:20:00,0,Piney Point,0.57,1.25,54238.3,1.962,11.49,5.43,50165,57.1,57.1,3.67,2.848,33.05,50566.3,1.51,9.85,32868,0.58,0,1.183,8.23,-90.7,28.802,1.961,4.78,0
8/14/2021,9:30:00,0,Piney Point,0.39,0.53,54201,1.942,11.56,5.46,50129.8,58.1,58.1,3.74,2.819,33.02,50530.8,1.5,9.79,32845,0.86,0,1.178,8.23,-90.9,28.803,1.94,4.78,0
8/14/2021,9:40:00,0,Piney Point,0.16,-0.42,54199.4,1.927,11.19,5.34,50115.6,55.7,55.7,3.58,2.798,33.01,50517.9,0.73,7.18,32837,0.99,0,1.183,8.23,-90.5,28.815,1.928,4.78,0
8/14/2021,9:50:00,0,Piney Point,0.19,-0.29,54256.1,1.916,12.06,5.62,50134.5,57.6,57.6,3.7,2.782,33.03,50540.7,0.93,7.86,32851,0.66,0,1.178,8.23,-90.6,28.849,1.915,4.79,0
8/14/2021,10:00:00,0,Piney Point,0.22,-0.18,54280.4,1.905,11.44,5.42,50114.7,58.2,58.2,3.74,2.765,33.02,50525.5,0.6,6.73,32842,0.53,0,1.183,8.23,-90.6,28.891,1.903,4.78,0
8/14/2021,10:10:00,0,Piney Point,0.25,-0.06,54315,1.889,11.48,5.43,50113.5,54.8,54.8,3.52,2.742,33.02,50528,1.16,8.64,32843,1.35,0,1.178,8.21,-89.8,28.924,1.889,4.78,0
8/14/2021,10:20:00,0,Piney Point,0.24,-0.1,54349.3,1.874,11.19,5.33,50102.1,56.9,56.9,3.65,2.72,33.01,50521.4,0.84,7.55,32839,0.87,0,1.183,8.22,-90.5,28.967,1.873,4.78,0
8/14/2021,10:30:00,0,Piney Point,0.17,-0.36,54407.9,1.854,11.5,5.44,50104.8,63,63,4.03,2.691,33.02,50529.8,0.68,7.01,32844,1.07,0,1.179,8.23,-91,29.018,1.853,4.78,0
8/14/2021,10:40:00,0,Piney Point,0.17,-0.38,54458.5,1.84,12.27,5.7,50104.2,67.5,67.5,4.32,2.671,33.02,50534.5,0.57,6.65,32847,0.85,0,1.183,8.25,-91.8,29.066,1.84,4.79,0
8/14/2021,10:50:00,0,Piney Point,0.21,-0.22,54498.9,1.822,12.07,5.63,50099.4,69,69,4.42,2.644,33.02,50534.4,1.05,8.28,32847,0.88,0,1.178,8.25,-91.9,29.107,1.822,4.78,0
8/14/2021,11:00:00,0,Piney Point,1.22,3.88,54537.8,1.813,12.4,5.74,50096.3,77.5,77.5,4.95,2.631,33.02,50535.6,4.99,21.63,32848,0.61,0,1.183,8.27,-93.4,29.146,1.813,4.78,0
8/14/2021,11:10:00,0,Piney Point,0.51,1.02,54571.3,1.805,12.78,5.86,50088.7,80.4,80.4,5.14,2.62,33.01,50532.3,1.54,9.94,32846,0.76,0,1.179,8.28,-93.6,29.185,1.805,4.8,0
8/14/2021,11:20:00,0,Piney Point,0.93,2.7,54587.2,1.795,12.41,5.74,50068.3,83.5,83.5,5.33,2.605,33,50515.7,1.42,9.52,32835,0.73,0,1.183,8.29,-94.3,29.22,1.794,4.79,0
8/14/2021,11:30:00,0,Piney Point,0.32,0.24,54620.3,1.783,12.71,5.84,50053.5,86.5,86.5,5.52,2.589,32.99,50505.9,0.75,7.25,32829,0.8,0,1.178,8.3,-95.2,29.265,1.783,4.79,0
8/14/2021,11:40:00,0,Piney Point,0.17,-0.37,54664.1,1.775,13.2,6.01,50050.8,96.1,96.1,6.13,2.576,32.99,50508,0.7,7.07,32830,0.92,0,1.183,8.32,-96.3,29.308,1.774,4.79,0
8/14/2021,11:50:00,0,Piney Point,0.27,0.04,54608,1.779,13.5,6.1,50003,99,99,6.32,2.581,32.96,50459.4,0.96,7.97,32799,0.92,0,1.191,8.33,-97.1,29.305,1.778,4.79,0
8/14/2021,12:00:00,0,Piney Point,0.2,-0.23,54699.5,1.785,13.58,6.13,50008.8,106.9,106.9,6.81,2.59,32.96,50474.1,0.85,7.59,32808,0.72,0,1.179,8.35,-98.3,29.383,1.786,4.78,0
8/14/2021,12:10:00,0,Piney Point,0.17,-0.39,54666.6,1.794,13.56,6.13,49958.4,118.4,118.4,7.54,2.603,32.93,50425.5,0.58,6.68,32777,0.65,0,1.182,8.39,-100.5,29.403,1.795,4.79,0
8/14/2021,12:20:00,0,Piney Point,0.2,-0.26,54429.5,1.808,13.69,6.17,49788.5,124.7,124.7,7.95,2.623,32.8,50248.7,0.52,6.48,32662,0.53,0,1.181,8.42,-102.1,29.356,1.806,4.79,0
8/14/2021,12:30:00,0,Piney Point,0.23,-0.14,54163.7,1.827,13.58,6.13,49677.2,111.2,111.2,7.11,2.652,32.71,50121.3,0.65,6.91,32579,0.33,0,1.187,8.38,-99.6,29.222,1.826,4.79,0
8/14/2021,12:40:00,0,Piney Point,0.18,-0.32,54351.2,1.848,13.78,6.2,49743.2,126.3,126.3,8.06,2.682,32.76,50200,0.64,6.88,32630,0.66,0,1.178,8.42,-102.3,29.329,1.847,4.8,0
8/14/2021,12:50:00,0,Piney Point,0.27,0.03,54005.8,1.873,13.38,6.06,49540.2,107,107,6.85,2.718,32.61,49982.3,0.72,7.15,32488,0.4,0,1.184,8.37,-99.1,29.215,1.874,4.79,0
8/14/2021,13:00:00,0,Piney Point,0.37,0.44,53995.2,1.9,13.3,6.04,49551.7,105.8,105.8,6.77,2.757,32.62,49991.5,0.84,7.58,32494,0.45,0,1.174,8.36,-98.7,29.193,1.901,4.79,0
8/14/2021,13:10:00,0,Piney Point,0.31,0.19,54050.3,1.915,13.2,6.01,49576.3,106.1,106.1,6.79,2.778,32.64,50019.2,0.95,7.95,32512,0.42,0,1.177,8.36,-98.6,29.219,1.915,4.8,0
8/14/2021,13:20:00,0,Piney Point,0.25,-0.04,54107.1,1.935,13.25,6.02,49584.4,110.2,110.2,7.05,2.807,32.64,50032.4,0.53,6.52,32521,0.38,0,1.191,8.37,-99.2,29.264,1.934,4.78,0
8/14/2021,13:30:00,0,Piney Point,0.25,-0.03,54100.5,1.953,13.17,6,49577.8,106.6,106.6,6.81,2.834,32.64,50025.8,0.83,7.51,32517,0.45,0,1.19,8.36,-98.6,29.265,1.953,4.78,0
8/14/2021,13:40:00,0,Piney Point,0.38,0.47,54109.3,1.972,12.46,5.76,49572.1,104.1,104.1,6.65,2.861,32.63,50021.6,1.04,8.25,32514,4.11,0,1.182,8.35,-98,29.278,1.972,4.78,0
8/14/2021,13:50:00,0,Piney Point,0.41,0.6,54138.1,1.991,12.91,5.91,49561.4,105,105,6.71,2.889,32.63,50015,1.2,8.77,32510,0.41,0,1.189,8.35,-98.2,29.316,1.991,4.78,0
8/14/2021,14:00:00,0,Piney Point,0.52,1.05,54155.4,2.019,12.99,5.93,49537.5,105.9,105.9,6.76,2.93,32.61,49995.4,1.42,9.54,32497,0.36,0,1.18,8.36,-98.4,29.356,2.02,4.79,0
8/14/2021,14:10:00,0,Piney Point,0.32,0.25,54120.2,2.051,12.78,5.87,49470.3,104.9,104.9,6.69,2.976,32.57,49931.6,0.88,7.69,32456,0.52,0,1.183,8.35,-98.1,29.392,2.055,4.78,0
8/14/2021,14:20:00,0,Piney Point,0.82,2.28,54150.5,2.08,12.74,5.85,49430.4,105,105,6.69,3.018,32.54,49899,1.83,10.93,32434,0.58,0,1.182,8.35,-98.3,29.461,2.081,4.78,0
8/14/2021,14:30:00,0,Piney Point,0.55,1.19,54196.9,2.109,12.88,5.9,49387.8,103.2,103.2,6.57,3.059,32.51,49865.7,1.73,10.57,32413,0.42,0,1.185,8.34,-97.8,29.547,2.107,4.78,0
8/14/2021,14:40:00,0,Piney Point,0.98,2.9,54420.2,2.132,12.28,5.7,49504.7,104.9,104.9,6.67,3.094,32.6,49993.7,2.87,14.47,32496,0.49,0,1.173,8.35,-97.9,29.636,2.134,4.78,0
8/14/2021,14:50:00,0,Piney Point,0.79,2.15,54603.7,2.158,11.75,5.52,49609.8,105.3,105.3,6.68,3.131,32.68,50107,1.8,10.82,32570,0.48,0,1.191,8.35,-97.9,29.699,2.159,4.79,0
8/14/2021,15:00:00,0,Piney Point,0.82,2.28,54808.1,2.184,11.21,5.34,49757.3,103.9,103.9,6.59,3.168,32.79,50260.3,2.06,11.69,32669,0.5,0,1.191,8.34,-97.4,29.737,2.183,4.78,0
8/14/2021,15:10:00,0,Piney Point,0.59,1.33,54882.6,2.207,11.12,5.31,49806.6,103.4,103.4,6.55,3.202,32.83,50312.3,1.71,10.52,32703,0.62,0,1.179,8.34,-97.5,29.756,2.207,4.78,0
8/14/2021,15:20:00,0,Piney Point,0.76,2.01,54959.4,2.234,10.95,5.25,49855.3,102.2,102.2,6.48,3.242,32.87,50363.9,2.35,12.69,32737,0.62,0,1.172,8.34,-97.4,29.777,2.235,4.78,0
8/14/2021,15:30:00,0,Piney Point,1,2.98,55042.5,2.258,10.68,5.17,49917.1,101.8,101.8,6.44,3.276,32.92,50427.9,4,18.29,32778,0.72,0,1.175,8.33,-97.2,29.791,2.258,4.78,0
8/14/2021,15:40:00,0,Piney Point,0.8,2.19,55085,2.286,10.61,5.14,49941.5,101.4,101.4,6.42,3.317,32.93,50454.2,2.32,12.6,32795,0.88,0,1.178,8.33,-97.2,29.805,2.285,4.79,0
8/14/2021,15:50:00,0,Piney Point,0.63,1.48,55109.2,2.308,10.52,5.11,49951.2,101.3,101.3,6.41,3.349,32.94,50465.4,2.04,11.64,32803,0.56,0,1.173,8.33,-97.2,29.818,2.306,4.78,0
8/14/2021,16:00:00,0,Piney Point,0.47,0.86,55116.6,2.334,10.51,5.11,49945.6,101.1,101.1,6.39,3.387,32.94,50461.1,1.37,9.35,32800,0.59,0,1.185,8.33,-97.2,29.83,2.333,4.79,0
8/14/2021,16:10:00,0,Piney Point,0.69,1.75,55134.6,2.35,10.5,5.11,49942.7,101.9,101.9,6.44,3.41,32.94,50460.4,1.53,9.92,32799,0.55,0,1.184,8.33,-97.1,29.85,2.349,4.78,0
8/14/2021,16:20:00,0,Piney Point,0.47,0.87,55161.1,2.368,10.6,5.14,49942.3,103.6,103.6,6.55,3.436,32.94,50462.9,1.44,9.58,32801,0.5,0,1.183,8.34,-97.4,29.875,2.368,4.79,0
8/14/2021,16:30:00,0,Piney Point,0.62,1.47,55182.8,2.385,10.38,5.06,49950,102.9,102.9,6.51,3.46,32.95,50472.1,1.89,11.14,32807,0.6,0,1.184,8.33,-97.3,29.887,2.384,4.79,0
8/14/2021,16:40:00,0,Piney Point,0.57,1.27,55203,2.393,10.77,5.2,49963.8,102.5,102.5,6.48,3.472,32.96,50486.5,1.59,10.11,32816,0.55,0,1.186,8.33,-97.2,29.891,2.391,4.79,0
8/14/2021,16:50:00,0,Piney Point,0.55,1.17,55199.2,2.407,9.67,4.83,49958,98.3,98.3,6.21,3.493,32.95,50481,1.58,10.06,32813,0.4,0,1.188,8.32,-96.6,29.894,2.407,4.78,0
8/14/2021,17:00:00,0,Piney Point,0.6,1.36,55164.9,2.388,10.48,5.1,49938.5,97.9,97.9,6.19,3.465,32.94,50459.9,1.82,10.89,32799,0.67,0,1.187,8.32,-96.3,29.882,2.386,4.78,0
8/14/2021,17:10:00,0,Piney Point,0.4,0.55,55159.1,2.364,10.69,5.17,49934.6,92.9,92.9,5.87,3.431,32.93,50455.8,1.19,8.76,32796,0.68,0,1.186,8.3,-95.1,29.88,2.363,4.79,0
8/14/2021,17:20:00,0,Piney Point,0.37,0.45,55133.1,2.37,11.06,5.29,49911.9,88.3,88.3,5.58,3.439,32.92,50432.8,1.04,8.24,32781,0.52,0,1.188,8.29,-94.5,29.879,2.371,4.79,0
8/14/2021,17:30:00,0,Piney Point,0.58,1.28,55114.1,2.384,10.58,5.13,49896.8,86.7,86.7,5.48,3.46,32.91,50417.2,1.65,10.32,32771,0.47,0,1.191,8.28,-94.2,29.877,2.386,4.78,0
8/14/2021,17:40:00,0,Piney Point,0.92,2.66,55114.6,2.387,10.54,5.12,49899.4,81.9,81.9,5.18,3.464,32.91,50419.6,5.69,24.04,32773,0.44,0,1.189,8.27,-93.3,29.875,2.387,4.78,0
8/14/2021,17:50:00,0,Piney Point,0.45,0.76,55104.3,2.411,10.6,5.14,49890.7,77.3,77.3,4.89,3.499,32.9,50410.8,1.19,8.75,32767,0.42,0,1.189,8.26,-93,29.875,2.412,4.78,0
8/14/2021,18:00:00,0,Piney Point,0.22,-0.18,55103.7,2.411,10.45,5.09,49890.9,73.7,73.7,4.66,3.498,32.9,50410.9,0.93,7.87,32767,0.64,0,1.189,8.25,-92.3,29.874,2.41,4.79,0
8/14/2021,18:10:00,0,Piney Point,0.19,-0.29,55101.3,2.386,10.51,5.11,49891.1,71.6,71.6,4.52,3.462,32.9,50410.8,0.83,7.52,32767,0.57,0,1.19,8.24,-91.6,29.871,2.383,4.79,0
8/14/2021,18:20:00,0,Piney Point,0.24,-0.1,55079.2,2.367,10.66,5.16,49873.8,70,70,4.42,3.435,32.89,50393.1,0.82,7.51,32755,0.54,0,1.189,8.23,-91.1,29.869,2.366,4.78,0
8/14/2021,18:30:00,0,Piney Point,0.3,0.14,55046.7,2.322,10.99,5.27,49848.2,67.3,67.3,4.25,3.369,32.87,50366.7,1.04,8.24,32738,0.33,0,1.189,8.23,-90.9,29.865,2.321,4.78,0
8/14/2021,18:40:00,0,Piney Point,0.52,1.05,55018,2.319,11.58,5.47,49830.8,63.4,63.4,4.01,3.365,32.86,50348.2,0.77,7.34,32726,0.39,0,1.191,8.21,-89.7,29.856,2.318,4.78,0
8/14/2021,18:50:00,0,Piney Point,0.24,-0.09,54958.3,2.348,11.05,5.29,49791.5,61.7,61.7,3.91,3.407,32.83,50306.7,0.93,7.88,32699,0.48,0,1.191,8.2,-89.5,29.841,2.349,4.78,0
8/14/2021,19:00:00,0,Piney Point,0.19,-0.3,54924.7,2.345,10.97,5.26,49769.3,57.1,57.1,3.61,3.403,32.81,50283.3,0.76,7.29,32684,1.32,0,1.179,8.19,-88.5,29.833,2.345,4.79,0
8/14/2021,19:10:00,0,Piney Point,0.33,0.27,54880.7,2.298,11.04,5.28,49740.9,55.8,55.8,3.54,3.335,32.79,50253.3,0.96,7.97,32665,0.53,0,1.172,8.18,-88.1,29.821,2.299,4.78,0
8/14/2021,19:20:00,0,Piney Point,0.91,2.64,54460.1,2.261,11.94,5.58,49444.7,73.1,73.1,4.64,3.28,32.56,49944.2,2.44,13.01,32464,0.6,0,1.186,8.26,-92.8,29.734,2.26,4.78,0
8/14/2021,19:30:00,0,Piney Point,0.93,2.73,54382.6,2.218,11.07,5.3,49416.5,73.8,73.8,4.69,3.218,32.54,49910.9,2.12,11.89,32442,0.48,0,1.185,8.26,-92.6,29.691,2.218,4.78,0
8/14/2021,19:40:00,0,Piney Point,1.58,5.37,54152.6,2.181,11.89,5.57,49289.2,88.1,88.1,5.61,3.164,32.44,49772.9,4.77,20.89,32352,0.49,0,1.189,8.31,-95.9,29.607,2.181,4.78,0
8/14/2021,19:50:00,0,Piney Point,1.52,5.09,54026.4,2.14,10.92,5.24,49259.9,94.2,94.2,6.01,3.104,32.42,49733.5,3.8,17.62,32327,0.58,0,1.189,8.33,-96.9,29.519,2.139,4.79,0
8/14/2021,20:00:00,0,Piney Point,1.13,3.54,53822.3,2.114,11.45,5.42,49158.3,96.9,96.9,6.19,3.067,32.34,49621.2,2.86,14.41,32254,0.75,0,1.186,8.34,-97.6,29.433,2.113,4.77,0
8/14/2021,20:10:00,0,Piney Point,1.42,4.71,53697.2,2.102,11.81,5.54,49093,98,98,6.27,3.049,32.29,49549.7,3.85,17.78,32207,0.42,0,1.185,8.34,-97.8,29.382,2.102,4.78,0
8/14/2021,20:20:00,0,Piney Point,0.85,2.38,53686.9,2.088,12.13,5.65,49090.6,92.2,92.2,5.89,3.029,32.28,49546.5,2.29,12.47,32205,0.55,0,1.186,8.33,-96.9,29.375,2.088,4.78,0
8/14/2021,20:30:00,0,Piney Point,0.83,2.32,53679.4,2.072,11.52,5.44,49087.3,89.1,89.1,5.7,3.005,32.28,49542.7,2.03,11.62,32203,0.53,0,1.185,8.32,-96.2,29.372,2.072,4.78,0
8/14/2021,20:40:00,0,Piney Point,0.48,0.9,53638,2.043,12.21,5.67,49055.2,87,87,5.56,2.964,32.26,49509.7,1.32,9.21,32181,0.65,0,1.185,8.31,-95.9,29.366,2.042,4.79,0
8/14/2021,20:50:00,0,Piney Point,0.55,1.15,53599.6,2.013,11.65,5.49,49031.4,85.8,85.8,5.49,2.919,32.24,49484.4,1.54,9.95,32165,0.29,0,1.184,8.31,-95.9,29.354,2.012,4.78,0
8/14/2021,21:00:00,0,Piney Point,0.53,1.09,53440.2,1.989,12.63,5.81,48924.7,89.7,89.7,5.75,2.884,32.16,49372.2,1.41,9.5,32092,0.5,0,1.184,8.33,-97,29.314,1.988,4.78,0
8/14/2021,21:10:00,0,Piney Point,0.43,0.67,53301.2,1.973,12.71,5.84,48846.2,92.2,92.2,5.91,2.862,32.1,49287.5,1.49,9.78,32037,0.67,0,1.184,8.33,-96.9,29.264,1.974,4.78,0
8/14/2021,21:20:00,0,Piney Point,0.42,0.66,53256.8,1.981,13.19,6,48814.7,92,92,5.9,2.873,32.07,49254.7,1,8.12,32016,0.3,0,1.183,8.33,-97.1,29.254,1.981,4.79,0
8/14/2021,21:30:00,0,Piney Point,0.29,0.13,53327.9,1.986,12.11,5.64,48863.2,86,86,5.51,2.88,32.11,49305.5,0.81,7.45,32049,0.3,0,1.183,8.32,-96.4,29.271,1.986,4.77,0
8/14/2021,21:40:00,0,Piney Point,0.33,0.27,53297.8,1.973,12.32,5.71,48843.3,80.8,80.8,5.18,2.862,32.1,49284.5,0.83,7.53,32035,0.41,0,1.182,8.3,-95.1,29.263,1.974,4.79,0
8/14/2021,21:50:00,0,Piney Point,0.36,0.39,53180.5,1.961,12.42,5.74,48781.7,86,86,5.52,2.845,32.05,49217.1,1.04,8.25,31991,0.39,0,1.182,8.32,-96.1,29.216,1.961,4.77,0
8/14/2021,22:00:00,0,Piney Point,0.25,-0.06,53334,1.959,12.92,5.91,48875,74,74,4.74,2.842,32.12,49316.6,0.73,7.18,32056,0.33,0,1.182,8.27,-93.1,29.265,1.959,4.78,0
8/14/2021,22:10:00,0,Piney Point,0.28,0.07,53137.9,1.976,13.5,6.1,48749.1,82.3,82.3,5.28,2.866,32.02,49183.5,0.93,7.87,31969,0.43,0,1.182,8.31,-95.4,29.209,1.977,4.77,0
8/14/2021,22:20:00,0,Piney Point,0.32,0.25,53117.4,2.003,13.68,6.17,48736,78.5,78.5,5.04,2.905,32.01,49169.7,1,8.11,31960,0.58,0,1.182,8.29,-94.6,29.203,2.003,4.78,0
8/14/2021,22:30:00,0,Piney Point,0.52,1.04,52923.7,2.028,13.64,6.15,48676.7,91.6,91.6,5.9,2.941,31.96,49096.5,1.8,10.82,31913,0.41,0,1.182,8.34,-97.2,29.081,2.027,4.78,0
8/14/2021,22:40:00,0,Piney Point,0.79,2.16,52949.2,2.049,13.3,6.04,48726.8,95.5,95.5,6.15,2.972,32,49144,2,11.51,31944,0.37,0,1.181,8.34,-97.6,29.054,2.049,4.78,0
8/14/2021,22:50:00,0,Piney Point,1.2,3.81,53086.5,2.064,12.96,5.92,48843.7,95.4,95.4,6.14,2.993,32.09,49263,2.96,14.74,32021,0.38,0,1.181,8.34,-97.3,29.064,2.063,4.77,0
8/14/2021,23:00:00,0,Piney Point,1.02,3.08,53140,2.058,12.71,5.84,48884.7,92.8,92.8,5.97,2.985,32.12,49305.3,2.41,12.91,32048,0.41,0,1.181,8.33,-96.9,29.072,2.056,4.78,0
8/14/2021,23:10:00,0,Piney Point,0.98,2.9,53168.3,2.036,12.71,5.84,48912.5,91.3,91.3,5.87,2.953,32.14,49333.1,2.39,12.82,32067,0.43,0,1.181,8.33,-96.7,29.07,2.036,4.77,0
8/14/2021,23:20:00,0,Piney Point,0.61,1.41,53133.3,2.027,12.88,5.9,48897.2,89.7,89.7,5.77,2.94,32.13,49315.8,1.77,10.72,32055,0.43,0,1.181,8.32,-96.3,29.053,2.028,4.77,0
8/14/2021,23:30:00,0,Piney Point,0.62,1.46,53073.2,2.037,13.01,5.94,48869.2,88.6,88.6,5.7,2.955,32.1,49284.5,1.71,10.53,32035,0.39,0,1.179,8.32,-96.1,29.025,2.036,4.77,0
8/14/2021,23:40:00,0,Piney Point,0.65,1.59,53026.8,2.074,13.22,6.01,48845.1,87.5,87.5,5.64,3.009,32.08,49258.1,1.73,10.58,32018,0.46,0,1.176,8.31,-95.8,29.006,2.076,4.77,0
8/14/2021,23:50:00,0,Piney Point,1.29,4.19,53074.9,2.122,12.89,5.9,48904.7,89.8,89.8,5.79,3.078,32.13,49316.4,3.46,16.46,32056,0.38,0,1.187,8.32,-96.2,28.99,2.123,4.77,0
8/15/2021,0:00:00,0,Piney Point,0.99,2.96,53243.4,2.152,12.49,5.77,49039.5,89.6,89.6,5.77,3.122,32.23,49454.7,2.4,12.85,32146,0.46,0,1.182,8.31,-95.9,29.011,2.152,4.77,0
8/15/2021,0:10:00,0,Piney Point,1.09,3.35,53378.8,2.181,11.98,5.6,49153.1,87.3,87.3,5.61,3.164,32.31,49570.5,2.98,14.81,32221,0.63,0,1.178,8.31,-95.4,29.022,2.181,4.77,0
8/15/2021,0:20:00,0,Piney Point,2.02,7.13,53466.4,2.198,11.63,5.48,49233.9,86.5,86.5,5.56,3.189,32.37,49652,4.37,19.55,32274,0.59,0,1.174,8.3,-95,29.022,2.198,4.77,0
8/15/2021,0:30:00,0,Piney Point,0.98,2.92,53493.8,2.213,11.57,5.46,49266.9,85.4,85.4,5.49,3.21,32.4,49684.4,2.71,13.91,32295,0.71,0,1.173,8.29,-94.7,29.014,2.213,4.77,0
8/15/2021,0:40:00,0,Piney Point,0.56,1.2,53498.2,2.232,11.66,5.49,49281.4,83.8,83.8,5.39,3.238,32.41,49697.8,1.59,10.1,32304,0.58,0,1.172,8.29,-94.3,29.004,2.232,4.77,0
8/15/2021,0:50:00,0,Piney Point,0.78,2.11,53485.9,2.251,11.64,5.49,49288.8,84.2,84.2,5.41,3.266,32.41,49703.1,2.49,13.16,32307,0.5,0,1.179,8.29,-94.4,28.985,2.25,4.77,0
8/15/2021,1:00:00,0,Piney Point,0.58,1.3,53479.6,2.273,11.56,5.46,49293.5,83,83,5.34,3.297,32.41,49706.7,1.68,10.41,32309,0.63,0,1.177,8.29,-94.1,28.974,2.273,4.77,0
8/15/2021,1:10:00,0,Piney Point,0.88,2.51,53474,2.313,11.53,5.45,49301,82.9,82.9,5.33,3.356,32.42,49712.9,2.24,12.3,32313,0.88,0,1.176,8.28,-93.9,28.961,2.312,4.77,0
8/15/2021,1:20:00,0,Piney Point,0.98,2.93,53469.9,2.348,11.38,5.4,49311.8,83.4,83.4,5.37,3.406,32.43,49722.1,2.41,12.9,32319,0.71,0,1.175,8.28,-94,28.946,2.346,4.77,0
8/15/2021,1:30:00,0,Piney Point,0.74,1.96,53475.5,2.37,11.52,5.44,49320.8,83,83,5.34,3.439,32.43,49730.8,2.14,11.96,32325,0.55,0,1.182,8.28,-93.9,28.942,2.368,4.77,0
8/15/2021,1:40:00,0,Piney Point,0.78,2.12,53483.4,2.385,11.41,5.41,49332.2,82.4,82.4,5.3,3.46,32.44,49741.8,2.14,11.96,32332,0.79,0,1.191,8.28,-93.6,28.938,2.386,4.77,0
8/15/2021,1:50:00,0,Piney Point,0.74,1.96,53509.4,2.393,11.38,5.4,49356.9,82.4,82.4,5.31,3.472,32.46,49766.6,2.05,11.67,32348,0.57,0,1.174,8.28,-93.7,28.938,2.393,4.76,0
8/15/2021,2:00:00,0,Piney Point,0.66,1.62,53528.2,2.414,11.43,5.42,49373.6,81.7,81.7,5.26,3.502,32.47,49783.5,1.7,10.49,32359,0.68,0,1.179,8.27,-93.5,28.938,2.413,4.77,0
8/15/2021,2:10:00,0,Piney Point,0.76,2.03,53542.9,2.416,11.36,5.39,49392,82.9,82.9,5.33,3.506,32.48,49801.5,2.02,11.56,32371,0.55,0,1.179,8.28,-93.7,28.933,2.417,4.77,0
8/15/2021,2:20:00,0,Piney Point,0.72,1.86,53551,2.425,11.38,5.4,49403.8,83.4,83.4,5.37,3.518,32.49,49813,1.87,11.05,32378,0.78,0,1.178,8.28,-93.8,28.929,2.424,4.76,0
8/15/2021,2:30:00,0,Piney Point,0.75,1.98,53564,2.441,11.34,5.39,49418.3,82.1,82.1,5.29,3.541,32.5,49827.3,2.01,11.53,32388,0.5,0,1.183,8.28,-93.7,28.926,2.44,4.77,0
8/15/2021,2:40:00,0,Piney Point,1.04,3.16,53616,2.49,11.27,5.36,49461.8,82.5,82.5,5.3,3.613,32.54,49871.6,3.04,15.03,32417,0.76,0,1.191,8.28,-93.6,28.931,2.489,4.76,0
8/15/2021,2:50:00,0,Piney Point,1.07,3.28,53737.4,2.525,11.03,5.28,49558.5,84.4,84.4,5.43,3.664,32.61,49970.9,2.9,14.56,32481,0.8,0,1.174,8.28,-93.8,28.946,2.524,4.77,0
8/15/2021,3:00:00,0,Piney Point,1,2.99,53818.3,2.55,10.9,5.24,49620.3,85.5,85.5,5.49,3.701,32.65,50034.6,2.87,14.44,32522,0.77,0,1.174,8.28,-94,28.959,2.549,4.77,0
8/15/2021,3:10:00,0,Piney Point,0.73,1.91,53845.9,2.556,10.72,5.18,49640.7,83.4,83.4,5.36,3.71,32.67,50055.8,2.22,12.24,32536,0.77,0,1.174,8.28,-93.9,28.964,2.554,4.77,0
8/15/2021,3:20:00,0,Piney Point,0.73,1.9,53886.1,2.586,10.76,5.19,49676,85.6,85.6,5.5,3.752,32.7,50091.5,2.2,12.19,32559,0.77,0,1.178,8.28,-94,28.966,2.583,4.77,0
8/15/2021,3:30:00,0,Piney Point,0.92,2.68,53924.9,2.589,10.54,5.12,49711.2,85,85,5.46,3.758,32.72,50127.1,2.83,14.31,32583,0.7,0,1.179,8.28,-93.8,28.967,2.588,4.76,0
8/15/2021,3:40:00,0,Piney Point,0.74,1.92,53946.4,2.564,10.21,5.01,49727.5,83,83,5.33,3.722,32.73,50144,1.9,11.16,32594,0.86,0,1.18,8.28,-93.6,28.97,2.565,4.77,0
8/15/2021,3:50:00,0,Piney Point,0.64,1.55,53943.5,2.562,10.57,5.13,49727.9,83.1,83.1,5.34,3.718,32.73,50144,1.83,10.91,32594,0.72,0,1.182,8.28,-93.6,28.967,2.562,4.77,0
8/15/2021,4:00:00,0,Piney Point,0.61,1.4,53945.2,2.578,10.62,5.15,49731.8,81.8,81.8,5.26,3.741,32.74,50147.7,1.85,10.98,32596,0.68,0,1.186,8.27,-93.2,28.965,2.578,4.76,0
8/15/2021,4:10:00,0,Piney Point,0.57,1.24,53943.2,2.585,10.66,5.16,49735.6,81,81,5.2,3.751,32.74,50150.9,1.61,10.18,32598,0.66,0,1.178,8.27,-93.2,28.959,2.584,4.77,0
8/15/2021,4:20:00,0,Piney Point,0.6,1.36,53978.5,2.581,10.52,5.11,49782.1,83,83,5.33,3.746,32.77,50196.2,2.27,12.43,32628,0.57,0,1.18,8.27,-93.4,28.945,2.581,4.76,0
8/15/2021,4:30:00,0,Piney Point,0.61,1.4,53989.3,2.589,10.4,5.07,49794.3,82.5,82.5,5.3,3.757,32.78,50208.2,2.18,12.11,32635,0.73,0,1.182,8.27,-93.3,28.943,2.588,4.77,0
8/15/2021,4:40:00,0,Piney Point,0.65,1.59,53991.5,2.588,10.43,5.08,49796.4,81.6,81.6,5.24,3.755,32.78,50210.3,2.04,11.64,32637,0.54,0,1.182,8.27,-92.9,28.943,2.587,4.77,0
8/15/2021,4:50:00,0,Piney Point,0.92,2.68,53987.3,2.565,9.76,4.86,49793.1,80.3,80.3,5.16,3.723,32.78,50207,2.74,13.99,32635,0.53,0,1.181,8.26,-92.7,28.942,2.566,4.76,0
8/15/2021,5:00:00,0,Piney Point,0.64,1.53,53974.6,2.543,10.22,5.01,49784.6,79.2,79.2,5.09,3.69,32.77,50198,1.74,10.61,32629,0.48,0,1.179,8.26,-92.6,28.939,2.544,4.77,0
8/15/2021,5:10:00,0,Piney Point,0.68,1.7,53949.5,2.533,10.36,5.06,49773.1,78.3,78.3,5.03,3.676,32.77,50185.1,2.37,12.74,32620,0.57,0,1.179,8.26,-92.6,28.927,2.533,4.76,0
8/15/2021,5:20:00,0,Piney Point,0.69,1.74,53901.1,2.525,10.78,5.2,49752.1,78.3,78.3,5.03,3.664,32.75,50161.3,1.95,11.32,32605,0.55,0,1.179,8.25,-92.2,28.903,2.525,4.77,0
8/15/2021,5:30:00,0,Piney Point,0.66,1.61,53878.4,2.509,10.24,5.02,49738.1,75.8,75.8,4.87,3.641,32.74,50146.4,1.8,10.82,32595,0.42,0,1.191,8.25,-92.1,28.896,2.511,4.77,0
8/15/2021,5:40:00,0,Piney Point,0.57,1.26,53854.5,2.503,10.65,5.15,49724.6,75.1,75.1,4.83,3.633,32.73,50131.9,1.86,11.02,32586,1.34,0,1.179,8.25,-92.2,28.888,2.501,4.76,0
8/15/2021,5:50:00,0,Piney Point,0.41,0.62,53848,2.499,10.74,5.19,49722.4,74.3,74.3,4.78,3.626,32.73,50129.2,1.29,9.1,32584,0.63,0,1.182,8.24,-91.5,28.884,2.499,4.76,0
8/15/2021,6:00:00,0,Piney Point,0.28,0.09,53891.1,2.502,10.88,5.23,49745.1,66.6,66.6,4.28,3.631,32.74,50154.1,1.01,8.14,32600,0.68,0,1.181,8.22,-90.1,28.901,2.503,4.76,0
8/15/2021,6:10:00,0,Piney Point,0.75,1.98,53828.8,2.505,11.01,5.28,49713.9,69.6,69.6,4.48,3.635,32.72,50119.6,1.79,10.79,32578,0.58,0,1.191,8.23,-91,28.875,2.504,4.77,0
8/15/2021,6:20:00,0,Piney Point,0.51,1.01,53812.6,2.513,10.95,5.25,49718.2,69.7,69.7,4.48,3.647,32.72,50121.8,1.69,10.44,32579,0.87,0,1.175,8.23,-90.9,28.855,2.512,4.77,0
8/15/2021,6:30:00,0,Piney Point,0.64,1.55,53813.2,2.52,10.6,5.14,49731.2,71.2,71.2,4.58,3.658,32.73,50133.5,1.88,11.1,32587,0.93,0,1.178,8.24,-91.2,28.843,2.521,4.76,0
8/15/2021,6:40:00,0,Piney Point,1.24,3.97,53839.1,2.512,10.59,5.14,49766.1,73.7,73.7,4.74,3.646,32.76,50167.4,3.35,16.08,32609,1.81,0,1.179,8.24,-91.6,28.832,2.512,4.77,0
8/15/2021,6:50:00,0,Piney Point,0.88,2.51,53825.2,2.497,10.18,5,49764.8,74.1,74.1,4.77,3.623,32.75,50164.9,3.31,15.95,32607,0.67,0,1.178,8.25,-91.9,28.82,2.495,4.76,0
8/15/2021,7:00:00,0,Piney Point,0.5,0.97,53830.8,2.496,10.79,5.2,49773.3,73.8,73.8,4.75,3.622,32.76,50173.1,1.49,9.77,32613,0.72,0,1.181,8.24,-91.5,28.817,2.494,4.77,0
8/15/2021,7:10:00,0,Piney Point,0.61,1.42,53797.9,2.501,10.58,5.13,49757.6,75.2,75.2,4.84,3.63,32.75,50155.6,1.75,10.66,32601,0.49,0,1.186,8.25,-91.8,28.802,2.5,4.77,0
8/15/2021,7:20:00,0,Piney Point,0.57,1.24,53816.8,2.508,10.62,5.14,49765.3,69.4,69.4,4.47,3.64,32.75,50164.4,1.44,9.59,32607,0.68,0,1.184,8.23,-90.6,28.812,2.508,4.77,0
8/15/2021,7:30:00,0,Piney Point,0.67,1.64,53812.8,2.493,10.37,5.06,49766.9,67.3,67.3,4.33,3.618,32.76,50165.5,1.98,11.43,32608,0.54,0,1.187,8.22,-90.3,28.807,2.493,4.77,0
8/15/2021,7:40:00,0,Piney Point,0.58,1.3,53780.9,2.474,10.02,4.95,49758.4,70.8,70.8,4.56,3.591,32.75,50154.5,1.8,10.82,32600,0.62,0,1.174,8.23,-91,28.786,2.474,4.78,0
8/15/2021,7:50:00,0,Piney Point,0.44,0.73,53767.7,2.452,10.62,5.15,49751.4,70.5,70.5,4.54,3.558,32.74,50146.9,1.18,8.71,32595,0.47,0,1.173,8.23,-91.1,28.78,2.448,4.76,0
8/15/2021,8:00:00,0,Piney Point,0.41,0.61,53720.2,2.433,10.61,5.14,49716.9,69.9,69.9,4.51,3.531,32.72,50111.1,1.11,8.46,32572,0.77,0,1.189,8.23,-91,28.771,2.433,4.77,0
8/15/2021,8:10:00,0,Piney Point,0.47,0.85,53714.5,2.417,10.63,5.15,49709.5,68.6,68.6,4.42,3.508,32.71,50103.9,1.24,8.92,32568,0.74,0,1.174,8.22,-90.4,28.773,2.417,4.76,0
8/15/2021,8:20:00,0,Piney Point,0.44,0.73,53742.7,2.404,10.64,5.15,49718.7,64.5,64.5,4.15,3.489,32.72,50115,1.5,9.81,32575,0.47,0,1.184,8.21,-89.5,28.79,2.404,4.77,0
8/15/2021,8:30:00,0,Piney Point,0.49,0.91,53667.1,2.373,10.83,5.21,49662.2,65.2,65.2,4.2,3.444,32.68,50056.6,1.3,9.12,32537,0.78,0,1.179,8.22,-90,28.776,2.373,4.76,0
8/15/2021,8:40:00,0,Piney Point,0.52,1.05,53590.7,2.329,11.07,5.3,49608.7,66.7,66.7,4.3,3.38,32.64,50000.8,1.64,10.27,32501,0.63,0,1.183,8.22,-89.9,28.759,2.327,4.76,0
8/15/2021,8:50:00,0,Piney Point,0.4,0.56,53473.4,2.292,12.09,5.63,49539.4,67.2,67.2,4.34,3.326,32.58,49926.6,1.53,9.89,32452,1.19,0,1.178,8.22,-90.4,28.72,2.292,4.77,0
8/15/2021,9:00:00,0,Piney Point,0.43,0.68,53402.8,2.261,11.45,5.42,49490.4,69.2,69.2,4.47,3.281,32.55,49875.4,1.43,9.58,32419,0.54,0,1.183,8.23,-90.5,28.703,2.26,4.76,0
8/15/2021,9:10:00,0,Piney Point,0.49,0.94,53326.9,2.249,11.55,5.46,49442.4,69.6,69.6,4.49,3.263,32.51,49824.5,1.32,9.2,32386,0.38,0,1.178,8.23,-90.7,28.68,2.249,4.76,0
8/15/2021,9:20:00,0,Piney Point,0.46,0.79,53305.5,2.225,11.45,5.42,49427.7,68.1,68.1,4.4,3.229,32.5,49809.1,1.18,8.73,32376,0.57,0,1.183,8.22,-90.4,28.675,2.224,4.77,0
8/15/2021,9:30:00,0,Piney Point,0.41,0.6,53319.7,2.198,11.2,5.34,49430.3,66,66,4.27,3.189,32.5,49812.9,1.28,9.04,32378,1.04,0,1.178,8.22,-89.9,28.686,2.197,4.76,0
8/15/2021,9:40:00,0,Piney Point,0.52,1.05,53277.9,2.159,11.11,5.31,49404.2,62.6,62.6,4.04,3.133,32.48,49785.2,1.5,9.79,32360,0.47,0,1.183,8.22,-89.9,28.673,2.157,4.76,0
8/15/2021,9:50:00,0,Piney Point,0.41,0.62,53226.4,2.116,11.73,5.51,49376.3,67.1,67.1,4.34,3.071,32.46,49754.9,1.31,9.17,32341,0.66,0,1.191,8.22,-90.2,28.653,2.114,4.77,0
8/15/2021,10:00:00,0,Piney Point,0.33,0.27,53191.5,2.085,11.65,5.49,49355.3,67.7,67.7,4.38,3.025,32.44,49732.4,1.21,8.81,32326,0.32,0,1.174,8.23,-90.6,28.642,2.084,4.76,0
8/15/2021,10:10:00,0,Piney Point,0.23,-0.11,53226.1,2.066,11.72,5.51,49364.2,67.7,67.7,4.37,2.997,32.45,49744,0.82,7.5,32334,0.43,0,1.178,8.22,-90.2,28.665,2.064,4.76,0
8/15/2021,10:20:00,0,Piney Point,0.3,0.15,53179.1,2.046,11.88,5.57,49314.7,66.1,66.1,4.27,2.969,32.41,49694.8,1.14,8.57,32302,0.41,0,1.178,8.22,-90.1,28.671,2.046,4.76,0
8/15/2021,10:30:00,0,Piney Point,0.7,1.76,53095.8,2.016,11.97,5.6,49260,68.3,68.3,4.42,2.925,32.37,49637.1,1.98,11.44,32264,1.12,0,1.177,8.22,-90.5,28.648,2.014,4.77,0
8/15/2021,10:40:00,0,Piney Point,0.78,2.12,52953.1,1.994,12.15,5.65,49190.9,72.2,72.2,4.68,2.893,32.32,49560.5,2.15,12,32214,0.49,0,1.173,8.24,-91.6,28.584,1.994,4.76,0
8/15/2021,10:50:00,0,Piney Point,0.47,0.84,52918,1.969,12.1,5.64,49166.6,72.3,72.3,4.69,2.857,32.3,49535.1,1.26,9,32198,0.43,0,1.188,8.25,-91.6,28.576,1.969,4.76,0
8/15/2021,11:00:00,0,Piney Point,0.65,1.56,52914.5,1.945,11.63,5.48,49150.8,68.4,68.4,4.43,2.822,32.29,49520.6,1.84,10.96,32188,0.58,0,1.184,8.24,-91.2,28.588,1.945,4.76,0
8/15/2021,11:10:00,0,Piney Point,0.42,0.65,52892.9,1.93,12.02,5.61,49125.5,71.1,71.1,4.6,2.8,32.27,49495.7,1,8.1,32172,0.5,0,1.181,8.24,-91.3,28.594,1.93,4.76,0
8/15/2021,11:20:00,0,Piney Point,0.21,-0.2,52854.1,1.922,12.76,5.86,49083.6,71.4,71.4,4.62,2.789,32.24,49454.1,0.79,7.38,32145,0.48,0,1.176,8.24,-91.4,28.6,1.921,4.76,0
8/15/2021,11:30:00,0,Piney Point,0.42,0.63,52837.6,1.913,12.73,5.85,49058,70.9,70.9,4.59,2.775,32.22,49429.4,0.71,7.13,32129,0.61,0,1.174,8.24,-91.3,28.61,1.912,4.76,0
8/15/2021,11:40:00,0,Piney Point,0.21,-0.2,52847.9,1.91,12.89,5.9,49052.7,71.3,71.3,4.62,2.771,32.22,49425.7,0.62,6.81,32127,0.51,0,1.18,8.24,-91.3,28.625,1.909,4.76,0
8/15/2021,11:50:00,0,Piney Point,0.2,-0.27,52847.7,1.908,13.23,6.02,49044.9,72.2,72.2,4.67,2.769,32.21,49418.7,0.88,7.71,32122,0.42,0,1.189,8.24,-91.6,28.633,1.906,4.76,0
8/15/2021,12:00:00,0,Piney Point,0.26,-0.01,52864.7,1.913,13.4,6.07,49045,69.6,69.6,4.5,2.775,32.21,49420.6,1.08,8.37,32123,0.77,0,1.174,8.23,-91,28.649,1.914,4.76,0
8/15/2021,12:10:00,0,Piney Point,0.18,-0.31,52905.4,1.913,13.49,6.1,49049.4,68.6,68.6,4.44,2.775,32.22,49428.7,1.02,8.18,32129,0.85,0,1.176,8.23,-90.8,28.683,1.913,4.76,0
8/15/2021,12:20:00,0,Piney Point,0.27,0.04,52920.3,1.917,13.36,6.06,49037.5,70.2,70.2,4.54,2.782,32.21,49419.5,1.06,8.31,32123,0.6,0,1.177,8.23,-91,28.709,1.916,4.76,0
8/15/2021,12:30:00,0,Piney Point,0.23,-0.13,52948,1.907,13.09,5.97,49036,70.1,70.1,4.53,2.766,32.21,49421.1,0.78,7.36,32124,0.72,0,1.178,8.24,-91.1,28.736,1.907,4.76,0
8/15/2021,12:40:00,0,Piney Point,0.17,-0.38,52929.6,1.89,13.36,6.06,49012.8,72.2,72.2,4.67,2.742,32.2,49398.4,0.69,7.06,32109,0.54,0,1.176,8.24,-91.2,28.743,1.889,4.76,0
8/15/2021,12:50:00,0,Piney Point,0.24,-0.07,52936.3,1.879,13.37,6.06,49008.9,72.6,72.6,4.69,2.727,32.19,49395.5,0.68,7.03,32107,0.47,0,1.188,8.24,-91.5,28.753,1.879,4.77,0
8/15/2021,13:00:00,0,Piney Point,0.12,-0.58,52931.1,1.87,13.71,6.17,48994.6,75.9,75.9,4.91,2.713,32.18,49382.2,0.58,6.67,32098,0.55,0,1.188,8.25,-92.1,28.763,1.87,4.77,0
8/15/2021,13:10:00,0,Piney Point,0.12,-0.58,52951.4,1.867,13.69,6.17,48994.6,75.9,75.9,4.9,2.709,32.18,49384.3,0.81,7.46,32100,0.57,0,1.187,8.25,-92,28.782,1.867,4.76,0
8/15/2021,13:20:00,0,Piney Point,0.2,-0.26,52955.4,1.872,14.09,6.3,48986.2,75.6,75.6,4.89,2.715,32.18,49377.2,0.81,7.46,32095,0.62,0,1.186,8.25,-91.8,28.794,1.871,4.76,0
8/15/2021,13:30:00,0,Piney Point,0.23,-0.13,52965.3,1.876,14.3,6.37,48977.1,77.4,77.4,5,2.721,32.17,49370.1,0.94,7.89,32091,0.83,0,1.185,8.25,-92.2,28.813,1.877,4.76,0
8/15/2021,13:40:00,0,Piney Point,0.23,-0.11,52943.9,1.887,14.97,6.59,48949.5,81.9,81.9,5.29,2.737,32.15,49343.1,1.09,8.4,32073,0.79,0,1.183,8.26,-92.8,28.821,1.885,4.76,0
8/15/2021,13:50:00,0,Piney Point,0.26,-0.01,52909.6,1.906,15.25,6.69,48910.7,83.2,83.2,5.37,2.765,32.12,49304.8,0.94,7.91,32048,0.65,0,1.181,8.27,-93.1,28.828,1.907,4.76,0
8/15/2021,14:00:00,0,Piney Point,0.22,-0.16,52839.4,1.93,16.22,7.01,48850.1,85,85,5.49,2.8,32.08,49243.2,0.88,7.69,32008,0.79,0,1.181,8.28,-93.5,28.824,1.932,4.76,0
8/15/2021,14:10:00,0,Piney Point,0.29,0.13,52576.6,1.952,17.13,7.32,48679.2,86.1,86.1,5.57,2.831,31.95,49062.9,0.9,7.76,31891,0.42,0,1.179,8.28,-94,28.75,1.95,4.77,0
8/15/2021,14:20:00,0,Piney Point,0.35,0.38,52281.2,1.973,14.61,6.48,48542,88.4,88.4,5.74,2.861,31.84,48909.5,0.99,8.08,31791,0.86,0,1.18,8.3,-94.6,28.609,1.976,4.76,0
8/15/2021,14:30:00,0,Piney Point,0.7,1.78,52383,1.991,14.4,6.41,48671.9,88.8,88.8,5.77,2.888,31.94,49036.5,1.98,11.43,31874,0.43,0,1.182,8.3,-94.7,28.573,1.992,4.76,0
8/15/2021,14:40:00,0,Piney Point,0.65,1.6,52549.1,2.012,14.01,6.28,48820.5,89.1,89.1,5.78,2.919,32.05,49186.8,2.02,11.57,31971,1.07,0,1.185,8.29,-94.6,28.579,2.012,4.77,0
8/15/2021,14:50:00,0,Piney Point,1.01,3.04,52696.3,2.038,13.67,6.16,48944.2,89.8,89.8,5.82,2.956,32.14,49312.9,3.04,15.03,32053,0.53,0,1.188,8.3,-94.7,28.592,2.039,4.76,0
8/15/2021,15:00:00,0,Piney Point,1.12,3.47,52815.1,2.057,13.72,6.18,49041.4,89.5,89.5,5.8,2.984,32.21,49412.2,3.58,16.87,32118,0.48,0,1.191,8.29,-94.5,28.606,2.057,4.76,0
8/15/2021,15:10:00,0,Piney Point,1.41,4.65,52905.8,2.078,12.97,5.93,49117.4,90.3,90.3,5.85,3.015,32.27,49489.8,3.06,15.09,32168,0.73,0,1.191,8.3,-94.6,28.614,2.082,4.76,0
8/15/2021,15:20:00,0,Piney Point,1.36,4.46,52962,2.099,12.67,5.83,49163.1,90.7,90.7,5.87,3.046,32.3,49536.5,3.52,16.67,32199,0.68,0,1.179,8.3,-94.6,28.621,2.104,4.76,0
8/15/2021,15:30:00,0,Piney Point,1.91,6.7,53079,2.134,12.73,5.85,49259.9,90.9,90.9,5.88,3.097,32.37,49635.4,6.85,27.97,32263,0.8,0,1.172,8.29,-94.5,28.632,2.133,4.76,0
8/15/2021,15:40:00,0,Piney Point,1.19,3.78,53164.1,2.161,12.51,5.77,49325.1,90.9,90.9,5.88,3.136,32.42,49702.5,2.94,14.69,32307,0.52,0,1.179,8.29,-94.3,28.646,2.162,4.76,0
8/15/2021,15:50:00,0,Piney Point,1,3.02,53210.3,2.183,12.35,5.72,49358.9,90.7,90.7,5.86,3.168,32.45,49737.6,2.73,13.97,32329,0.65,0,1.183,8.29,-94.2,28.655,2.183,4.76,0
8/15/2021,16:00:00,0,Piney Point,0.84,2.33,53386.9,2.199,11.45,5.42,49505.7,91.4,91.4,5.9,3.191,32.56,49887.5,2.88,14.47,32427,0.64,0,1.174,8.28,-93.9,28.673,2.2,4.76,0
8/15/2021,16:10:00,0,Piney Point,1.04,3.16,53482.4,2.213,11.22,5.34,49572.1,91.2,91.2,5.89,3.212,32.61,49956.8,3.02,14.97,32472,0.55,0,1.177,8.28,-93.8,28.695,2.215,4.76,0
8/15/2021,16:20:00,0,Piney Point,0.94,2.74,53491.8,2.233,11.18,5.33,49565.7,90.6,90.6,5.85,3.241,32.6,49952,2.82,14.29,32469,0.7,0,1.191,8.28,-93.6,28.71,2.229,4.76,0
8/15/2021,16:30:00,0,Piney Point,1.05,3.2,53533.3,2.26,11.6,5.47,49597.4,88.9,88.9,5.73,3.28,32.63,49984.7,2.69,13.84,32490,0.63,0,1.181,8.27,-93.3,28.717,2.262,4.76,0
8/15/2021,16:40:00,0,Piney Point,0.85,2.4,53546.3,2.291,11.39,5.4,49603.8,86.5,86.5,5.58,3.325,32.63,49991.8,2.12,11.9,32495,0.76,0,1.185,8.26,-92.8,28.723,2.289,4.76,0
8/15/2021,16:50:00,0,Piney Point,1.06,3.25,53619.1,2.328,11.06,5.29,49682.2,88.7,88.7,5.72,3.379,32.69,50069.6,3.07,15.15,32545,1.05,0,1.173,8.26,-92.8,28.712,2.325,4.76,0
8/15/2021,17:00:00,0,Piney Point,1.03,3.11,53636.1,2.348,11.07,5.29,49704.9,87.5,87.5,5.65,3.408,32.7,50091.7,2.8,14.21,32560,0.77,0,1.185,8.26,-92.5,28.705,2.352,4.76,0
8/15/2021,17:10:00,0,Piney Point,0.92,2.66,53630.5,2.355,11.75,5.52,49705.5,86.9,86.9,5.61,3.419,32.7,50091.7,2.48,13.11,32560,0.85,0,1.18,8.26,-92.5,28.699,2.353,4.76,0
8/15/2021,17:20:00,0,Piney Point,0.85,2.41,53616.1,2.329,11.01,5.27,49693.7,86.3,86.3,5.57,3.38,32.7,50079.6,2.64,13.67,32552,0.81,0,1.183,8.26,-92.4,28.697,2.329,4.76,0
8/15/2021,17:30:00,0,Piney Point,0.51,1.01,53618.4,2.31,11.15,5.32,49692.3,85.3,85.3,5.5,3.352,32.69,50078.5,1.62,10.21,32551,0.58,0,1.191,8.25,-92.1,28.701,2.308,4.76,0
8/15/2021,17:40:00,0,Piney Point,0.89,2.57,53624.7,2.306,11.59,5.47,49690.1,81.5,81.5,5.26,3.346,32.69,50077.3,2.11,11.88,32550,0.49,0,1.178,8.24,-91.4,28.709,2.306,4.76,0
8/15/2021,17:50:00,0,Piney Point,1.02,3.07,53624.9,2.324,10.89,5.23,49687,80.1,80.1,5.17,3.373,32.69,50074.5,0.75,7.26,32548,0.9,0,1.18,8.24,-91.2,28.712,2.322,4.76,0
8/15/2021,18:00:00,0,Piney Point,1.06,3.25,53567.5,2.347,11.3,5.37,49661.2,85.5,85.5,5.52,3.406,32.67,50045.4,2.67,13.76,32530,0.7,0,1.18,8.26,-92.4,28.685,2.348,4.76,0
8/15/2021,18:10:00,0,Piney Point,0.83,2.3,53573.2,2.369,11.09,5.3,49680.9,86.3,86.3,5.57,3.438,32.68,50063.7,2.71,13.89,32541,1.1,0,1.191,8.26,-92.4,28.67,2.368,4.76,0
8/15/2021,18:20:00,0,Piney Point,0.81,2.23,53578.2,2.38,11.1,5.3,49694.2,85.7,85.7,5.53,3.454,32.69,50076.2,2.51,13.25,32550,0.86,0,1.178,8.26,-92.4,28.661,2.374,4.76,0
8/15/2021,18:30:00,0,Piney Point,0.79,2.13,53582.2,2.398,11.29,5.37,49705.6,86.4,86.4,5.58,3.48,32.7,50086.8,2.43,12.95,32556,1.11,0,1.181,8.25,-92.2,28.654,2.402,4.77,0
8/15/2021,18:40:00,0,Piney Point,0.93,2.71,53607.7,2.418,11.09,5.3,49738,85.9,85.9,5.55,3.509,32.73,50118.5,2.72,13.96,32577,0.82,0,1.18,8.25,-92,28.645,2.416,4.76,0
8/15/2021,18:50:00,0,Piney Point,1.3,4.21,53630.2,2.431,10.97,5.26,49768.5,86,86,5.55,3.529,32.75,50148.1,2.95,14.72,32596,1.98,0,1.191,8.25,-92.1,28.635,2.432,4.75,0
8/15/2021,19:00:00,0,Piney Point,1.22,3.87,53655.3,2.438,10.72,5.18,49797.7,86.2,86.2,5.57,3.538,32.77,50176.9,4.63,20.43,32615,1.11,0,1.174,8.25,-92.1,28.629,2.436,4.76,0
8/15/2021,19:10:00,0,Piney Point,0.85,2.39,53660.3,2.437,11.25,5.35,49804.5,85.4,85.4,5.52,3.537,32.77,50183.5,2.62,13.6,32619,0.67,0,1.183,8.25,-92,28.627,2.437,4.76,0
8/15/2021,19:20:00,0,Piney Point,1,3.01,53664.4,2.44,10.3,5.04,49815.6,85.6,85.6,5.52,3.542,32.78,50193.9,3.57,16.83,32626,1.09,0,1.18,8.25,-91.9,28.62,2.439,4.75,0
8/15/2021,19:30:00,0,Piney Point,0.69,1.74,53663.5,2.438,10.47,5.1,49814,83.2,83.2,5.37,3.538,32.78,50192.4,2.35,12.69,32625,0.88,0,1.183,8.25,-91.7,28.621,2.438,4.76,0
8/15/2021,19:40:00,0,Piney Point,1.16,3.64,53664.4,2.428,10.55,5.12,49819.2,81,81,5.23,3.524,32.78,50197.1,3.03,15,32628,1.22,0,1.178,8.24,-91.5,28.616,2.429,4.76,0
8/15/2021,19:50:00,0,Piney Point,0.89,2.53,53658.4,2.426,9.99,4.93,49822.2,82,82,5.3,3.521,32.79,50199.2,2.69,13.83,32629,1.38,0,1.183,8.24,-91.6,28.608,2.429,4.76,0
8/15/2021,20:00:00,0,Piney Point,1.05,3.2,53658.5,2.412,10.39,5.07,49822,82.3,82.3,5.32,3.501,32.79,50199.1,3.38,16.19,32629,0.9,0,1.178,8.24,-91.3,28.608,2.407,4.76,0
8/15/2021,20:10:00,0,Piney Point,0.76,2.04,53652.1,2.393,10.35,5.05,49817,80.1,80.1,5.17,3.473,32.78,50193.9,2.5,13.2,32626,0.66,0,1.183,8.23,-91,28.607,2.396,4.75,0
8/15/2021,20:20:00,0,Piney Point,0.68,1.71,53654,2.387,10.57,5.13,49815,77.1,77.1,4.98,3.465,32.78,50192.3,2.03,11.59,32625,0.59,0,1.179,8.22,-90.2,28.611,2.383,4.76,0
8/15/2021,20:30:00,0,Piney Point,0.45,0.76,53653.8,2.393,10.46,5.09,49814,74.3,74.3,4.8,3.474,32.78,50191.3,1.76,10.68,32624,0.47,0,1.183,8.21,-89.8,28.612,2.39,4.75,0
8/15/2021,20:40:00,0,Piney Point,0.74,1.95,53616.7,2.381,10.43,5.08,49794,76.6,76.6,4.95,3.455,32.76,50169.6,2.23,12.28,32610,0.62,0,1.178,8.22,-90.3,28.597,2.38,4.76,0
8/15/2021,20:50:00,0,Piney Point,0.72,1.86,53599.4,2.362,10.6,5.14,49781.5,76.2,76.2,4.92,3.429,32.76,50156.6,1.97,11.4,32602,0.51,0,1.183,8.22,-90.2,28.594,2.365,4.76,0
8/15/2021,21:00:00,0,Piney Point,0.53,1.11,53575.8,2.343,10.66,5.16,49766.9,76,76,4.91,3.401,32.74,50141.1,1.86,11.03,32592,0.92,0,1.178,8.22,-90,28.586,2.344,4.75,0
8/15/2021,21:10:00,0,Piney Point,0.58,1.3,53573.5,2.338,10.83,5.21,49762.9,72.8,72.8,4.7,3.393,32.74,50137.3,1.79,10.79,32589,0.58,0,1.183,8.21,-89.6,28.588,2.336,4.76,0
8/15/2021,21:20:00,0,Piney Point,0.57,1.25,53593,2.326,10.68,5.16,49775.3,70.3,70.3,4.54,3.377,32.75,50150.4,1.78,10.75,32598,0.51,0,1.177,8.2,-89.1,28.594,2.325,4.76,0
8/15/2021,21:30:00,0,Piney Point,0.73,1.91,53558.6,2.296,10.7,5.17,49750.2,69.6,69.6,4.5,3.333,32.73,50124.4,2.63,13.65,32581,0.71,0,1.183,8.2,-89.1,28.587,2.297,4.76,0
8/15/2021,21:40:00,0,Piney Point,0.81,2.21,53534.1,2.293,11.11,5.31,49736.9,68.1,68.1,4.4,3.328,32.72,50109.9,3.21,15.6,32571,0.51,0,1.178,8.2,-89,28.578,2.292,4.76,0
8/15/2021,21:50:00,0,Piney Point,0.51,1.02,53514.5,2.291,11.26,5.36,49729.1,68.8,68.8,4.45,3.326,32.72,50100.9,1.63,10.26,32566,0.7,0,1.183,8.2,-88.9,28.567,2.289,4.75,0
8/15/2021,22:00:00,0,Piney Point,0.45,0.78,53488,2.279,11.03,5.28,49713.8,68.7,68.7,4.44,3.308,32.7,50084.5,1.59,10.1,32555,0.71,0,1.179,8.2,-89,28.558,2.28,4.76,0
8/15/2021,22:10:00,0,Piney Point,0.58,1.28,53426.1,2.271,11.17,5.33,49677.9,73.9,73.9,4.78,3.297,32.68,50046,1.91,11.18,32530,0.46,0,1.183,8.22,-89.9,28.536,2.274,4.75,0
8/15/2021,22:20:00,0,Piney Point,0.58,1.29,53436,2.264,11.04,5.29,49690.4,70.7,70.7,4.58,3.286,32.69,50058.2,1.65,10.3,32538,0.52,0,1.178,8.21,-89.2,28.533,2.265,4.75,0
8/15/2021,22:30:00,0,Piney Point,0.58,1.29,53382.4,2.264,11.24,5.35,49663.3,73.7,73.7,4.77,3.286,32.66,50028.4,1.97,11.41,32518,0.41,0,1.183,8.22,-89.9,28.51,2.263,4.76,0
8/15/2021,22:40:00,0,Piney Point,0.97,2.88,53370.6,2.273,11.3,5.37,49664.5,73.2,73.2,4.74,3.299,32.66,50028.3,3.21,15.6,32518,0.54,0,1.179,8.22,-89.9,28.498,2.27,4.75,0
8/15/2021,22:50:00,0,Piney Point,0.57,1.25,53356.3,2.288,11.44,5.42,49663.1,72.8,72.8,4.71,3.321,32.66,50025.6,2.02,11.58,32517,0.47,0,1.183,8.21,-89.7,28.486,2.289,4.76,0
8/15/2021,23:00:00,0,Piney Point,0.81,2.24,53323.4,2.302,11.25,5.36,49659.4,75.2,75.2,4.87,3.341,32.66,50018.8,2.59,13.5,32512,0.53,0,1.178,8.22,-90.3,28.459,2.306,4.75,0
8/15/2021,23:10:00,0,Piney Point,0.71,1.81,53331.7,2.321,11.18,5.33,49669.3,73,73,4.73,3.369,32.67,50028.5,2.17,12.07,32519,0.5,0,1.183,8.21,-89.7,28.457,2.324,4.76,0
8/15/2021,23:20:00,0,Piney Point,0.57,1.27,53333.7,2.328,11.09,5.3,49675.3,71.5,71.5,4.64,3.379,32.67,50034.2,2,11.49,32522,0.48,0,1.179,8.21,-89.4,28.453,2.329,4.75,0
8/15/2021,23:30:00,0,Piney Point,0.94,2.74,53350.9,2.323,11,5.27,49720.2,75.6,75.6,4.9,3.372,32.7,50076.2,3.05,15.06,32550,0.52,0,1.183,8.22,-90.1,28.424,2.32,4.75,0
8/15/2021,23:40:00,0,Piney Point,0.74,1.93,53368.9,2.323,11.04,5.28,49750.2,76.6,76.6,4.96,3.373,32.72,50105,2.39,12.82,32568,0.52,0,1.179,8.22,-90.3,28.411,2.321,4.75,0
8/15/2021,23:50:00,0,Piney Point,0.66,1.62,53378.4,2.326,10.9,5.24,49755.8,74,74,4.8,3.376,32.73,50111,2.19,12.15,32572,0.48,0,1.183,8.21,-89.7,28.414,2.327,4.75,0
8/16/2021,0:00:00,0,Piney Point,0.59,1.34,53383,2.326,10.92,5.25,49762.5,74,74,4.79,3.376,32.73,50117.5,1.92,11.23,32576,0.49,0,1.178,8.21,-89.6,28.411,2.325,4.75,0
8/16/2021,0:10:00,0,Piney Point,0.79,2.16,53384.3,2.346,10.94,5.25,49773.1,73.4,73.4,4.76,3.405,32.74,50127.1,2.55,13.37,32583,0.54,0,1.183,8.21,-89.6,28.402,2.345,4.75,0
8/16/2021,0:20:00,0,Piney Point,0.9,2.58,53382.1,2.352,10.78,5.2,49782.7,73,73,4.73,3.415,32.75,50135.4,2.22,12.25,32588,0.61,0,1.178,8.21,-89.5,28.39,2.353,4.75,0
8/16/2021,0:30:00,0,Piney Point,1.06,3.23,53376.5,2.356,10.9,5.24,49799.9,74.9,74.9,4.86,3.42,32.76,50150.3,3.16,15.44,32598,0.89,0,1.183,8.22,-89.9,28.368,2.357,4.75,0
8/16/2021,0:40:00,0,Piney Point,0.77,2.07,53382.4,2.362,10.81,5.21,49818.4,75.2,75.2,4.88,3.429,32.77,50167.5,4.13,18.74,32609,0.48,0,1.191,8.22,-89.8,28.355,2.366,4.75,0
8/16/2021,0:50:00,0,Piney Point,0.87,2.46,53407.5,2.364,10.67,5.16,49847.7,75,75,4.86,3.432,32.79,50196.4,2.6,13.55,32628,0.48,0,1.179,8.22,-89.9,28.349,2.365,4.75,0
8/16/2021,1:00:00,0,Piney Point,0.82,2.28,53436.8,2.364,10.33,5.05,49877.5,75.2,75.2,4.87,3.432,32.81,50226.2,2.78,14.14,32647,0.74,0,1.182,8.22,-89.8,28.347,2.362,4.75,0
8/16/2021,1:10:00,0,Piney Point,0.98,2.91,53440.1,2.361,10.56,5.12,49878.1,74.3,74.3,4.82,3.428,32.81,50227,2.66,13.74,32648,0.77,0,1.172,8.21,-89.6,28.349,2.362,4.75,0
8/16/2021,1:20:00,0,Piney Point,0.69,1.72,53471.6,2.364,10.52,5.11,49902.9,74,74,4.8,3.431,32.83,50252.5,2.39,12.81,32664,0.57,0,1.191,8.21,-89.6,28.354,2.361,4.75,0
8/16/2021,1:30:00,0,Piney Point,0.78,2.1,53505.2,2.376,10.42,5.08,49930.5,74.4,74.4,4.82,3.449,32.85,50280.7,2.73,13.99,32682,0.58,0,1.184,8.21,-89.6,28.358,2.374,4.75,0
8/16/2021,1:40:00,0,Piney Point,0.9,2.58,53524.4,2.39,10.53,5.11,49943,73.1,73.1,4.74,3.47,32.86,50293.9,2.62,13.6,32691,0.57,0,1.177,8.21,-89.3,28.363,2.394,4.75,0
8/16/2021,1:50:00,0,Piney Point,0.63,1.5,53531.3,2.401,10.18,5,49945.6,72.2,72.2,4.68,3.486,32.87,50296.9,2.37,12.75,32693,0.48,0,1.181,8.2,-89.2,28.367,2.402,4.75,0
8/16/2021,2:00:00,0,Piney Point,0.57,1.24,53540,2.405,10.13,4.98,49949.1,69.3,69.3,4.49,3.491,32.87,50300.9,1.66,10.33,32696,0.73,0,1.183,8.2,-88.8,28.371,2.4,4.75,0
8/16/2021,2:10:00,0,Piney Point,0.88,2.52,53540,2.417,10.47,5.1,49951.9,72.2,72.2,4.68,3.509,32.87,50303.5,2.25,12.34,32697,0.54,0,1.174,8.2,-89.1,28.369,2.42,4.75,0
8/16/2021,2:20:00,0,Piney Point,0.67,1.68,53542.9,2.424,10.41,5.08,49953.5,71,71,4.6,3.519,32.87,50305.2,2.46,13.06,32698,0.59,0,1.18,8.2,-89,28.37,2.428,4.75,0
8/16/2021,2:30:00,0,Piney Point,0.93,2.72,53547.8,2.44,10.48,5.1,49958.2,70.6,70.6,4.57,3.542,32.87,50309.9,2.11,11.86,32701,0.77,0,1.175,8.2,-88.9,28.37,2.439,4.75,0
8/16/2021,2:40:00,0,Piney Point,0.69,1.72,53541.7,2.463,10.54,5.12,49953.9,71.4,71.4,4.62,3.575,32.87,50305.4,2.2,12.17,32699,0.66,0,1.171,8.2,-88.9,28.368,2.464,4.75,0
8/16/2021,2:50:00,0,Piney Point,0.61,1.4,53536.3,2.487,10.35,5.05,49958.5,72.2,72.2,4.68,3.61,32.87,50309,2.05,11.66,32701,0.61,0,1.189,8.2,-89.2,28.359,2.484,4.75,0
8/16/2021,3:00:00,0,Piney Point,0.73,1.9,53525.5,2.51,10.42,5.08,49960.2,72.9,72.9,4.72,3.644,32.88,50309.5,2.09,11.8,32701,0.71,0,1.18,8.21,-89.3,28.347,2.507,4.75,0
8/16/2021,3:10:00,0,Piney Point,0.76,2.02,53512.7,2.537,10.47,5.1,49961.7,72.7,72.7,4.72,3.682,32.88,50309.5,2.08,11.76,32701,0.72,0,1.174,8.2,-89.2,28.334,2.534,4.76,0
8/16/2021,3:20:00,0,Piney Point,0.71,1.81,53506.9,2.55,10.38,5.06,49962.9,71.2,71.2,4.62,3.702,32.88,50310,2.09,11.8,32702,0.87,0,1.181,8.2,-89,28.327,2.543,4.75,0
8/16/2021,3:30:00,0,Piney Point,0.72,1.87,53508.4,2.566,10.31,5.04,49976.1,72.4,72.4,4.7,3.725,32.89,50322,2.27,12.43,32709,0.55,0,1.186,8.2,-89.2,28.315,2.566,4.76,0
8/16/2021,3:40:00,0,Piney Point,1.14,3.58,53521.5,2.577,10.29,5.03,49991.3,72.9,72.9,4.73,3.741,32.9,50337,5.03,21.8,32719,0.6,0,1.174,8.21,-89.3,28.312,2.578,4.75,0
8/16/2021,3:50:00,0,Piney Point,0.62,1.47,53533.1,2.576,10.32,5.04,50002.3,72.5,72.5,4.7,3.739,32.9,50348,2.26,12.38,32726,0.69,0,1.184,8.2,-89.2,28.312,2.578,4.75,0
8/16/2021,4:00:00,0,Piney Point,0.62,1.45,53543.3,2.577,10.24,5.02,50012.6,69.9,69.9,4.53,3.742,32.91,50358.3,2.07,11.73,32733,0.77,0,1.178,8.2,-88.7,28.311,2.575,4.75,0
8/16/2021,4:10:00,0,Piney Point,0.74,1.95,53558.6,2.585,10.26,5.03,50035.3,71.7,71.7,4.65,3.752,32.93,50380.3,2.17,12.09,32747,0.61,0,1.184,8.2,-89,28.303,2.587,4.75,0
8/16/2021,4:20:00,0,Piney Point,0.85,2.4,53580.1,2.599,10.15,4.99,50067.7,72.6,72.6,4.71,3.773,32.95,50411.5,1.93,11.27,32767,0.64,0,1.19,8.21,-89.3,28.291,2.598,4.75,0
8/16/2021,4:30:00,0,Piney Point,0.78,2.12,53635.1,2.618,9.97,4.93,50132,74,74,4.8,3.801,33,50474.8,2.31,12.55,32809,0.9,0,1.182,8.21,-89.5,28.278,2.623,4.76,0
8/16/2021,4:40:00,0,Piney Point,0.75,1.97,53671,2.653,9.84,4.89,50176.9,74.9,74.9,4.86,3.851,33.03,50518.8,2.54,13.35,32837,0.89,0,1.176,8.21,-89.6,28.267,2.659,4.75,0
8/16/2021,4:50:00,0,Piney Point,1.26,4.04,53731.4,2.682,9.61,4.81,50246,75.2,75.2,4.88,3.894,33.08,50587,4.6,20.31,32882,0.8,0,1.179,8.21,-89.6,28.254,2.682,4.75,0
8/16/2021,5:00:00,0,Piney Point,0.88,2.5,53786.2,2.7,9.41,4.74,50311.6,76.2,76.2,4.94,3.92,33.13,50651.5,5.26,22.58,32923,0.68,0,1.182,8.21,-89.7,28.24,2.704,4.76,0
8/16/2021,5:10:00,0,Piney Point,1.07,3.29,53810.2,2.709,9.32,4.71,50339.6,75.5,75.5,4.9,3.933,33.15,50679.1,3.57,16.82,32941,1.16,0,1.172,8.21,-89.6,28.235,2.702,4.75,0
8/16/2021,5:20:00,0,Piney Point,0.73,1.91,53837.5,2.71,8.91,4.57,50370.2,75.2,75.2,4.88,3.935,33.17,50709.3,2.48,13.11,32961,1.12,0,1.175,8.21,-89.6,28.23,2.722,4.75,0
8/16/2021,5:30:00,0,Piney Point,0.76,2.02,53843.1,2.704,9.23,4.68,50373.6,74.2,74.2,4.81,3.926,33.18,50713,2.42,12.94,32963,0.78,0,1.184,8.21,-89.2,28.232,2.703,4.76,0
8/16/2021,5:40:00,0,Piney Point,0.86,2.42,53864.1,2.691,9.18,4.67,50394.6,73.1,73.1,4.74,3.907,33.19,50734,2.3,12.51,32977,0.79,0,1.176,8.21,-89.2,28.23,2.693,4.75,0
8/16/2021,5:50:00,0,Piney Point,0.97,2.89,53886.7,2.684,8.95,4.59,50418,72.7,72.7,4.71,3.898,33.21,50757.3,2.84,14.35,32992,0.62,0,1.181,8.2,-89,28.228,2.679,4.75,0
8/16/2021,6:00:00,0,Piney Point,0.84,2.37,53897.4,2.689,9.39,4.73,50427.7,71.2,71.2,4.62,3.904,33.21,50767.1,6.2,25.77,32999,0.69,0,1.189,8.2,-88.7,28.228,2.686,4.75,0
8/16/2021,6:10:00,0,Piney Point,0.64,1.54,53905.1,2.683,8.88,4.56,50433.2,68.7,68.7,4.46,3.896,33.22,50772.8,2.2,12.18,33002,1.02,0,1.178,8.19,-88.3,28.23,2.684,4.76,0
8/16/2021,6:20:00,0,Piney Point,0.88,2.53,53905.2,2.683,9.21,4.68,50440.4,70.6,70.6,4.57,3.897,33.22,50779.3,2.55,13.35,33007,0.89,0,1.181,8.2,-88.6,28.223,2.679,4.75,0
8/16/2021,6:30:00,0,Piney Point,0.75,1.97,53913.4,2.685,9.13,4.65,50448.5,67.9,67.9,4.4,3.899,33.23,50787.4,2.31,12.55,33012,0.87,0,1.178,8.19,-88.1,28.223,2.685,4.75,0
8/16/2021,6:40:00,0,Piney Point,1.05,3.19,53914.7,2.69,9.07,4.63,50458.4,68,68,4.41,3.906,33.24,50796.4,3.14,15.36,33018,1.13,0,1.191,8.19,-88,28.214,2.696,4.75,0
8/16/2021,6:50:00,0,Piney Point,0.67,1.66,53916.4,2.678,8.95,4.59,50465,67.7,67.7,4.39,3.889,33.24,50802.5,2.81,14.26,33022,0.84,0,1.172,8.18,-87.8,28.209,2.677,4.76,0
8/16/2021,7:00:00,0,Piney Point,1.43,4.73,53913.7,2.665,9.01,4.61,50470.9,68.1,68.1,4.41,3.87,33.25,50807.5,2.17,12.06,33025,1.13,0,1.174,8.18,-88,28.201,2.656,4.75,0
8/16/2021,7:10:00,0,Piney Point,1.01,3.04,53912.2,2.649,9.03,4.61,50472,65.9,65.9,4.27,3.847,33.25,50808.3,4.15,18.78,33025,0.83,0,1.175,8.18,-87.6,28.198,2.643,4.76,0
8/16/2021,7:20:00,0,Piney Point,0.89,2.55,53913.9,2.628,9.09,4.63,50473,64.6,64.6,4.19,3.817,33.25,50809.5,2.57,13.43,33026,1.13,0,1.179,8.17,-87.2,28.199,2.626,4.75,0
8/16/2021,7:30:00,0,Piney Point,0.77,2.08,53911.9,2.626,9.38,4.73,50472.6,64.1,64.1,4.16,3.814,33.25,50808.9,3.54,16.73,33026,1.17,0,1.174,8.17,-87.1,28.198,2.623,4.76,0
8/16/2021,7:40:00,0,Piney Point,0.65,1.57,53908,2.611,9.24,4.69,50468.7,63.3,63.3,4.11,3.791,33.24,50804.9,2.67,13.78,33023,1,0,1.186,8.17,-86.9,28.198,2.61,4.75,0
8/16/2021,7:50:00,0,Piney Point,0.82,2.28,53885.6,2.602,9.52,4.78,50456,64.3,64.3,4.17,3.778,33.23,50791.3,2.11,11.87,33014,0.95,0,1.171,8.17,-87.3,28.19,2.6,4.76,0
8/16/2021,8:00:00,0,Piney Point,0.58,1.29,53897.6,2.595,9.63,4.82,50458.4,60.2,60.2,3.91,3.768,33.24,50794.7,1.86,11.03,33017,0.93,0,1.177,8.16,-86.3,28.198,2.593,4.76,0
8/16/2021,8:10:00,0,Piney Point,0.54,1.13,53880.3,2.588,9.26,4.69,50450.6,61.4,61.4,3.98,3.759,33.23,50785.9,1.74,10.61,33011,7.51,0,1.181,8.17,-86.8,28.19,2.59,4.75,0
8/16/2021,8:20:00,0,Piney Point,1.03,3.11,53881.4,2.569,9.93,4.91,50445.9,58.3,58.3,3.78,3.73,33.23,50781.8,5.26,22.56,33008,1.2,0,1.191,8.15,-86,28.196,2.567,4.75,0
8/16/2021,8:30:00,0,Piney Point,0.5,0.99,53881.6,2.56,9.61,4.81,50443.1,57.6,57.6,3.74,3.718,33.22,50779.3,1.81,10.86,33007,1.55,0,1.181,8.15,-85.8,28.199,2.559,4.75,0
8/16/2021,8:40:00,0,Piney Point,0.43,0.68,53877.8,2.526,11.12,5.31,50436.4,55.6,55.6,3.6,3.669,33.22,50772.9,1.88,11.1,33002,1.23,0,1.181,8.15,-85.6,28.202,2.527,4.75,0
8/16/2021,8:50:00,0,Piney Point,0.61,1.43,53878.2,2.509,9.79,4.87,50437.3,56.8,56.8,3.68,3.644,33.22,50773.8,1.82,10.88,33003,0.68,0,1.177,8.14,-85.5,28.201,2.508,4.76,0
8/16/2021,9:00:00,0,Piney Point,0.68,1.69,53874.1,2.49,9.68,4.83,50431.7,55.8,55.8,3.62,3.616,33.22,50768.3,2.43,12.97,32999,0.9,0,1.191,8.14,-85.5,28.203,2.491,4.75,0
8/16/2021,9:10:00,0,Piney Point,0.55,1.16,53870.7,2.488,9.8,4.87,50426.7,55.1,55.1,3.57,3.612,33.21,50763.5,1.93,11.26,32996,1.67,0,1.185,8.14,-85.4,28.205,2.486,4.75,0
8/16/2021,9:20:00,0,Piney Point,0.61,1.41,53874.5,2.496,9.67,4.83,50423.7,53.3,53.3,3.46,3.624,33.21,50761.1,1.84,10.97,32995,1.37,0,1.181,8.14,-85.1,28.211,2.498,4.75,0
8/16/2021,9:30:00,0,Piney Point,0.38,0.47,53873.2,2.495,9.65,4.82,50417.4,52.8,52.8,3.43,3.623,33.21,50755.4,1.61,10.17,32991,1.4,0,1.174,8.13,-85,28.216,2.494,4.75,0
8/16/2021,9:40:00,0,Piney Point,0.36,0.39,53884.1,2.484,10.02,4.94,50418.8,51.9,51.9,3.37,3.608,33.21,50757.8,1.28,9.04,32993,0.89,0,1.179,8.13,-84.6,28.225,2.482,4.76,0
8/16/2021,9:50:00,0,Piney Point,0.42,0.63,53875.6,2.478,10.31,5.04,50403.9,52.2,52.2,3.39,3.598,33.2,50743.5,1.55,9.97,32983,1.07,0,1.185,8.13,-84.8,28.232,2.475,4.75,0
8/16/2021,10:00:00,0,Piney Point,0.41,0.61,53880,2.476,10.41,5.08,50399.3,52.9,52.9,3.43,3.595,33.19,50739.8,1.23,8.87,32981,0.89,0,1.179,8.13,-84.9,28.24,2.475,4.75,0
8/16/2021,10:10:00,0,Piney Point,0.41,0.61,53883.4,2.454,10.18,5,50392.6,52.8,52.8,3.42,3.563,33.19,50734.1,1.55,9.96,32977,1.58,0,1.185,8.13,-84.8,28.25,2.453,4.75,0
8/16/2021,10:20:00,0,Piney Point,0.58,1.31,53897.5,2.417,10.73,5.18,50394.1,53.2,53.2,3.45,3.509,33.19,50736.9,1.63,10.26,32979,0.77,0,1.177,8.13,-84.9,28.262,2.415,4.75,0
8/16/2021,10:30:00,0,Piney Point,0.37,0.45,53904.9,2.394,9.73,4.85,50388.6,54,54,3.5,3.477,33.19,50732.7,1.39,9.42,32976,0.59,0,1.179,8.13,-84.9,28.274,2.393,4.76,0
8/16/2021,10:40:00,0,Piney Point,0.38,0.48,53916,2.367,10.87,5.23,50381.6,52.5,52.5,3.4,3.437,33.18,50727.5,1.17,8.69,32973,0.71,0,1.179,8.13,-84.7,28.291,2.367,4.75,0
8/16/2021,10:50:00,0,Piney Point,0.37,0.45,53922.6,2.349,10.26,5.03,50374.2,53.3,53.3,3.45,3.411,33.18,50721.6,1.16,8.66,32969,0.68,0,1.183,8.13,-84.6,28.304,2.348,4.75,0
8/16/2021,11:00:00,0,Piney Point,0.32,0.26,53879.9,2.335,10.75,5.19,50330.7,53.4,53.4,3.46,3.391,33.15,50678.2,1.26,9,32941,0.75,0,1.191,8.13,-84.7,28.308,2.335,4.75,0
8/16/2021,11:10:00,0,Piney Point,0.25,-0.05,53850,2.311,10.52,5.11,50296.5,55.5,55.5,3.6,3.355,33.12,50644.5,1.47,9.71,32919,0.58,0,1.178,8.14,-85,28.314,2.31,4.75,0
8/16/2021,11:20:00,0,Piney Point,0.27,0.03,53769.6,2.295,10.69,5.17,50222.8,54.4,54.4,3.52,3.333,33.07,50570.1,1.09,8.39,32871,0.81,0,1.177,8.13,-84.8,28.313,2.294,4.76,0
8/16/2021,11:30:00,0,Piney Point,0.42,0.65,53678.9,2.26,11.51,5.44,50144.5,55.1,55.1,3.57,3.281,33.01,50490.5,3.02,14.96,32819,0.71,0,1.174,8.13,-84.6,28.306,2.259,4.75,0
8/16/2021,11:40:00,0,Piney Point,0.28,0.07,53517.6,2.238,13.4,6.07,50009.2,54.1,54.1,3.51,3.249,32.91,50352.7,1.08,8.39,32729,0.53,0,1.191,8.12,-84.4,28.291,2.238,4.75,0
8/16/2021,11:50:00,0,Piney Point,0.55,1.18,53340.6,2.219,11.84,5.55,49853.3,53.3,53.3,3.46,3.221,32.79,50194.6,1.41,9.49,32627,0.83,0,1.177,8.12,-84,28.281,2.218,4.75,0
8/16/2021,12:00:00,0,Piney Point,0.33,0.27,53300.8,2.203,13.76,6.19,49817.6,51,51,3.31,3.197,32.77,50158.5,0.96,7.97,32603,0.75,0,1.174,8.1,-83.2,28.28,2.197,4.75,0
8/16/2021,12:10:00,0,Piney Point,0.26,-0.01,53127.5,2.198,14.42,6.41,49674.3,52.8,52.8,3.43,3.19,32.66,50012.2,0.9,7.75,32508,0.6,0,1.187,8.11,-83.3,28.261,2.199,4.75,0
8/16/2021,12:20:00,0,Piney Point,0.29,0.12,53192.2,2.169,13.95,6.26,49717.1,48.5,48.5,3.15,3.149,32.69,50057.2,2.35,12.67,32537,0.74,0,1.181,8.09,-82.3,28.279,2.167,4.75,0
8/16/2021,12:30:00,0,Piney Point,0.23,-0.14,53149,2.143,14.03,6.28,49675.1,49.5,49.5,3.22,3.11,32.66,50015.1,1.08,8.37,32510,0.66,0,1.189,8.09,-82.2,28.281,2.141,4.75,0
8/16/2021,12:40:00,0,Piney Point,0.31,0.2,52927.9,2.127,14.43,6.42,49484.8,50.7,50.7,3.3,3.088,32.52,49821.8,0.97,8,32384,0.62,0,1.182,8.09,-82.5,28.264,2.128,4.75,0
8/16/2021,12:50:00,0,Piney Point,0.41,0.6,52851.2,2.1,14.07,6.3,49414.8,49.3,49.3,3.21,3.048,32.47,49751,0.84,7.55,32338,0.76,0,1.177,8.09,-82.2,28.262,2.101,4.75,0
8/16/2021,13:00:00,0,Piney Point,0.19,-0.28,52809.9,2.101,15.72,6.84,49370.5,49.9,49.9,3.24,3.05,32.44,49707.1,1.41,9.49,32310,0.57,0,1.181,8.08,-82,28.268,2.099,4.74,0
8/16/2021,13:10:00,0,Piney Point,0.29,0.13,52700,2.093,15.74,6.85,49274.1,50.2,50.2,3.27,3.037,32.36,49609.3,0.89,7.72,32246,0.77,0,1.178,8.08,-81.9,28.262,2.093,4.75,0
8/16/2021,13:20:00,0,Piney Point,0.22,-0.15,52684.2,2.087,14.89,6.57,49251.7,49.4,49.4,3.21,3.029,32.35,49587.6,0.87,7.67,32232,0.53,0,1.183,8.09,-82,28.27,2.09,4.74,0
8/16/2021,13:30:00,0,Piney Point,0.45,0.78,52655.4,2.101,14.03,6.28,49219.5,49.1,49.1,3.19,3.048,32.32,49555.8,1.81,10.84,32211,2.39,0,1.178,8.08,-81.7,28.275,2.097,4.75,0
8/16/2021,13:40:00,0,Piney Point,0.31,0.18,52410.3,2.127,14.76,6.53,49019.2,47.6,47.6,3.11,3.087,32.18,49351,1.11,8.47,32078,0.61,0,1.183,8.07,-81,28.246,2.128,4.75,0
8/16/2021,13:50:00,0,Piney Point,0.28,0.09,52373,2.114,14.93,6.58,48967.5,42.8,42.8,2.79,3.068,32.14,49300.8,0.7,7.07,32046,1.05,0,1.178,8.04,-79.4,28.263,2.114,4.75,0
8/16/2021,14:00:00,0,Piney Point,0.22,-0.17,52351.3,2.082,15,6.6,48949.9,46.5,46.5,3.03,3.021,32.13,49282.7,0.72,7.17,32034,0.62,0,1.183,8.05,-80.1,28.26,2.085,4.74,0
8/16/2021,14:10:00,0,Piney Point,0.28,0.07,52344.6,2.053,15.19,6.67,48929.7,44.8,44.8,2.92,2.978,32.11,49263.9,0.76,7.28,32022,0.89,0,1.178,8.04,-79.6,28.274,2.052,4.74,0
8/16/2021,14:20:00,0,Piney Point,0.39,0.54,52311.4,2.031,15.23,6.68,48894.1,43.9,43.9,2.86,2.946,32.09,49228.6,1.1,8.45,31999,0.49,0,1.183,8.04,-79.4,28.279,2.027,4.74,0
8/16/2021,14:30:00,0,Piney Point,0.31,0.21,52282.3,2.016,15.61,6.81,48867.3,43.4,43.4,2.83,2.925,32.07,49201.6,0.9,7.76,31981,0.54,0,1.191,8.04,-79.2,28.278,2.019,4.74,0
8/16/2021,14:40:00,0,Piney Point,0.22,-0.17,52067.1,2.014,16.59,7.14,48682.7,43,43,2.8,2.922,31.93,49013.9,0.71,7.13,31859,0.48,0,1.179,8.04,-79.1,28.261,2.015,4.73,0
8/16/2021,14:50:00,0,Piney Point,0.3,0.15,52067.8,2.01,16.14,6.99,48685.9,40.2,40.2,2.62,2.916,31.93,49016.8,0.8,7.42,31861,0.68,0,1.182,8.02,-77.9,28.259,2.012,4.74,0
8/16/2021,15:00:00,0,Piney Point,0.4,0.58,51893.7,2.014,16.28,7.03,48538.7,39.7,39.7,2.59,2.922,31.82,48866.9,1.79,10.79,31763,3.06,0,1.172,8.02,-77.9,28.243,2.013,4.74,0
8/16/2021,15:10:00,0,Piney Point,0.66,1.64,51725.8,2.011,16.65,7.15,48402.1,38.6,38.6,2.52,2.917,31.72,48727.2,2.63,13.65,31673,3.86,0,1.173,8.01,-77.5,28.222,2.008,4.74,0
8/16/2021,15:20:00,0,Piney Point,0.54,1.13,51638.2,2.024,16.6,7.14,48332.7,36.7,36.7,2.4,2.936,31.67,48655.9,1.74,10.61,31626,3.35,0,1.181,8,-76.9,28.209,2.024,4.74,0
8/16/2021,15:30:00,0,Piney Point,0.39,0.54,51546.6,2.019,16.79,7.2,48252.3,36.4,36.4,2.38,2.929,31.61,48574.4,1.44,9.59,31573,2.07,0,1.191,8,-76.8,28.204,2.019,4.74,0
8/16/2021,15:40:00,0,Piney Point,0.39,0.54,51466.8,2.02,17.34,7.39,48179.7,39.5,39.5,2.59,2.93,31.56,48501.1,1.13,8.56,31526,1.08,0,1.188,8.01,-77.3,28.201,2.019,4.74,0
8/16/2021,15:50:00,0,Piney Point,0.29,0.12,51490.2,2.004,17.4,7.4,48187.1,37.7,37.7,2.46,2.907,31.56,48510.2,1.17,8.7,31532,1.18,0,1.178,8,-76.9,28.216,2.006,4.74,0
8/16/2021,16:00:00,0,Piney Point,0.34,0.33,51265.2,1.992,17.92,7.58,48037.4,46.8,46.8,3.07,2.889,31.45,48352.8,1.49,9.78,31429,1.68,0,1.185,8.03,-78.6,28.153,1.995,4.74,0
8/16/2021,16:10:00,0,Piney Point,0.38,0.49,51138.1,2.001,17.33,7.38,48006.5,58.3,58.3,3.82,2.903,31.42,48312.2,1.27,9.02,31403,0.86,0,1.177,8.06,-80.7,28.062,2.003,4.74,0
8/16/2021,16:20:00,0,Piney Point,0.49,0.93,51246.3,2.012,18.81,7.88,48152,63.9,63.9,4.2,2.918,31.53,48453.8,2.06,11.69,31495,0.4,0,1.179,8.09,-82,28.017,2.012,4.74,0
8/16/2021,16:30:00,0,Piney Point,0.41,0.6,51321.6,2.009,16.6,7.14,48242,65.5,65.5,4.3,2.913,31.59,48542.3,1.55,9.96,31553,0.56,0,1.191,8.09,-82.2,27.998,2.009,4.74,0
8/16/2021,16:40:00,0,Piney Point,0.47,0.84,51358.6,2.022,16.64,7.15,48290.3,66.2,66.2,4.35,2.934,31.63,48589.5,1.6,10.14,31583,4.33,0,1.174,8.09,-82.5,27.984,2.025,4.74,0
8/16/2021,16:50:00,0,Piney Point,0.5,0.98,51387.9,2.043,17.09,7.3,48333.2,67.5,67.5,4.43,2.964,31.66,48631,1.4,9.46,31610,211.71,0,1.183,8.1,-82.7,27.968,2.044,4.74,0
8/16/2021,17:00:00,0,Piney Point,0.59,1.34,51392,2.055,31.94,12.25,48341.3,67.8,67.8,4.45,2.981,31.66,48638.7,1.75,10.64,31615,1.58,0,1.179,8.1,-82.8,27.964,2.054,4.74,0
8/16/2021,17:10:00,0,Piney Point,0.45,0.76,51389.4,2.05,18.19,7.67,48338.8,68.4,68.4,4.49,2.973,31.66,48636.2,1.59,10.11,31614,1.07,0,1.183,8.1,-82.9,27.964,2.049,4.73,0
8/16/2021,17:20:00,0,Piney Point,0.37,0.45,51391,2.051,18.99,7.94,48342,69,69,4.53,2.975,31.66,48639.2,1.47,9.71,31616,0.72,0,1.187,8.11,-83.2,27.962,2.046,4.74,0
8/16/2021,17:30:00,0,Piney Point,0.44,0.73,51414.9,2.055,17.79,7.53,48352.2,68.9,68.9,4.53,2.981,31.67,48650.8,1.3,9.13,31623,0.66,0,1.178,8.11,-83.2,27.975,2.055,4.74,0
8/16/2021,17:40:00,0,Piney Point,0.41,0.61,51428,2.065,17.25,7.35,48366.7,69.9,69.9,4.59,2.995,31.68,48665.2,1.42,9.51,31632,0.95,0,1.18,8.11,-83.3,27.972,2.062,4.73,0
8/16/2021,17:50:00,0,Piney Point,0.44,0.71,51448.3,2.071,16.23,7.01,48397.1,71.7,71.7,4.71,3.005,31.7,48694.6,1.53,9.89,31651,0.67,0,1.181,8.11,-83.7,27.961,2.074,4.73,0
8/16/2021,18:00:00,0,Piney Point,0.46,0.8,51471.4,2.083,16.9,7.24,48419.9,72,72,4.73,3.021,31.72,48717.3,1.91,11.19,31666,0.61,0,1.18,8.12,-83.9,27.96,2.083,4.74,0
8/16/2021,18:10:00,0,Piney Point,0.7,1.76,51479.3,2.102,16.38,7.07,48423,72.8,72.8,4.78,3.049,31.72,48720.9,2.34,12.66,31669,0.6,0,1.179,8.12,-83.9,27.964,2.107,4.74,0
8/16/2021,18:20:00,0,Piney Point,0.45,0.75,51484.4,2.116,16.08,6.96,48421,71.8,71.8,4.71,3.07,31.72,48719.6,1.37,9.36,31668,0.87,0,1.178,8.12,-83.8,27.971,2.121,4.73,0
8/16/2021,18:30:00,0,Piney Point,0.4,0.58,51484.1,2.12,16.69,7.17,48414.7,71,71,4.66,3.076,31.72,48714,1.45,9.62,31664,0.83,0,1.181,8.11,-83.5,27.977,2.116,4.73,0
8/16/2021,18:40:00,0,Piney Point,0.4,0.57,51478.1,2.121,16.23,7.02,48407.8,70.1,70.1,4.6,3.077,31.71,48707.1,1.46,9.66,31660,0.86,0,1.183,8.11,-83.3,27.979,2.122,4.74,0
8/16/2021,18:50:00,0,Piney Point,0.37,0.43,51496.4,2.138,16.2,7.01,48411.5,69,69,4.53,3.102,31.72,48712.3,1.69,10.44,31663,0.83,0,1.174,8.1,-83,27.992,2.141,4.73,0
8/16/2021,19:00:00,0,Piney Point,0.38,0.48,51483.9,2.159,16.2,7,48402.6,67.8,67.8,4.45,3.131,31.71,48703.1,1.28,9.05,31657,0.41,0,1.173,8.1,-82.6,27.989,2.157,4.73,0
8/16/2021,19:10:00,0,Piney Point,0.37,0.43,51451,2.174,16.63,7.15,48389.1,67.8,67.8,4.45,3.153,31.7,48687.6,1.14,8.57,31647,0.63,0,1.177,8.1,-82.6,27.972,2.172,4.73,0
8/16/2021,19:20:00,0,Piney Point,0.32,0.25,51458.6,2.175,15.81,6.87,48391.3,66.1,66.1,4.34,3.156,31.7,48690.4,1.34,9.27,31649,0.38,0,1.176,8.09,-82.2,27.977,2.176,4.73,0
8/16/2021,19:30:00,0,Piney Point,0.29,0.14,51459.8,2.186,15.88,6.9,48388.8,62.5,62.5,4.1,3.171,31.7,48688.2,1.06,8.32,31647,76.59,0,1.181,8.08,-81.6,27.98,2.183,4.74,0
8/16/2021,19:40:00,0,Piney Point,0.33,0.27,51448.8,2.214,15.95,6.92,48381.9,61.3,61.3,4.02,3.211,31.69,48680.9,1.37,9.34,31643,1.84,0,1.178,8.07,-81,27.977,2.215,4.73,0
8/16/2021,19:50:00,0,Piney Point,0.49,0.93,51379,2.235,16.53,7.12,48355,67,67,4.4,3.243,31.67,48649.7,1.71,10.5,31622,0.82,0,1.183,8.09,-82.2,27.937,2.232,4.73,0
8/16/2021,20:00:00,0,Piney Point,0.52,1.05,51372.9,2.234,16.75,7.19,48380.9,69.6,69.6,4.57,3.241,31.69,48672.4,1.81,10.86,31637,2.1,0,1.179,8.1,-82.8,27.905,2.239,4.74,0
8/16/2021,20:10:00,0,Piney Point,0.62,1.45,51356,2.225,15.82,6.88,48386.7,71.7,71.7,4.72,3.227,31.69,48675.8,2.3,12.51,31639,0.92,0,1.183,8.11,-83.3,27.883,2.223,4.73,0
8/16/2021,20:20:00,0,Piney Point,0.53,1.09,51385,2.201,16.29,7.03,48412.5,70.4,70.4,4.63,3.193,31.71,48702,1.87,11.05,31656,1.32,0,1.178,8.1,-83.1,27.884,2.201,4.74,0
8/16/2021,20:30:00,0,Piney Point,0.64,1.52,51443.2,2.197,15.63,6.81,48478.1,71.6,71.6,4.7,3.188,31.76,48766.8,3.6,16.94,31698,0.61,0,1.183,8.11,-83.4,27.873,2.195,4.73,0
8/16/2021,20:40:00,0,Piney Point,0.67,1.64,51513.3,2.178,15.5,6.77,48561.6,73.2,73.2,4.81,3.16,31.82,48849,2.12,11.9,31752,0.84,0,1.179,8.11,-83.7,27.856,2.176,4.74,0
8/16/2021,20:50:00,0,Piney Point,0.65,1.59,51599.8,2.186,15.96,6.92,48660.3,74.3,74.3,4.88,3.172,31.89,48946.4,2.17,12.08,31815,0.61,0,1.183,8.12,-83.9,27.838,2.186,4.73,0
8/16/2021,21:00:00,0,Piney Point,0.58,1.28,51648.9,2.192,15.16,6.66,48716.9,73,73,4.8,3.18,31.93,49002.2,2.22,12.26,31851,0.78,0,1.178,8.11,-83.7,27.828,2.192,4.73,0
8/16/2021,21:10:00,0,Piney Point,0.87,2.46,51693.8,2.185,15.05,6.62,48771.4,73.1,73.1,4.81,3.171,31.97,49055.8,2.08,11.77,31886,0.6,0,1.183,8.11,-83.7,27.816,2.178,4.73,0
8/16/2021,21:20:00,0,Piney Point,0.71,1.82,51710.5,2.194,15.14,6.65,48788.2,72.6,72.6,4.77,3.184,31.98,49072.5,2.02,11.58,31897,0.38,0,1.178,8.11,-83.5,27.815,2.196,4.73,0
8/16/2021,21:30:00,0,Piney Point,0.58,1.3,51746.4,2.188,14.81,6.54,48830.6,71.4,71.4,4.69,3.175,32.02,49114.3,1.97,11.38,31924,0.63,0,1.183,8.11,-83.3,27.806,2.191,4.73,0
8/16/2021,21:40:00,0,Piney Point,0.61,1.43,51763,2.181,14.43,6.42,48854.4,71.9,71.9,4.73,3.165,32.03,49137.4,2.18,12.12,31939,0.53,0,1.178,8.11,-83.4,27.798,2.183,4.73,0
8/16/2021,21:50:00,0,Piney Point,0.59,1.33,51768.1,2.18,14.73,6.51,48856.9,70.3,70.3,4.62,3.163,32.03,49140.1,1.98,11.44,31941,0.36,0,1.183,8.1,-83,27.8,2.179,4.73,0
8/16/2021,22:00:00,0,Piney Point,0.39,0.52,51777.3,2.178,14.85,6.55,48871,70.5,70.5,4.63,3.161,32.04,49153.7,1.62,10.2,31950,0.46,0,1.178,8.1,-83.1,27.795,2.181,4.73,0
8/16/2021,22:10:00,0,Piney Point,0.5,0.98,51800.2,2.186,14.71,6.51,48893.1,70.1,70.1,4.61,3.173,32.06,49175.9,1.83,10.91,31964,0.41,0,1.183,8.1,-83,27.794,2.183,4.73,0
8/16/2021,22:20:00,0,Piney Point,0.53,1.07,51827.1,2.202,14.75,6.52,48922.8,70,70,4.6,3.195,32.08,49205.3,1.83,10.91,31983,0.42,0,1.178,8.1,-82.9,27.79,2.199,4.74,0
8/16/2021,22:30:00,0,Piney Point,0.49,0.92,51864.5,2.218,14.62,6.48,48966.8,70.5,70.5,4.63,3.219,32.11,49248.6,1.79,10.79,32012,0.43,0,1.183,8.1,-83,27.781,2.222,4.73,0
8/16/2021,22:40:00,0,Piney Point,0.37,0.44,51900.9,2.24,14.43,6.42,49008.7,70.1,70.1,4.6,3.25,32.14,49289.9,1.62,10.21,32038,0.47,0,1.178,8.1,-82.9,27.773,2.238,4.73,0
8/16/2021,22:50:00,0,Piney Point,0.51,1.02,51948.8,2.254,14.26,6.36,49068.9,70.9,70.9,4.66,3.272,32.19,49348.9,1.82,10.89,32077,0.35,0,1.183,8.11,-83.2,27.758,2.251,4.73,0
8/16/2021,23:00:00,0,Piney Point,0.53,1.09,51992.2,2.274,14.05,6.29,49120.2,72.2,72.2,4.74,3.3,32.23,49399.4,2.03,11.59,32110,0.5,0,1.178,8.11,-83.5,27.748,2.275,4.74,0
8/16/2021,23:10:00,0,Piney Point,0.79,2.14,52061.9,2.292,13.78,6.2,49192.8,72.7,72.7,4.78,3.327,32.28,49471.7,2.76,14.09,32157,0.39,0,1.183,8.12,-83.8,27.741,2.297,4.73,0
8/16/2021,23:20:00,0,Piney Point,0.75,2,52106.5,2.301,13.7,6.17,49237.2,73.7,73.7,4.84,3.339,32.31,49516.1,2.62,13.6,32185,0.54,0,1.179,8.12,-84.1,27.739,2.299,4.74,0
8/16/2021,23:30:00,0,Piney Point,0.56,1.22,52133.7,2.303,13.25,6.02,49265.2,73.4,73.4,4.82,3.342,32.33,49544,2.12,11.92,32204,0.5,0,1.183,8.12,-84.1,27.737,2.299,4.73,0
8/16/2021,23:40:00,0,Piney Point,0.52,1.04,52149.9,2.297,13.19,6,49284.2,73.3,73.3,4.81,3.334,32.35,49562.8,1.99,11.46,32216,0.61,0,1.178,8.12,-84.1,27.733,2.297,4.73,0
8/16/2021,23:50:00,0,Piney Point,0.59,1.33,52153.5,2.294,13.37,6.06,49286.5,72.1,72.1,4.74,3.329,32.35,49565.1,2.06,11.72,32217,0.46,0,1.183,8.12,-83.8,27.734,2.293,4.73,0
8/17/2021,0:00:00,0,Piney Point,0.65,1.59,52155.5,2.285,13.29,6.04,49285.3,70.1,70.1,4.6,3.316,32.35,49564.3,2.05,11.68,32217,0.53,0,1.179,8.11,-83.4,27.737,2.281,4.74,0
8/17/2021,0:10:00,0,Piney Point,0.56,1.19,52155,2.287,13.51,6.11,49283.5,68.5,68.5,4.5,3.319,32.35,49562.6,2.04,11.63,32216,0.43,0,1.183,8.1,-83,27.739,2.286,4.72,0
8/17/2021,0:20:00,0,Piney Point,0.42,0.63,52152.5,2.285,13.57,6.13,49280.5,66.7,66.7,4.38,3.316,32.34,49559.6,1.78,10.74,32214,0.79,0,1.179,8.1,-82.6,27.739,2.284,4.74,0
8/17/2021,0:30:00,0,Piney Point,0.6,1.38,52153.4,2.296,13.8,6.21,49279.9,65.2,65.2,4.28,3.332,32.34,49559.3,1.75,10.66,32214,0.4,0,1.183,8.09,-82.2,27.741,2.288,4.73,0
8/17/2021,0:40:00,0,Piney Point,0.53,1.1,52151.6,2.316,13.6,6.14,49277.1,63.6,63.6,4.18,3.362,32.34,49556.5,1.89,11.12,32212,0.52,0,1.178,8.08,-81.9,27.742,2.318,4.74,0
8/17/2021,0:50:00,0,Piney Point,0.55,1.17,52158.6,2.33,13.46,6.09,49300.6,68.1,68.1,4.47,3.382,32.36,49578.4,2.05,11.68,32226,0.47,0,1.183,8.1,-82.9,27.725,2.33,4.73,0
8/17/2021,1:00:00,0,Piney Point,0.6,1.37,52176.2,2.336,13.38,6.07,49321.5,68,68,4.46,3.39,32.37,49598.9,2.03,11.61,32239,0.53,0,1.191,8.1,-82.9,27.721,2.34,4.74,0
8/17/2021,1:10:00,0,Piney Point,0.61,1.41,52175.6,2.35,13.52,6.11,49336.5,69,69,4.53,3.41,32.38,49612.3,7.56,30.38,32248,0.65,0,1.172,8.11,-83.3,27.705,2.348,4.74,0
8/17/2021,1:20:00,0,Piney Point,0.53,1.1,52189.6,2.354,13.49,6.1,49359.3,69.5,69.5,4.57,3.416,32.4,49634.3,2,11.5,32262,0.62,0,1.174,8.11,-83.3,27.695,2.355,4.74,0
8/17/2021,1:30:00,0,Piney Point,0.65,1.57,52249.7,2.372,13.22,6.01,49408.2,69.5,69.5,4.56,3.442,32.44,49684.3,1.8,10.81,32295,0.51,0,1.174,8.11,-83.5,27.703,2.373,4.74,0
8/17/2021,1:40:00,0,Piney Point,0.94,2.74,52336.1,2.383,13.02,5.94,49483.6,69.3,69.3,4.55,3.459,32.49,49760.7,3.14,15.35,32344,0.51,0,1.191,8.12,-83.8,27.71,2.384,4.74,0
8/17/2021,1:50:00,0,Piney Point,0.84,2.36,52433,2.403,12.54,5.78,49571,70.1,70.1,4.6,3.488,32.56,49849.1,2.63,13.63,32402,0.53,0,1.188,8.12,-84.1,27.714,2.406,4.74,0
8/17/2021,2:00:00,0,Piney Point,0.84,2.34,52492.3,2.417,12.33,5.72,49638.7,71.2,71.2,4.67,3.508,32.61,49915.9,3,14.89,32445,0.8,0,1.176,8.13,-84.7,27.702,2.422,4.73,0
8/17/2021,2:10:00,0,Piney Point,0.82,2.27,52507.9,2.432,12.19,5.67,49680.6,72.2,72.2,4.74,3.531,32.64,49955.2,3.1,15.23,32471,0.63,0,1.177,8.14,-85,27.675,2.428,4.74,0
8/17/2021,2:20:00,0,Piney Point,0.88,2.49,52539.3,2.443,12.03,5.61,49717.8,71.4,71.4,4.68,3.547,32.66,49991.8,2.88,14.49,32495,0.66,0,1.183,8.14,-85,27.668,2.445,4.74,0
8/17/2021,2:30:00,0,Piney Point,0.9,2.58,52564.7,2.451,11.77,5.53,49751.9,72.3,72.3,4.74,3.558,32.69,50025,2.98,14.83,32516,0.73,0,1.175,8.14,-85.3,27.658,2.442,4.73,0
8/17/2021,2:40:00,0,Piney Point,0.74,1.93,52582.2,2.47,11.74,5.52,49772.8,72.1,72.1,4.73,3.586,32.7,50045.6,2.58,13.48,32530,0.54,0,1.176,8.14,-85.4,27.654,2.47,4.74,0
8/17/2021,2:50:00,0,Piney Point,0.83,2.31,52595.1,2.483,11.64,5.48,49792.2,71.9,71.9,4.72,3.605,32.72,50064.3,3.05,15.06,32542,0.75,0,1.182,8.14,-85.4,27.647,2.489,4.73,0
8/17/2021,3:00:00,0,Piney Point,0.85,2.4,52599.3,2.495,11.6,5.47,49803.1,72.3,72.3,4.74,3.623,32.72,50074.5,3.33,16.02,32548,0.96,0,1.174,8.15,-85.5,27.64,2.488,4.73,0
8/17/2021,3:10:00,0,Piney Point,1.08,3.31,52591.9,2.509,11.57,5.46,49806.4,72.5,72.5,4.76,3.643,32.73,50076.8,3.48,16.53,32550,0.69,0,1.179,8.15,-85.6,27.63,2.509,4.74,0
8/17/2021,3:20:00,0,Piney Point,0.79,2.16,52594,2.519,11.65,5.49,49806.1,70.5,70.5,4.63,3.657,32.73,50076.7,1.91,11.19,32550,0.68,0,1.178,8.14,-85.2,27.632,2.528,4.73,0
8/17/2021,3:30:00,0,Piney Point,0.83,2.29,52558,2.527,11.51,5.44,49795.2,72.4,72.4,4.76,3.669,32.72,50063.3,2.91,14.59,32541,0.66,0,1.183,8.15,-85.8,27.609,2.527,4.73,0
8/17/2021,3:40:00,0,Piney Point,0.83,2.32,52548.9,2.532,11.46,5.42,49793.3,71.4,71.4,4.69,3.677,32.71,50060.6,3.41,16.27,32539,0.69,0,1.191,8.14,-85.4,27.602,2.53,4.73,0
8/17/2021,3:50:00,0,Piney Point,0.74,1.95,52535.6,2.541,11.57,5.46,49783.5,69.9,69.9,4.59,3.689,32.71,50050.5,2.57,13.45,32533,1.06,0,1.176,8.14,-85.2,27.6,2.541,4.74,0
8/17/2021,4:00:00,0,Piney Point,1.11,3.45,52505.3,2.539,11.5,5.44,49765.6,69.2,69.2,4.55,3.686,32.69,50031.4,3.59,16.88,32520,1.44,0,1.179,8.14,-85.1,27.589,2.537,4.74,0
8/17/2021,4:10:00,0,Piney Point,0.91,2.65,52507.7,2.543,11.77,5.53,49767.9,69,69,4.54,3.693,32.7,50033.7,2.75,14.04,32522,0.75,0,1.176,8.14,-85,27.589,2.538,4.73,0
8/17/2021,4:20:00,0,Piney Point,0.98,2.91,52491.7,2.548,11.65,5.49,49764.5,70.3,70.3,4.62,3.699,32.69,50029.1,4.28,19.22,32519,0.84,0,1.178,8.14,-85.2,27.577,2.545,4.74,0
8/17/2021,4:30:00,0,Piney Point,0.64,1.53,52496.5,2.554,11.61,5.48,49764.5,67.2,67.2,4.42,3.709,32.69,50029.5,2.27,12.42,32519,0.66,0,1.172,8.13,-84.6,27.582,2.551,4.74,0
8/17/2021,4:40:00,0,Piney Point,0.74,1.94,52479.7,2.569,11.62,5.48,49761.9,69.6,69.6,4.58,3.73,32.69,50025.5,2.42,12.92,32517,0.81,0,1.185,8.14,-85.1,27.569,2.571,4.73,0
8/17/2021,4:50:00,0,Piney Point,0.83,2.29,52483,2.582,11.74,5.52,49762.7,68,68,4.47,3.749,32.69,50026.6,2.82,14.3,32517,0.7,0,1.184,8.13,-84.8,27.571,2.585,4.74,0
8/17/2021,5:00:00,0,Piney Point,0.67,1.66,52478.6,2.596,11.67,5.5,49765.3,68.5,68.5,4.5,3.77,32.69,50028.5,2.32,12.6,32518,0.76,0,1.185,8.14,-85,27.564,2.597,4.73,0
8/17/2021,5:10:00,0,Piney Point,0.88,2.53,52509.6,2.61,11.64,5.49,49805.3,70.3,70.3,4.62,3.789,32.72,50067.5,3.11,15.28,32544,0.75,0,1.182,8.14,-85.4,27.554,2.608,4.73,0
8/17/2021,5:20:00,0,Piney Point,1,3.01,52525.4,2.622,11.62,5.48,49826.4,70.6,70.6,4.64,3.807,32.74,50088.1,3.57,16.81,32557,0.98,0,1.179,8.15,-85.5,27.548,2.627,4.73,0
8/17/2021,5:30:00,0,Piney Point,1.12,3.49,52541.4,2.625,11.49,5.44,49848.6,70.4,70.4,4.63,3.811,32.75,50109.7,3.55,16.76,32571,0.75,0,1.178,8.15,-85.5,27.541,2.621,4.73,0
8/17/2021,5:40:00,0,Piney Point,0.7,1.76,52546.3,2.625,11.34,5.38,49857,69.6,69.6,4.57,3.811,32.76,50117.7,2.8,14.2,32577,0.96,0,1.175,8.14,-85.4,27.537,2.62,4.74,0
8/17/2021,5:50:00,0,Piney Point,0.67,1.65,52547.7,2.619,11.51,5.44,49860.7,69.4,69.4,4.56,3.802,32.76,50121.2,2.62,13.6,32579,0.82,0,1.174,8.14,-85.3,27.535,2.617,4.73,0
8/17/2021,6:00:00,0,Piney Point,0.94,2.76,52565.9,2.615,11.31,5.38,49878.8,68.3,68.3,4.49,3.797,32.77,50139.3,3.07,15.12,32591,0.69,0,1.172,8.14,-85.2,27.534,2.617,4.73,0
8/17/2021,6:10:00,0,Piney Point,0.78,2.1,52580.7,2.608,11.24,5.35,49892.8,67.3,67.3,4.42,3.787,32.78,50153.4,2.9,14.56,32600,0.85,0,1.181,8.14,-85.1,27.534,2.608,4.73,0
8/17/2021,6:20:00,0,Piney Point,0.77,2.06,52614.2,2.609,11.3,5.37,49923.5,67.9,67.9,4.46,3.788,32.81,50184.3,2.55,13.36,32620,0.92,0,1.172,8.14,-85.1,27.535,2.614,4.73,0
8/17/2021,6:30:00,0,Piney Point,0.85,2.38,52665.9,2.61,11.12,5.31,49964.5,67.3,67.3,4.42,3.79,32.84,50226.4,2.65,13.69,32647,0.87,0,1.18,8.14,-85.2,27.543,2.604,4.74,0
8/17/2021,6:40:00,0,Piney Point,0.69,1.76,52723.8,2.606,11.01,5.28,50008.5,67.4,67.4,4.43,3.784,32.87,50271.8,2.32,12.58,32677,1.38,0,1.177,8.14,-85.1,27.554,2.604,4.73,0
8/17/2021,6:50:00,0,Piney Point,0.77,2.08,52796.2,2.603,10.9,5.24,50057.3,65.5,65.5,4.3,3.78,32.91,50322.9,2.91,14.6,32710,1.18,0,1.178,8.13,-84.6,27.573,2.602,4.73,0
8/17/2021,7:00:00,0,Piney Point,0.98,2.93,52901.8,2.6,10.83,5.22,50133.2,65.4,65.4,4.29,3.775,32.97,50401.8,2.81,14.24,32761,0.98,0,1.175,8.13,-84.4,27.597,2.602,4.73,0
8/17/2021,7:10:00,0,Piney Point,0.79,2.17,53011,2.589,10.73,5.18,50220.5,62.7,62.7,4.11,3.76,33.03,50491.3,2.98,14.83,32819,1.53,0,1.173,8.12,-83.9,27.613,2.588,4.73,0
8/17/2021,7:20:00,0,Piney Point,0.73,1.9,53102,2.586,11.26,5.36,50297.8,66.1,66.1,4.33,3.755,33.09,50569.9,2.65,13.71,32870,1.45,0,1.176,8.13,-84.3,27.622,2.591,4.73,0
8/17/2021,7:30:00,0,Piney Point,0.75,1.97,53142.2,2.579,11.16,5.32,50330.9,65.6,65.6,4.3,3.746,33.11,50603.8,2.78,14.15,32892,1.51,0,1.184,8.12,-84.1,27.626,2.577,4.73,0
8/17/2021,7:40:00,0,Piney Point,0.75,1.97,53195.5,2.569,11.34,5.39,50376.7,65.3,65.3,4.28,3.731,33.15,50650.3,2.54,13.35,32923,1.95,0,1.188,8.12,-84,27.631,2.568,4.73,0
8/17/2021,7:50:00,0,Piney Point,0.72,1.88,53220.8,2.56,10.32,5.04,50394.3,65.9,65.9,4.31,3.718,33.16,50668.7,2.84,14.36,32935,1.04,0,1.178,8.12,-84,27.637,2.557,4.73,0
8/17/2021,8:00:00,0,Piney Point,0.74,1.95,53268.1,2.548,10.33,5.05,50429.3,65.4,65.4,4.28,3.7,33.19,50704.9,5.09,21.99,32958,1.56,0,1.175,8.12,-83.8,27.647,2.546,4.73,0
8/17/2021,8:10:00,0,Piney Point,0.61,1.41,53310.7,2.542,10.31,5.04,50457.6,65.5,65.5,4.28,3.692,33.21,50734.6,2.38,12.8,32977,1.07,0,1.172,8.12,-83.7,27.658,2.544,4.74,0
8/17/2021,8:20:00,0,Piney Point,0.61,1.42,53324.7,2.54,10.22,5.01,50461.8,65,65,4.25,3.689,33.21,50739.8,2.36,12.73,32981,1.04,0,1.179,8.11,-83.6,27.667,2.538,4.73,0
8/17/2021,8:30:00,0,Piney Point,0.56,1.23,53356.1,2.526,10.28,5.03,50481.5,64,64,4.18,3.669,33.23,50760.7,2.07,11.73,32994,1.01,0,1.191,8.11,-83.5,27.677,2.529,4.73,0
8/17/2021,8:40:00,0,Piney Point,0.85,2.38,53383.5,2.514,10.15,4.99,50497.6,64.6,64.6,4.22,3.652,33.24,50777.9,2.46,13.07,33006,0.91,0,1.174,8.11,-83.6,27.687,2.509,4.73,0
8/17/2021,8:50:00,0,Piney Point,0.71,1.82,53390.8,2.502,11.63,5.48,50498.3,64.8,64.8,4.24,3.634,33.24,50779.3,2.44,13,33007,1.15,0,1.179,8.11,-83.6,27.693,2.499,4.72,0
8/17/2021,9:00:00,0,Piney Point,0.49,0.94,53413.5,2.482,10.48,5.1,50505.9,63.1,63.1,4.13,3.604,33.25,50788.4,2.03,11.6,33012,1.98,0,1.181,8.11,-83.4,27.706,2.481,4.73,0
8/17/2021,9:10:00,0,Piney Point,0.49,0.95,53427.6,2.466,10.25,5.02,50513.4,66.9,66.9,4.38,3.582,33.25,50796.6,1.88,11.08,33018,1.25,0,1.191,8.12,-84,27.712,2.466,4.73,0
8/17/2021,9:20:00,0,Piney Point,0.61,1.42,53453.6,2.453,10.27,5.03,50521.3,67.2,67.2,4.39,3.563,33.26,50806.3,2.33,12.63,33024,1.15,0,1.172,8.12,-83.9,27.728,2.454,4.73,0
8/17/2021,9:30:00,0,Piney Point,0.64,1.55,53480.7,2.448,11.5,5.44,50532.3,66.1,66.1,4.32,3.556,33.27,50818.9,2.67,13.78,33032,1.42,0,1.183,8.12,-83.8,27.742,2.45,4.73,0
8/17/2021,9:40:00,0,Piney Point,0.5,0.98,53501.1,2.436,9.76,4.86,50538.7,67.5,67.5,4.41,3.538,33.27,50826.7,2.01,11.54,33037,1.59,0,1.18,8.12,-84.1,27.755,2.432,4.73,0
8/17/2021,9:50:00,0,Piney Point,0.53,1.11,53526.4,2.418,11.03,5.28,50545.3,68.8,68.8,4.49,3.512,33.28,50835.2,1.72,10.54,33043,0.65,0,1.183,8.13,-84.4,27.772,2.419,4.72,0
8/17/2021,10:00:00,0,Piney Point,0.85,2.39,53545.9,2.413,11.66,5.49,50552.9,69.8,69.8,4.56,3.504,33.28,50844,2.43,12.94,33049,0.73,0,1.191,8.13,-84.7,27.782,2.41,4.73,0
8/17/2021,10:10:00,0,Piney Point,0.56,1.22,53559.2,2.391,11.51,5.44,50543.2,70.8,70.8,4.62,3.473,33.28,50836.6,1.96,11.37,33044,0.99,0,1.178,8.13,-84.7,27.804,2.394,4.73,0
8/17/2021,10:20:00,0,Piney Point,0.59,1.33,53576.5,2.375,10.16,4.99,50546.5,73.6,73.6,4.8,3.45,33.28,50841.3,1.94,11.3,33047,1.28,0,1.179,8.14,-85.3,27.817,2.373,4.72,0
8/17/2021,10:30:00,0,Piney Point,0.57,1.25,53588.3,2.355,10.16,4.99,50551.3,73.9,73.9,4.82,3.421,33.29,50846.8,2.12,11.91,33050,1.24,0,1.179,8.14,-85.4,27.823,2.357,4.73,0
8/17/2021,10:40:00,0,Piney Point,0.4,0.58,53601.8,2.333,10.28,5.03,50544.8,76.9,76.9,5.01,3.388,33.28,50842.4,1.49,9.78,33048,1.34,0,1.191,8.16,-86.3,27.842,2.333,4.73,0
8/17/2021,10:50:00,0,Piney Point,0.43,0.71,53616.6,2.312,11.77,5.53,50537.1,78.8,78.8,5.14,3.358,33.28,50836.9,1.56,10.01,33044,1.29,0,1.177,8.16,-86.4,27.863,2.313,4.73,0
8/17/2021,11:00:00,0,Piney Point,0.38,0.48,53640.9,2.289,12.04,5.62,50530.6,81.6,81.6,5.32,3.324,33.27,50833.6,1.48,9.74,33042,1.37,0,1.173,8.17,-87,27.891,2.289,4.73,0
8/17/2021,11:10:00,0,Piney Point,0.36,0.41,53651.2,2.269,11.65,5.49,50520.6,86.2,86.2,5.62,3.295,33.27,50825.6,1.43,9.57,33037,7.65,0,1.188,8.19,-88,27.911,2.264,4.74,0
8/17/2021,11:20:00,0,Piney Point,0.38,0.5,53679.3,2.246,10.59,5.13,50518,90.8,90.8,5.91,3.262,33.27,50826.1,1.48,9.73,33037,2.41,0,1.186,8.2,-89,27.939,2.246,4.73,0
8/17/2021,11:30:00,0,Piney Point,0.35,0.36,53711.2,2.228,12.37,5.73,50512.4,95.1,95.1,6.19,3.236,33.26,50824.3,1.39,9.41,33036,1.5,0,1.173,8.22,-89.9,27.974,2.225,4.73,0
8/17/2021,11:40:00,0,Piney Point,0.48,0.89,53750.3,2.205,10.76,5.19,50508.3,99,99,6.44,3.202,33.26,50824.6,1.62,10.2,33036,3.08,0,1.174,8.23,-90.5,28.014,2.204,4.73,0
8/17/2021,11:50:00,0,Piney Point,0.32,0.25,53778.2,2.183,10.62,5.15,50504.9,102.7,102.7,6.67,3.171,33.26,50824.3,1.31,9.15,33036,1.02,0,1.188,8.24,-91.2,28.043,2.183,4.73,0
8/17/2021,12:00:00,0,Piney Point,0.22,-0.15,53818.3,2.162,10.72,5.18,50495,107.9,107.9,7.01,3.139,33.26,50819.5,1.06,8.3,33033,1.92,0,1.174,8.26,-92.3,28.089,2.159,4.73,0
8/17/2021,12:10:00,0,Piney Point,0.41,0.59,53847.8,2.136,10.85,5.22,50487,114.7,114.7,7.44,3.102,33.25,50815.3,1.47,9.72,33030,1.07,0,1.174,8.28,-93.5,28.124,2.133,4.73,0
8/17/2021,12:20:00,0,Piney Point,0.51,1.01,53902.3,2.114,10.91,5.24,50479.8,122.4,122.4,7.94,3.07,33.25,50814.4,1.15,8.62,33029,1.21,0,1.189,8.3,-94.9,28.182,2.113,4.73,0
8/17/2021,12:30:00,0,Piney Point,0.26,0,53954.3,2.087,10.92,5.24,50477.4,129.9,129.9,8.42,3.031,33.25,50817.4,1.14,8.56,33031,0.93,0,1.177,8.32,-96.2,28.232,2.087,4.74,0
8/17/2021,12:40:00,0,Piney Point,0.25,-0.03,54001.5,2.064,10.9,5.24,50468.7,136.8,136.8,8.86,2.997,33.25,50814.5,0.83,7.53,33029,0.99,0,1.177,8.34,-97,28.284,2.064,4.73,0
8/17/2021,12:50:00,0,Piney Point,0.38,0.49,54061,2.043,13.48,6.1,50464.6,143.1,143.1,9.25,2.967,33.25,50816.9,0.97,7.99,33031,0.86,0,1.179,8.36,-98.5,28.342,2.042,4.74,0
8/17/2021,13:00:00,0,Piney Point,0.23,-0.12,54122,2.019,11.73,5.52,50451.3,150.9,150.9,9.75,2.932,33.24,50811.2,0.86,7.62,33027,0.67,0,1.182,8.38,-99.7,28.411,2.017,4.73,0
8/17/2021,13:10:00,0,Piney Point,0.25,-0.06,54186.6,2.004,12.51,5.78,50434,159.8,159.8,10.31,2.91,33.23,50802.2,1.1,8.44,33021,0.68,0,1.191,8.4,-101,28.488,2.006,4.74,0
8/17/2021,13:20:00,0,Piney Point,0.23,-0.12,54254.1,1.98,12.74,5.85,50427.8,167.4,167.4,10.79,2.875,33.23,50803.6,0.85,7.6,33022,0.55,0,1.184,8.42,-102.1,28.556,1.978,4.74,0
8/17/2021,13:30:00,0,Piney Point,0.41,0.61,54320.2,1.96,13.42,6.08,50406.9,179.4,179.4,11.55,2.846,33.22,50791.6,0.88,7.71,33015,1.03,0,1.185,8.45,-103.9,28.637,1.96,4.74,0
8/17/2021,13:40:00,0,Piney Point,0.22,-0.17,54391.4,1.94,13.81,6.21,50391.6,187.1,187.1,12.03,2.817,33.21,50785.3,1.03,8.2,33010,0.71,0,1.181,8.47,-105.1,28.718,1.94,4.74,0
8/17/2021,13:50:00,0,Piney Point,0.15,-0.44,54445.1,1.922,13.19,6,50367.8,191.8,191.8,12.32,2.79,33.2,50769.4,0.62,6.8,33000,0.92,0,1.191,8.48,-105.4,28.791,1.921,4.74,0
8/17/2021,14:00:00,0,Piney Point,0.15,-0.45,54490.3,1.906,13.04,5.95,50334.8,200.6,200.6,12.87,2.767,33.18,50744.4,0.65,6.91,32984,0.75,0,1.179,8.49,-106.5,28.865,1.907,4.73,0
8/17/2021,14:10:00,0,Piney Point,0.17,-0.36,54548.2,1.89,12.91,5.91,50309.3,206.6,206.6,13.24,2.744,33.16,50727.6,0.7,7.1,32973,0.81,0,1.18,8.51,-107.4,28.943,1.888,4.74,0
8/17/2021,14:20:00,0,Piney Point,0.24,-0.09,54606.8,1.868,12.4,5.74,50283.8,214.7,214.7,13.74,2.712,33.15,50710.8,0.78,7.34,32962,0.6,0,1.183,8.52,-108.4,29.022,1.866,4.74,0
8/17/2021,14:30:00,0,Piney Point,0.24,-0.09,54630.2,1.852,12.9,5.9,50248.2,218.7,218.7,13.99,2.689,33.13,50681.3,0.84,7.56,32943,0.5,0,1.184,8.54,-109.2,29.079,1.852,4.74,0
8/17/2021,14:40:00,0,Piney Point,0.17,-0.38,54670.9,1.832,12.98,5.93,50224.6,224.7,224.7,14.36,2.66,33.11,50664.4,0.75,7.26,32932,0.41,0,1.191,8.55,-110,29.14,1.832,4.74,0
8/17/2021,14:50:00,0,Piney Point,0.81,2.24,54712.5,1.821,13.56,6.12,50185,231.4,231.4,14.77,2.643,33.09,50633.2,1.22,8.87,32912,0.47,0,1.176,8.56,-110.9,29.218,1.819,4.74,0
8/17/2021,15:00:00,0,Piney Point,0.11,-0.63,54741.2,1.81,13.6,6.14,50153.3,232.3,232.3,14.82,2.628,33.07,50607.9,0.8,7.42,32895,0.47,0,1.18,8.56,-110.7,29.276,1.809,4.74,0
8/17/2021,15:10:00,0,Piney Point,0.21,-0.21,54794.1,1.806,14.7,6.51,50141.6,235,235,14.97,2.621,33.06,50602.8,0.82,7.48,32892,1.16,0,1.172,8.57,-111.2,29.337,1.805,4.74,0
8/17/2021,15:20:00,0,Piney Point,0.2,-0.26,54840.7,1.804,13.36,6.06,50116.6,237.8,237.8,15.14,2.618,33.04,50585.3,1,8.1,32880,0.58,0,1.191,8.58,-111.6,29.404,1.803,4.75,0
8/17/2021,15:30:00,0,Piney Point,0.15,-0.44,54917,1.803,15.25,6.69,50112.1,243.1,243.1,15.46,2.617,33.04,50589.3,0.69,7.06,32883,0.94,0,1.186,8.59,-112.4,29.479,1.801,4.74,0
8/17/2021,15:40:00,0,Piney Point,0.15,-0.43,55012.3,1.806,16.29,7.03,50116.4,251.9,251.9,15.99,2.622,33.05,50603,0.79,7.4,32892,1.51,0,1.179,8.61,-113.4,29.562,1.806,4.74,0
8/17/2021,15:50:00,0,Piney Point,0.19,-0.3,55059.5,1.807,15.96,6.92,50101.7,257.3,257.3,16.32,2.623,33.04,50594.8,0.81,7.44,32887,0.84,0,1.172,8.62,-114.3,29.62,1.807,4.74,0
8/17/2021,16:00:00,0,Piney Point,0.18,-0.34,55093.4,1.814,17.9,7.57,50090.4,264.3,264.3,16.76,2.632,33.04,50588.2,0.78,7.36,32882,31.3,0,1.179,8.64,-115.2,29.663,1.813,4.74,0
8/17/2021,16:10:00,0,Piney Point,0.19,-0.3,55017.9,1.811,15.06,6.62,50033.6,261.7,261.7,16.6,2.628,33,50529.5,0.82,7.5,32844,0.86,0,1.186,8.63,-114.8,29.651,1.809,4.74,0
8/17/2021,16:20:00,0,Piney Point,0.16,-0.41,55090,1.816,15.92,6.91,50053.9,269,269,17.04,2.636,33.01,50555.2,0.68,7.02,32861,1.4,0,1.178,8.65,-116.1,29.696,1.814,4.74,0
8/17/2021,16:30:00,0,Piney Point,0.23,-0.12,55063.3,1.823,15.96,6.92,50009.7,275.1,275.1,17.43,2.646,32.98,50512.9,0.84,7.57,32833,2.04,0,1.186,8.67,-117.1,29.716,1.822,4.74,0
8/17/2021,16:40:00,0,Piney Point,0.13,-0.53,55052.3,1.828,16.36,7.06,49993.8,274.8,274.8,17.41,2.653,32.97,50497.5,0.63,6.85,32823,1.12,0,1.178,8.67,-117.2,29.722,1.827,4.75,0
8/17/2021,16:50:00,0,Piney Point,0.18,-0.34,55057.6,1.835,15.06,6.62,49982,278.3,278.3,17.63,2.663,32.96,50487.5,0.66,6.95,32817,3.19,0,1.172,8.68,-117.8,29.739,1.836,4.74,0
8/17/2021,17:00:00,0,Piney Point,0.17,-0.35,55118.1,1.85,14.75,6.52,49992.2,290,290,18.35,2.685,32.97,50503,0.67,6.98,32827,0.85,0,1.177,8.71,-119.6,29.784,1.85,4.75,0
8/17/2021,17:10:00,0,Piney Point,0.16,-0.42,55196.6,1.864,16.64,7.15,50004.5,298.2,298.2,18.85,2.705,32.98,50522.3,0.82,7.49,32839,0.56,0,1.182,8.72,-120.6,29.844,1.862,4.74,0
8/17/2021,17:20:00,0,Piney Point,0.17,-0.37,55191.6,1.878,15.65,6.82,49987.8,300.8,300.8,19.02,2.726,32.97,50506.8,0.96,7.96,32829,0.74,0,1.186,8.73,-120.9,29.856,1.875,4.74,0
8/17/2021,17:30:00,0,Piney Point,0.15,-0.45,55137.1,1.886,16.15,6.99,49934,290.3,290.3,18.36,2.737,32.93,50452.9,0.92,7.82,32794,0.79,0,1.178,8.72,-120.1,29.861,1.886,4.75,0
8/17/2021,17:40:00,0,Piney Point,0.17,-0.35,55151.4,1.897,15.93,6.92,49936.1,291.6,291.6,18.43,2.753,32.93,50456.3,0.84,7.56,32797,0.93,0,1.179,8.72,-120.2,29.872,1.898,4.74,0
8/17/2021,17:50:00,0,Piney Point,0.14,-0.48,55166.1,1.907,16.35,7.05,49938.2,291.2,291.2,18.41,2.768,32.94,50459.7,0.95,7.95,32799,0.36,0,1.18,8.73,-120.7,29.883,1.906,4.75,0
8/17/2021,18:00:00,0,Piney Point,0.19,-0.27,55143,1.919,16.17,7,49915.7,290.3,290.3,18.35,2.784,32.92,50437.2,0.97,7.99,32784,0.75,0,1.179,8.72,-120.4,29.885,1.918,4.74,0
8/17/2021,18:10:00,0,Piney Point,0.13,-0.51,55153.8,1.932,16.33,7.05,49924.1,290,290,18.33,2.804,32.93,50445.8,0.8,7.43,32790,2.11,0,1.18,8.72,-120.3,29.886,1.933,4.74,0
8/17/2021,18:20:00,0,Piney Point,0.17,-0.35,55076.8,1.941,15.5,6.77,49870.7,280.2,280.2,17.72,2.817,32.89,50390,0.79,7.4,32754,0.64,0,1.182,8.7,-119.3,29.87,1.943,4.75,0
8/17/2021,18:30:00,0,Piney Point,0.14,-0.51,54964.2,1.95,15.77,6.86,49799.4,268.8,268.8,17.01,2.83,32.83,50314.4,0.82,7.48,32704,4.89,0,1.182,8.68,-117.9,29.838,1.951,4.74,0
8/17/2021,18:40:00,0,Piney Point,0.14,-0.47,54985.6,1.958,15.35,6.72,49826,266.6,266.6,16.87,2.841,32.85,50340.4,0.7,7.09,32721,0.75,0,1.172,8.67,-117.5,29.831,1.958,4.75,0
8/17/2021,18:50:00,0,Piney Point,0.32,0.24,54951.5,1.974,15.45,6.75,49797,257.4,257.4,16.29,2.864,32.83,50311,1.21,8.83,32702,0.99,0,1.174,8.66,-116.6,29.829,1.974,4.73,0
8/17/2021,19:00:00,0,Piney Point,0.15,-0.46,55022,1.992,15.97,6.93,49842.3,259.3,259.3,16.4,2.891,32.86,50358.8,0.8,7.43,32733,0.94,0,1.191,8.66,-116.8,29.848,1.993,4.74,0
8/17/2021,19:10:00,0,Piney Point,0.15,-0.46,54929,2.009,15.36,6.72,49780.3,249.5,249.5,15.79,2.915,32.82,50293.6,0.82,7.5,32691,0.67,0,1.18,8.63,-115.1,29.825,2.008,4.73,0
8/17/2021,19:20:00,0,Piney Point,0.29,0.14,54811.5,2.028,14.93,6.58,49721.7,230.9,230.9,14.63,2.942,32.77,50228.8,1.17,8.69,32649,0.49,0,1.178,8.58,-111.8,29.777,2.023,4.75,0
8/17/2021,19:30:00,0,Piney Point,0.21,-0.19,54695.6,2.039,15.13,6.65,49659.3,208.5,208.5,13.23,2.958,32.72,50160.9,1.18,8.72,32605,0.7,0,1.182,8.53,-109.2,29.733,2.038,4.73,0
8/17/2021,19:40:00,0,Piney Point,0.2,-0.24,54719.6,2.053,15.17,6.66,49699.3,202.9,202.9,12.87,2.979,32.75,50199.2,0.8,7.43,32629,0.81,0,1.172,8.51,-108,29.715,2.053,4.74,0
8/17/2021,19:50:00,0,Piney Point,0.4,0.56,54676.2,2.063,14.52,6.45,49683.6,194.6,194.6,12.35,2.994,32.74,50180.6,0.9,7.78,32617,0.69,0,1.175,8.49,-106.8,29.691,2.064,4.74,0
8/17/2021,20:00:00,0,Piney Point,0.5,0.96,54548.6,2.075,13.58,6.13,49599.6,172.2,172.2,10.94,3.011,32.67,50092.1,1.1,8.45,32560,0.77,0,1.191,8.42,-102.5,29.658,2.075,4.73,0
8/17/2021,20:10:00,0,Piney Point,1.01,3.03,54575.2,2.092,14.1,6.3,49630.2,166.5,166.5,10.58,3.035,32.7,50122.2,3.35,16.08,32579,1.07,0,1.175,8.43,-103,29.651,2.092,4.73,0
8/17/2021,20:20:00,0,Piney Point,0.55,1.18,54501.1,2.108,14.09,6.3,49582.2,157.6,157.6,10.01,3.059,32.66,50071.5,2.48,13.14,32546,0.68,0,1.183,8.39,-100.3,29.632,2.104,4.73,0
8/17/2021,20:30:00,0,Piney Point,0.87,2.49,54434.4,2.126,12.79,5.87,49561,143.2,143.2,9.11,3.084,32.64,50045.6,3.2,15.56,32530,0.87,0,1.191,8.36,-98.7,29.591,2.126,4.74,0
8/17/2021,20:40:00,0,Piney Point,1.11,3.46,54363,2.141,11.56,5.46,49530.7,129.5,129.5,8.24,3.107,32.62,50011,4.33,19.4,32507,0.72,0,1.176,8.31,-95.8,29.556,2.144,4.72,0
8/17/2021,20:50:00,0,Piney Point,0.82,2.27,54411.8,2.156,11.66,5.49,49567.5,128.9,128.9,8.2,3.128,32.65,50049,2.35,12.69,32532,0.74,0,1.178,8.31,-95.9,29.564,2.154,4.74,0
8/17/2021,21:00:00,0,Piney Point,1.22,3.89,54444.8,2.173,11.5,5.44,49588.6,126.8,126.8,8.07,3.153,32.66,50071.4,3.4,16.24,32546,0.84,0,1.178,8.31,-95.7,29.573,2.172,4.74,0
8/17/2021,21:10:00,0,Piney Point,1.07,3.29,54493.5,2.189,11.18,5.33,49626.6,125.4,125.4,7.97,3.176,32.69,50110.5,3.5,16.59,32572,0.54,0,1.191,8.3,-95.2,29.579,2.191,4.74,0
8/17/2021,21:20:00,0,Piney Point,0.93,2.73,54520.2,2.206,11.21,5.34,49651,123.3,123.3,7.84,3.2,32.71,50135.1,3.11,15.26,32588,0.91,0,1.174,8.3,-94.9,29.579,2.206,4.74,0
8/17/2021,21:30:00,0,Piney Point,0.77,2.06,54532.6,2.227,11.2,5.34,49677.3,121.6,121.6,7.74,3.232,32.73,50159.9,2.93,14.67,32604,0.62,0,1.183,8.29,-94.6,29.564,2.226,4.74,0
8/17/2021,21:40:00,0,Piney Point,0.77,2.07,54511.7,2.239,11.12,5.31,49675.5,119.1,119.1,7.58,3.249,32.72,50156.1,2.63,13.63,32601,0.58,0,1.179,8.28,-94.2,29.547,2.239,4.73,0
8/17/2021,21:50:00,0,Piney Point,1,2.98,54455.8,2.254,11.32,5.38,49657,118.5,118.5,7.54,3.271,32.71,50133.8,3.32,15.99,32587,0.87,0,1.183,8.28,-94,29.514,2.255,4.74,0
8/17/2021,22:00:00,0,Piney Point,0.66,1.61,54412.2,2.262,11.53,5.45,49648.6,117.9,117.9,7.51,3.282,32.7,50121.7,3.19,15.54,32579,0.79,0,1.179,8.28,-93.9,29.482,2.263,4.74,0
8/17/2021,22:10:00,0,Piney Point,1.15,3.62,54402.2,2.273,11.36,5.39,49646.6,114.9,114.9,7.32,3.298,32.7,50118.8,4.16,18.83,32577,0.98,0,1.183,8.27,-93.5,29.475,2.274,4.74,0
8/17/2021,22:20:00,0,Piney Point,1.46,4.85,54392.2,2.286,11.4,5.4,49644.7,114.2,114.2,7.27,3.317,32.7,50116.1,3.32,15.97,32575,0.8,0,1.178,8.27,-93.3,29.467,2.288,4.74,0
8/17/2021,22:30:00,0,Piney Point,3.87,14.62,54364,2.304,11.63,5.48,49641.4,113,113,7.2,3.343,32.69,50110.2,16.7,61.41,32572,9.38,0,1.238,8.26,-93,29.445,2.302,4.73,0
8/17/2021,22:40:00,0,Piney Point,1.26,4.06,54336.3,2.312,11.3,5.37,49613.8,100.8,100.8,6.42,3.354,32.67,50082.6,3.94,18.09,32554,1.15,0,1.209,8.2,-89.4,29.447,2.31,4.73,0
8/17/2021,22:50:00,0,Piney Point,1.29,4.18,54357.4,2.317,10.84,5.22,49648.6,100.4,100.4,6.4,3.361,32.7,50115.9,3.7,17.27,32575,3.25,0,1.186,8.23,-91,29.431,2.315,4.74,0
8/17/2021,23:00:00,0,Piney Point,1.09,3.36,54341.5,2.312,11.46,5.42,49653,103.5,103.5,6.6,3.355,32.7,50118.2,3.4,16.24,32577,1.97,0,1.183,8.24,-91.7,29.412,2.311,4.73,0
8/17/2021,23:10:00,0,Piney Point,1.86,6.49,54337.4,2.31,11.02,5.28,49652.9,100.5,100.5,6.41,3.352,32.7,50117.7,7.66,30.73,32576,3.51,0,1.187,8.24,-91.4,29.408,2.31,4.74,0
8/17/2021,23:20:00,0,Piney Point,1.68,5.77,54338,2.299,10.64,5.15,49657.7,105.8,105.8,6.75,3.335,32.7,50122.1,4,18.3,32579,2.99,0,1.175,8.25,-92.3,29.404,2.297,4.73,0
8/17/2021,23:30:00,0,Piney Point,0.84,2.34,54368.9,2.289,11.46,5.42,49689.3,105.8,105.8,6.75,3.322,32.73,50153.6,3.39,16.22,32600,1.17,0,1.303,8.25,-91.9,29.4,2.289,4.73,0
8/17/2021,23:40:00,0,Piney Point,0.84,2.34,54330,2.292,11.07,5.29,49656.2,103.1,103.1,6.57,3.325,32.7,50119.8,3.16,15.44,32578,5.9,0,1.189,8.24,-91.6,29.398,2.291,4.73,0
8/17/2021,23:50:00,0,Piney Point,1.58,5.36,54312.6,2.29,10.76,5.19,49650.3,106.3,106.3,6.78,3.323,32.7,50112.8,4.63,20.42,32573,1.1,0,1.181,8.25,-92.1,29.388,2.289,4.73,0
8/18/2021,0:00:00,0,Piney Point,1.11,3.46,54312.3,2.291,11.31,5.38,49653.3,103.4,103.4,6.6,3.325,32.7,50115.4,2.81,14.24,32575,7.16,0,1.185,8.24,-91.3,29.385,2.29,4.74,0
8/18/2021,0:10:00,0,Piney Point,0.98,2.92,54308,2.289,12.01,5.61,49656.6,95.5,95.5,6.09,3.321,32.7,50118,2.69,13.85,32577,3.6,0,1.183,8.2,-88.9,29.377,2.288,4.73,0
8/18/2021,0:20:00,0,Piney Point,1.07,3.3,54298.4,2.29,11.43,5.42,49655.1,99.8,99.8,6.37,3.323,32.7,50115.6,3.46,16.45,32575,3.71,0,1.187,8.23,-91.2,29.37,2.29,4.73,0
8/18/2021,0:30:00,0,Piney Point,1.22,3.9,54294.9,2.286,11.33,5.38,49655.5,97.1,97.1,6.2,3.318,32.7,50115.6,5.11,22.07,32575,1.64,0,1.189,8.22,-90.4,29.366,2.287,4.73,0
8/18/2021,0:40:00,0,Piney Point,2.33,8.39,54286.4,2.283,11.38,5.4,49657.1,98.4,98.4,6.28,3.313,32.7,50116.2,2.33,12.61,32576,1.86,0,1.179,8.23,-91.2,29.357,2.283,4.73,0
8/18/2021,0:50:00,0,Piney Point,1.35,4.43,54274.3,2.275,11.36,5.39,49656.4,101.5,101.5,6.48,3.301,32.7,50114.2,3.67,17.16,32574,0.95,0,1.181,8.24,-91.2,29.346,2.275,4.73,0
8/18/2021,1:00:00,0,Piney Point,1.09,3.37,54267.9,2.271,10.96,5.26,49655,101.5,101.5,6.48,3.296,32.7,50112.3,3.54,16.74,32573,0.93,0,1.179,8.24,-91.4,29.342,2.27,4.73,0
8/18/2021,1:10:00,0,Piney Point,1.11,3.46,54267.1,2.262,11.18,5.33,49657.5,99.4,99.4,6.35,3.282,32.7,50114.5,3.25,15.73,32574,1.35,0,1.183,8.23,-91.1,29.338,2.262,4.73,0
8/18/2021,1:20:00,0,Piney Point,1.19,3.77,54265.5,2.255,11.3,5.37,49658.6,100.9,100.9,6.45,3.272,32.7,50115.3,3.94,18.07,32575,1.06,0,1.178,8.24,-91.8,29.336,2.255,4.73,0
8/18/2021,1:30:00,0,Piney Point,0.6,1.36,54266.8,2.246,11.2,5.34,49658.2,99.8,99.8,6.37,3.259,32.7,50115.1,2.81,14.25,32575,0.56,0,1.183,8.24,-91.4,29.337,2.245,4.73,0
8/18/2021,1:40:00,0,Piney Point,0.94,2.74,54269,2.243,10.74,5.19,49660.8,99.5,99.5,6.35,3.255,32.7,50117.7,4.69,20.63,32576,0.65,0,1.179,8.22,-90.6,29.337,2.243,4.74,0
8/18/2021,1:50:00,0,Piney Point,0.93,2.72,54244.7,2.24,11.62,5.48,49652.3,101.3,101.3,6.47,3.251,32.7,50107.5,2.72,13.96,32570,0.73,0,1.183,8.24,-91.4,29.323,2.235,4.73,0
8/18/2021,2:00:00,0,Piney Point,0.71,1.84,54242.5,2.244,11.67,5.49,49655.7,96.2,96.2,6.14,3.256,32.7,50110.3,2.39,12.82,32572,0.89,0,1.179,8.21,-89.5,29.317,2.244,4.73,0
8/18/2021,2:10:00,0,Piney Point,0.9,2.59,54249.2,2.25,12.32,5.71,49661.3,89,89,5.68,3.264,32.7,50116.1,3.21,15.6,32575,1.04,0,1.183,8.18,-88.1,29.318,2.248,4.73,0
8/18/2021,2:20:00,0,Piney Point,1.25,4.03,54238.4,2.258,11.31,5.37,49656.3,90.4,90.4,5.77,3.277,32.7,50110.5,4.84,21.14,32572,0.51,0,1.191,8.19,-88.5,29.313,2.257,4.73,0
8/18/2021,2:30:00,0,Piney Point,1.08,3.33,54225.9,2.267,11.89,5.57,49656.1,93.5,93.5,5.97,3.29,32.7,50108.9,3.16,15.42,32571,0.76,0,1.174,8.21,-89.8,29.302,2.268,4.74,0
8/18/2021,2:40:00,0,Piney Point,0.85,2.38,54209.2,2.271,11.66,5.49,49660.6,98.7,98.7,6.31,3.295,32.7,50111.3,2.78,14.13,32572,0.68,0,1.178,8.23,-90.6,29.281,2.27,4.73,0
8/18/2021,2:50:00,0,Piney Point,0.76,2.03,54212.2,2.279,12.5,5.77,49667.6,97.1,97.1,6.2,3.307,32.71,50117.8,3.17,15.48,32577,1.14,0,1.176,8.21,-90,29.277,2.28,4.73,0
8/18/2021,3:00:00,0,Piney Point,0.97,2.87,54213.3,2.285,12.19,5.67,49672.4,96.2,96.2,6.14,3.316,32.71,50122.3,3.61,16.95,32579,0.59,0,1.186,8.22,-90.5,29.273,2.284,4.73,0
8/18/2021,3:10:00,0,Piney Point,1.36,4.47,54223.2,2.289,11.44,5.42,49687.4,96.8,96.8,6.18,3.321,32.72,50136.7,4.43,19.73,32589,0.8,0,1.18,8.22,-90.1,29.267,2.288,4.73,0
8/18/2021,3:20:00,0,Piney Point,1.25,4.02,54228.5,2.291,11.18,5.33,49695.7,96.2,96.2,6.15,3.325,32.73,50144.6,4.15,18.8,32594,0.77,0,1.179,8.22,-90.4,29.264,2.292,4.73,0
8/18/2021,3:30:00,0,Piney Point,0.68,1.7,54228.5,2.293,11.2,5.34,49701,95.1,95.1,6.08,3.328,32.73,50149.4,2.5,13.21,32597,1.1,0,1.178,8.21,-89.8,29.259,2.292,4.73,0
8/18/2021,3:40:00,0,Piney Point,1.36,4.46,54228.1,2.298,11.88,5.56,49704,94.8,94.8,6.06,3.334,32.73,50152,4.04,18.42,32599,0.79,0,1.178,8.21,-90,29.255,2.297,4.73,0
8/18/2021,3:50:00,0,Piney Point,0.98,2.9,54231.4,2.308,11.61,5.48,49711.2,93.3,93.3,5.97,3.349,32.74,50158.9,3.05,15.08,32603,1.08,0,1.178,8.21,-89.8,29.251,2.307,4.73,0
8/18/2021,4:00:00,0,Piney Point,1.03,3.11,54240.3,2.317,12.13,5.65,49724.8,93.8,93.8,5.99,3.363,32.75,50172,3.03,14.99,32612,1.08,0,1.179,8.21,-89.7,29.245,2.316,4.73,0
8/18/2021,4:10:00,0,Piney Point,0.94,2.75,54251.3,2.33,12.02,5.61,49742.9,93,93,5.94,3.381,32.76,50189.3,3.36,16.11,32623,0.97,0,1.174,8.21,-89.5,29.237,2.329,4.73,0
8/18/2021,4:20:00,0,Piney Point,1.54,5.2,54256.6,2.345,11.69,5.5,49762.4,94.7,94.7,6.05,3.403,32.77,50207.3,5.85,24.58,32635,1.15,0,1.181,8.21,-89.7,29.223,2.346,4.73,0
8/18/2021,4:30:00,0,Piney Point,2.08,7.39,54259.1,2.357,11.85,5.55,49772.1,93.2,93.2,5.96,3.421,32.78,50216.3,5.95,24.9,32641,1.32,0,1.191,8.21,-89.5,29.215,2.356,4.73,0
8/18/2021,4:40:00,0,Piney Point,0.88,2.5,54253.9,2.372,11.62,5.48,49779.2,93.8,93.8,6,3.443,32.78,50222.1,3.28,15.84,32644,0.87,0,1.179,8.21,-89.4,29.203,2.375,4.72,0
8/18/2021,4:50:00,0,Piney Point,1.24,3.97,54242.6,2.386,12.18,5.66,49782.6,94.6,94.6,6.05,3.463,32.79,50224,4.73,20.78,32646,0.81,0,1.183,8.21,-89.8,29.189,2.386,4.73,0
8/18/2021,5:00:00,0,Piney Point,1.19,3.78,54241.9,2.399,11.72,5.51,49788.5,94.2,94.2,6.03,3.481,32.79,50229.2,3.3,15.92,32649,1.24,0,1.171,8.2,-89.4,29.183,2.396,4.72,0
8/18/2021,5:10:00,0,Piney Point,1.61,5.47,54240.2,2.408,12.09,5.63,49793.5,94.6,94.6,6.05,3.495,32.79,50233.5,5.47,23.26,32652,1.25,0,1.182,8.21,-89.9,29.176,2.406,4.73,0
8/18/2021,5:20:00,0,Piney Point,1.14,3.55,54238.7,2.421,11.52,5.44,49796.1,94.1,94.1,6.02,3.514,32.8,50235.7,4.61,20.35,32653,1.04,0,1.18,8.21,-89.7,29.172,2.421,4.72,0
8/18/2021,5:30:00,0,Piney Point,1.22,3.9,54232.7,2.435,12.13,5.65,49794.2,94.4,94.4,6.04,3.534,32.79,50233.4,3.8,17.62,32652,0.94,0,1.189,8.21,-89.9,29.168,2.436,4.73,0
8/18/2021,5:40:00,0,Piney Point,1.15,3.61,54233.8,2.444,12.16,5.66,49796.6,93.5,93.5,5.98,3.546,32.8,50235.6,4.39,19.62,32653,1.2,0,1.178,8.21,-89.7,29.167,2.444,4.72,0
8/18/2021,5:50:00,0,Piney Point,5.12,19.72,54235.8,2.457,11.87,5.56,49800,93,93,5.95,3.566,32.8,50238.9,6.83,27.88,32655,1.99,0,1.177,8.21,-89.6,29.165,2.457,4.73,0
8/18/2021,6:00:00,0,Piney Point,1.25,4.02,54238.8,2.476,12.2,5.67,49804,93.3,93.3,5.97,3.593,32.8,50242.8,4.39,19.6,32658,1.62,0,1.174,8.21,-89.5,29.164,2.477,4.73,0
8/18/2021,6:10:00,0,Piney Point,1.08,3.31,54241.3,2.494,12.19,5.67,49808.2,92.3,92.3,5.9,3.619,32.8,50246.8,4.13,18.74,32660,1.27,0,1.172,8.21,-89.7,29.162,2.492,4.73,0
8/18/2021,6:20:00,0,Piney Point,2.14,7.63,54244.1,2.51,12.26,5.69,49811.7,90.3,90.3,5.78,3.643,32.81,50250.2,5.22,22.42,32663,1.21,0,1.191,8.2,-89.2,29.161,2.508,4.73,0
8/18/2021,6:30:00,0,Piney Point,1.75,6.02,54245.6,2.53,12.26,5.69,49816.5,88.8,88.8,5.68,3.671,32.81,50254.6,5.56,23.57,32666,1.18,0,1.184,8.2,-88.9,29.158,2.529,4.72,0
8/18/2021,6:40:00,0,Piney Point,1.16,3.64,54240.5,2.547,12.1,5.64,49819.1,87.5,87.5,5.6,3.696,32.81,50256.5,4.95,21.52,32667,1.28,0,1.179,8.19,-88.5,29.15,2.547,4.72,0
8/18/2021,6:50:00,0,Piney Point,1.53,5.15,54236.8,2.56,12.24,5.69,49825.3,85.8,85.8,5.49,3.715,32.82,50261.7,4.94,21.49,32670,1.87,0,1.174,8.19,-88.4,29.141,2.56,4.71,0
8/18/2021,7:00:00,0,Piney Point,1.43,4.74,54235.5,2.573,12.08,5.63,49838.6,86.7,86.7,5.55,3.735,32.82,50273.4,4.68,20.59,32678,2.27,0,1.175,8.19,-88.5,29.126,2.574,4.72,0
8/18/2021,7:10:00,0,Piney Point,1.43,4.75,54232.3,2.584,11.83,5.55,49843.8,84.6,84.6,5.42,3.75,32.83,50277.8,4.85,21.18,32681,1.72,0,1.179,8.18,-88.1,29.118,2.585,4.72,0
8/18/2021,7:20:00,0,Piney Point,1.47,4.89,54226.6,2.587,11.56,5.46,49848.3,83.1,83.1,5.32,3.754,32.83,50281.2,5.74,24.19,32683,2.19,0,1.183,8.18,-87.8,29.108,2.586,4.72,0
8/18/2021,7:30:00,0,Piney Point,1.89,6.59,54222.7,2.594,11.83,5.55,49855.8,81.2,81.2,5.2,3.765,32.84,50287.5,4.97,21.58,32687,1.11,0,1.184,8.17,-87.5,29.097,2.596,4.72,0
8/18/2021,7:40:00,0,Piney Point,1.77,6.12,54218.1,2.594,12.7,5.84,49855.9,79.3,79.3,5.08,3.765,32.84,50287.1,9.59,37.27,32687,0.94,0,1.179,8.17,-87,29.093,2.595,4.72,0
8/18/2021,7:50:00,0,Piney Point,1.41,4.68,54222,2.597,12.5,5.77,49869,83.9,83.9,5.38,3.769,32.84,50299.2,4.47,19.87,32695,1.35,0,1.191,8.19,-88.2,29.083,2.597,4.72,0
8/18/2021,8:00:00,0,Piney Point,1.31,4.27,54224.8,2.599,11.87,5.56,49872.8,82.4,82.4,5.28,3.772,32.85,50302.9,5.88,24.66,32697,2.44,0,1.185,8.18,-87.6,29.082,2.597,4.72,0
8/18/2021,8:10:00,0,Piney Point,1.53,5.15,54234,2.607,14,6.27,49886.6,82.8,82.8,5.3,3.783,32.86,50316.3,5.09,21.99,32706,1.81,0,1.178,8.18,-88.1,29.077,2.607,4.72,0
8/18/2021,8:20:00,0,Piney Point,2.02,7.14,54245.1,2.609,12.17,5.66,49898.3,82.7,82.7,5.3,3.786,32.87,50327.9,5.54,23.51,32713,1.27,0,1.172,8.18,-87.9,29.075,2.609,4.72,0
8/18/2021,8:30:00,0,Piney Point,1.88,6.57,54270.8,2.608,12.5,5.77,49921.4,83.9,83.9,5.38,3.785,32.88,50351.3,6.58,27.05,32728,1.6,0,1.184,8.17,-87.5,29.076,2.608,4.72,0
8/18/2021,8:40:00,0,Piney Point,1.45,4.83,54291.8,2.608,12.32,5.71,49936.9,82.5,82.5,5.28,3.785,32.89,50367.3,3.11,15.26,32739,1.51,0,1.185,8.18,-87.7,29.079,2.608,4.72,0
8/18/2021,8:50:00,0,Piney Point,1.85,6.43,54322.5,2.602,12.35,5.72,49962.9,84.5,84.5,5.41,3.776,32.91,50393.8,4.81,21.04,32756,1.26,0,1.186,8.18,-87.9,29.082,2.599,4.72,0
8/18/2021,9:00:00,0,Piney Point,2.72,9.98,54345.8,2.596,12,5.61,49977.8,83.8,83.8,5.37,3.768,32.93,50409.5,7.91,31.56,32766,1.72,0,1.185,8.18,-87.9,29.088,2.597,4.72,0
8/18/2021,9:10:00,0,Piney Point,1.73,5.97,54372.1,2.587,13.4,6.07,49992.5,82.1,82.1,5.25,3.755,32.94,50425.5,7.21,29.19,32777,1.65,0,1.185,8.19,-88.4,29.098,2.587,4.72,0
8/18/2021,9:20:00,0,Piney Point,1.85,6.46,54404.3,2.58,13.9,6.24,50011.8,83.7,83.7,5.36,3.745,32.95,50446.1,6.82,27.87,32790,2.29,0,1.184,8.18,-88.1,29.108,2.578,4.72,0
8/18/2021,9:30:00,0,Piney Point,1.57,5.32,54426.8,2.566,12.51,5.77,50018.7,81.6,81.6,5.22,3.725,32.96,50454.6,7.02,28.56,32795,2.49,0,1.185,8.17,-87.4,29.122,2.565,4.72,0
8/18/2021,9:40:00,0,Piney Point,2.54,9.24,54452.2,2.559,11.35,5.39,50031.8,82.5,82.5,5.28,3.714,32.97,50469,11.67,44.33,32805,1.21,0,1.185,8.18,-87.7,29.132,2.556,4.71,0
8/18/2021,9:50:00,0,Piney Point,1.4,4.63,54474.4,2.548,11.67,5.5,50042.8,86.6,86.6,5.54,3.698,32.98,50481.2,6.57,27,32813,1.56,0,1.184,8.2,-88.8,29.142,2.55,4.72,0
8/18/2021,10:00:00,0,Piney Point,0.82,2.25,54494.6,2.529,12.03,5.62,50048.1,85.9,85.9,5.49,3.671,32.98,50488,2.63,13.65,32817,1.28,0,1.186,8.18,-88.1,29.155,2.528,4.72,0
8/18/2021,10:10:00,0,Piney Point,1.25,4.03,54527.7,2.517,12.71,5.84,50061.1,84.2,84.2,5.38,3.653,32.99,50503.1,5.31,22.74,32827,1.41,0,1.188,8.18,-88.1,29.172,2.515,4.72,0
8/18/2021,10:20:00,0,Piney Point,1.73,5.94,54548.1,2.493,12.27,5.69,50065.1,86,86,5.49,3.619,33,50508.7,5.18,22.28,32831,1.51,0,1.186,8.18,-87.8,29.187,2.494,4.72,0
8/18/2021,10:30:00,0,Piney Point,2.31,8.31,54569.6,2.48,13.66,6.16,50069.4,88.3,88.3,5.64,3.6,33,50514.8,6.32,26.17,32835,1.18,0,1.185,8.19,-88.3,29.203,2.48,4.72,0
8/18/2021,10:40:00,0,Piney Point,1.69,5.79,54585.2,2.462,10.89,5.24,50071,93.8,93.8,5.99,3.573,33,50517.9,4.97,21.57,32837,1.29,0,1.185,8.21,-89.9,29.215,2.461,4.72,0
8/18/2021,10:50:00,0,Piney Point,1.51,5.08,54610.5,2.451,11.25,5.36,50075.8,96.3,96.3,6.15,3.557,33.01,50524.8,6.71,27.48,32841,1.04,0,1.186,8.23,-90.6,29.234,2.45,4.72,0
8/18/2021,11:00:00,0,Piney Point,2.54,9.23,54646.6,2.437,13.18,6,50089.4,95.8,95.8,6.11,3.537,33.02,50540.8,5.02,21.77,32852,2.48,0,1.188,8.22,-90.3,29.253,2.437,4.72,0
8/18/2021,11:10:00,0,Piney Point,1.38,4.54,54689.3,2.426,12.35,5.72,50106.3,98.8,98.8,6.3,3.521,33.03,50560.3,5.62,23.8,32864,0.92,0,1.189,8.22,-90.5,29.276,2.425,4.72,0
8/18/2021,11:20:00,0,Piney Point,1.38,4.55,54713.9,2.408,13.21,6.01,50107.2,97.8,97.8,6.24,3.496,33.03,50563.7,6.5,26.79,32866,1.95,0,1.187,8.22,-90.6,29.297,2.408,4.72,0
8/18/2021,11:30:00,0,Piney Point,1.17,3.67,54762.9,2.393,11.66,5.49,50115.9,97.3,97.3,6.2,3.473,33.04,50576.6,4.8,21.02,32875,1.91,0,1.186,8.22,-90.6,29.334,2.39,4.73,0
8/18/2021,11:40:00,0,Piney Point,1.23,3.92,54781.1,2.372,11.42,5.41,50117.5,97.8,97.8,6.23,3.442,33.04,50579.9,3.9,17.96,32877,1.19,0,1.186,8.22,-90.3,29.349,2.371,4.72,0
8/18/2021,11:50:00,0,Piney Point,1.47,4.92,54795.2,2.348,10.95,5.26,50116.7,98.3,98.3,6.26,3.409,33.04,50580.7,2.92,14.62,32877,1.86,0,1.185,8.23,-90.8,29.363,2.349,4.72,0
8/18/2021,12:00:00,0,Piney Point,1.41,4.66,54810.4,2.325,10.57,5.13,50114.4,102,102,6.5,3.375,33.04,50580.2,5.32,22.78,32877,2.11,0,1.187,8.23,-91.2,29.379,2.324,4.73,0
8/18/2021,12:10:00,0,Piney Point,1.43,4.76,54841.4,2.304,13.02,5.94,50112.7,103.9,103.9,6.61,3.344,33.04,50581.9,4.74,20.82,32878,1.54,0,1.186,8.24,-91.8,29.409,2.305,4.72,0
8/18/2021,12:20:00,0,Piney Point,1.71,5.89,54852,2.28,10.86,5.22,50105.2,102.9,102.9,6.55,3.309,33.04,50576.3,9.04,35.4,32875,1.53,0,1.185,8.25,-91.8,29.426,2.279,4.72,0
8/18/2021,12:30:00,0,Piney Point,1.43,4.74,54858.3,2.252,11.79,5.53,50093.7,110.6,110.6,7.04,3.269,33.03,50566.7,5.33,22.82,32868,8.82,0,1.185,8.26,-92.7,29.444,2.252,4.72,0
8/18/2021,12:40:00,0,Piney Point,2.4,8.7,54873.7,2.222,12.05,5.62,50090.4,114.5,114.5,7.28,3.225,33.03,50565.2,6.82,27.86,32867,1.33,0,1.183,8.28,-93.7,29.461,2.223,4.72,0
8/18/2021,12:50:00,0,Piney Point,1.58,5.35,54889.2,2.195,12.29,5.7,50086.3,117.5,117.5,7.47,3.185,33.03,50563.2,5.58,23.66,32866,1.04,0,1.181,8.26,-93,29.479,2.194,4.72,0
8/18/2021,13:00:00,0,Piney Point,1.24,3.98,54905.8,2.166,13.44,6.08,50086.9,117.2,117.2,7.45,3.144,33.03,50565.5,4.11,18.67,32868,0.83,0,1.181,8.28,-93.9,29.494,2.164,4.72,0
8/18/2021,13:10:00,0,Piney Point,1.03,3.11,54913.8,2.137,10.48,5.1,50081.8,114.4,114.4,7.27,3.102,33.02,50561.8,5.12,22.1,32865,3.02,0,1.18,8.28,-93.7,29.506,2.137,4.73,0
8/18/2021,13:20:00,0,Piney Point,1.83,6.37,54917.5,2.106,11.31,5.38,50077.3,120.4,120.4,7.65,3.056,33.02,50558.1,6.15,25.59,32863,1.43,0,1.179,8.29,-94.4,29.514,2.105,4.73,0
8/18/2021,13:30:00,0,Piney Point,1.43,4.73,54948.4,2.075,12.3,5.7,50078.4,118.7,118.7,7.54,3.012,33.02,50562.4,4.72,20.72,32866,1.26,0,1.18,8.28,-93.8,29.542,2.075,4.72,0
8/18/2021,13:40:00,0,Piney Point,0.81,2.24,54984.5,2.047,10.76,5.19,50078.4,122.2,122.2,7.76,2.971,33.02,50566.2,3.16,15.44,32868,1.26,0,1.179,8.29,-94.8,29.575,2.047,4.72,0
8/18/2021,13:50:00,0,Piney Point,0.9,2.61,55003.1,2.02,11.71,5.51,50070.3,123.5,123.5,7.84,2.932,33.02,50560.8,2.83,14.32,32865,0.99,0,1.178,8.29,-94.8,29.6,2.02,4.72,0
8/18/2021,14:00:00,0,Piney Point,1.2,3.82,55028.5,1.992,11.35,5.39,50070.8,127.9,127.9,8.11,2.89,33.02,50564,3.72,17.33,32867,1.15,0,1.177,8.32,-96.6,29.623,1.992,4.72,0
8/18/2021,14:10:00,0,Piney Point,1.01,3.05,55044.1,1.96,11.18,5.33,50069.7,134.4,134.4,8.52,2.845,33.02,50564.6,3.76,17.47,32867,0.91,0,1.178,8.34,-97.5,29.638,1.96,4.72,0
8/18/2021,14:20:00,0,Piney Point,0.93,2.71,55087.3,1.932,11.64,5.49,50069.9,138.8,138.8,8.8,2.803,33.02,50569.3,5.21,22.39,32870,0.91,0,1.189,8.33,-96.8,29.678,1.931,4.72,0
8/18/2021,14:30:00,0,Piney Point,2.7,9.88,55117.7,1.905,13.84,6.22,50066.5,137,137,8.68,2.765,33.02,50569.4,6.17,25.64,32870,1.04,0,1.182,8.32,-96.4,29.709,1.904,4.73,0
8/18/2021,14:40:00,0,Piney Point,2.13,7.6,55147.2,1.881,13.43,6.08,50059.9,143,143,9.05,2.73,33.02,50566.6,3.97,18.17,32868,1.04,0,1.182,8.35,-98.1,29.743,1.881,4.72,0
8/18/2021,14:50:00,0,Piney Point,1.21,3.85,55176.3,1.858,12,5.6,50054.3,147.1,147.1,9.31,2.696,33.02,50564.6,7.5,30.16,32867,2.53,0,1.183,8.36,-98.6,29.775,1.858,4.73,0
8/18/2021,15:00:00,0,Piney Point,1.34,4.4,55211.8,1.836,13.98,6.27,50053.7,150.3,150.3,9.51,2.664,33.02,50567.8,8.25,32.71,32869,1.15,0,1.191,8.35,-98.2,29.808,1.835,4.73,0
8/18/2021,15:10:00,0,Piney Point,1.64,5.6,55252.6,1.813,12.98,5.93,50045.2,165.5,165.5,10.46,2.632,33.01,50564.5,7.62,30.57,32867,1.73,0,1.171,8.39,-100.9,29.854,1.813,4.73,0
8/18/2021,15:20:00,0,Piney Point,1.85,6.43,55257.5,1.79,13.73,6.18,50038.5,170.7,170.7,10.79,2.597,33.01,50559.1,4.64,20.47,32863,1.18,0,1.174,8.41,-101.7,29.865,1.79,4.72,0
8/18/2021,15:30:00,0,Piney Point,1.02,3.06,55275.3,1.774,15.86,6.89,50033.5,173.3,173.3,10.95,2.575,33.01,50556.5,9.92,38.38,32862,1.07,0,1.18,8.41,-101.7,29.887,1.775,4.73,0
8/18/2021,15:40:00,0,Piney Point,1.72,5.94,55286.2,1.755,13.31,6.04,50026.1,175.5,175.5,11.08,2.547,33,50551,4.55,20.16,32858,1.11,0,1.18,8.41,-101.7,29.904,1.755,4.72,0
8/18/2021,15:50:00,0,Piney Point,2.56,9.31,55306,1.74,13.58,6.13,50017.1,174,174,10.98,2.524,33,50545,4.51,20.01,32854,1.87,0,1.183,8.41,-101.8,29.932,1.739,4.74,0
8/18/2021,16:00:00,0,Piney Point,1.93,6.76,55349.7,1.725,15.67,6.83,50011.4,179.6,179.6,11.33,2.503,33,50544.5,7.58,30.44,32854,0.77,0,1.179,8.42,-102.6,29.977,1.725,4.72,0
8/18/2021,16:10:00,0,Piney Point,0.75,1.98,55395.3,1.713,13.08,5.97,50009.1,183.6,183.6,11.58,2.485,33,50547.3,4.83,21.11,32856,0.97,0,1.183,8.44,-103.6,30.021,1.712,4.72,0
8/18/2021,16:20:00,0,Piney Point,1.09,3.36,55425.9,1.7,13.26,6.02,50000.9,191.7,191.7,12.08,2.467,32.99,50543.1,4.62,20.41,32853,6.29,0,1.191,8.45,-104.4,30.058,1.699,4.72,0
8/18/2021,16:30:00,0,Piney Point,2.08,7.4,55453.2,1.686,25.65,10.15,49991.2,195.2,195.2,12.29,2.447,32.99,50537.4,7.33,29.58,32849,8.56,0,1.171,8.46,-104.9,30.093,1.686,4.73,0
8/18/2021,16:40:00,0,Piney Point,1.47,4.89,55473,1.677,90.05,31.62,49974.4,199.8,199.8,12.58,2.434,32.98,50524.5,4.67,20.56,32841,1.48,0,1.183,8.48,-105.9,30.128,1.676,4.73,0
8/18/2021,16:50:00,0,Piney Point,1.65,5.64,55497.3,1.67,15.19,6.67,49965.7,203.7,203.7,12.81,2.423,32.97,50519.2,6.35,26.26,32837,2.92,0,1.179,8.48,-106.3,30.159,1.668,4.72,0
8/18/2021,17:00:00,0,Piney Point,1.19,3.77,55532.5,1.667,14.11,6.31,49962.7,212.9,212.9,13.39,2.419,32.97,50520.3,3.88,17.9,32838,1.14,0,1.183,8.51,-107.7,30.194,1.666,4.73,0
8/18/2021,17:10:00,0,Piney Point,1.58,5.33,55526.1,1.671,14.34,6.39,49936.7,214.9,214.9,13.51,2.424,32.95,50496.4,9.06,35.47,32823,4.92,0,1.191,8.51,-107.9,30.215,1.67,4.73,0
8/18/2021,17:20:00,0,Piney Point,2.18,7.8,55533.8,1.68,20.64,8.48,49923.2,214.9,214.9,13.51,2.437,32.94,50485.2,7.46,30.04,32815,2.56,0,1.177,8.52,-108.6,30.236,1.676,4.73,0
8/18/2021,17:30:00,0,Piney Point,2.13,7.59,55573.9,1.686,14.47,6.43,49941.6,214.4,214.4,13.47,2.446,32.96,50505.9,11.58,44.03,32829,1.89,0,1.18,8.51,-108,30.254,1.685,4.73,0
8/18/2021,17:40:00,0,Piney Point,2.21,7.92,55590.1,1.697,14.67,6.49,49944.9,215,215,13.51,2.462,32.96,50510.5,5.13,22.14,32832,1.37,0,1.176,8.52,-108.4,30.265,1.696,4.72,0
8/18/2021,17:50:00,0,Piney Point,2.05,7.25,55597.1,1.712,15.07,6.63,49933,211.6,211.6,13.29,2.484,32.95,50500.6,6.28,26.02,32825,1.88,0,1.191,8.51,-108,30.284,1.713,4.72,0
8/18/2021,18:00:00,0,Piney Point,1.35,4.41,55617.3,1.728,14.91,6.57,49937.5,212.4,212.4,13.33,2.508,32.96,50506.7,4.58,20.27,32829,2.54,0,1.175,8.51,-107.9,30.298,1.725,4.72,0
8/18/2021,18:10:00,0,Piney Point,3.43,12.85,55613.6,1.747,14.85,6.56,49928.7,212,212,13.31,2.535,32.95,50498.5,8.46,33.42,32824,1.14,0,1.183,8.51,-107.7,30.303,1.748,4.73,0
8/18/2021,18:20:00,0,Piney Point,2.25,8.08,55575.9,1.764,14.62,6.48,49898.9,209.2,209.2,13.13,2.56,32.93,50467.9,9.79,37.95,32804,1.24,0,1.18,8.5,-107.4,30.299,1.764,4.73,0
8/18/2021,18:30:00,0,Piney Point,1.78,6.17,55611.9,1.788,11.53,5.45,49910.9,208.1,208.1,13.06,2.594,32.94,50482.4,7.12,28.89,32814,166.67,0,1.183,8.51,-107.7,30.32,1.786,4.73,0
8/18/2021,18:40:00,0,Piney Point,1.69,5.81,55606.1,1.806,14.81,6.54,49901.8,207,207,12.99,2.621,32.93,50473.7,8.87,34.83,32808,1.75,0,1.178,8.5,-107.2,30.324,1.806,4.73,0
8/18/2021,18:50:00,0,Piney Point,1.44,4.78,55612,1.825,15.22,6.68,49902.6,208.6,208.6,13.09,2.647,32.93,50475,4.31,19.33,32809,1.58,0,1.183,8.5,-107.6,30.328,1.825,4.72,0
8/18/2021,19:00:00,0,Piney Point,2.05,7.24,55636.3,1.843,15.31,6.71,49909.2,210.4,210.4,13.2,2.674,32.94,50483.5,14.4,53.6,32814,1.67,0,1.178,8.5,-107.5,30.344,1.842,4.73,0
8/18/2021,19:10:00,0,Piney Point,2.24,8.02,55635.3,1.862,15.69,6.84,49904,210.1,210.1,13.18,2.702,32.93,50478.7,10.75,41.21,32811,1.34,0,1.183,8.5,-107.4,30.348,1.861,4.73,0
8/18/2021,19:20:00,0,Piney Point,1.58,5.34,55628.7,1.884,16.08,6.97,49882.5,200.9,200.9,12.6,2.734,32.92,50458.9,7.29,29.47,32798,1.34,0,1.179,8.48,-106.4,30.364,1.883,4.72,0
8/18/2021,19:30:00,0,Piney Point,1.82,6.35,55381.1,1.909,15.37,6.73,49553.6,181.1,181.1,11.35,2.769,32.68,50138.7,6.71,27.5,32590,1.25,0,1.183,8.45,-104.4,30.474,1.909,4.72,0
8/18/2021,19:40:00,0,Piney Point,1.69,5.81,55441,1.945,14.84,6.55,49578.4,176.6,176.6,11.06,2.821,32.7,50167.3,8.37,33.14,32609,1.72,0,1.179,8.44,-103.7,30.504,1.944,4.72,0
8/18/2021,19:50:00,0,Piney Point,2.46,8.91,55439,1.978,14.84,6.55,49568.3,176.4,176.4,11.05,2.868,32.69,50158.1,8.1,32.21,32603,1.01,0,1.183,8.43,-103.5,30.512,1.977,4.73,0
8/18/2021,20:00:00,0,Piney Point,2.1,7.48,55434.2,2.012,15.53,6.78,49572.9,167.9,167.9,10.52,2.918,32.7,50161.6,6.73,27.57,32605,1.94,0,1.179,8.41,-102,30.503,2.009,4.73,0
8/18/2021,20:10:00,0,Piney Point,2.12,7.55,55402.6,1.979,15.25,6.69,49524.5,161.7,161.7,10.13,2.87,32.66,50115.1,9.72,37.71,32575,1.57,0,1.183,8.4,-101.4,30.524,1.979,4.72,0
8/18/2021,20:20:00,0,Piney Point,1.58,5.35,55366.1,2.048,15.49,6.77,49530,159.7,159.7,10.01,2.971,32.66,50116.1,9.12,35.68,32575,0.95,0,1.179,8.4,-101.2,30.485,2.049,4.72,0
8/18/2021,20:30:00,0,Piney Point,1.37,4.5,55327.8,2.046,14.91,6.57,49532.6,155.7,155.7,9.77,2.968,32.66,50114.3,6,25.06,32574,0.65,0,1.183,8.38,-100,30.447,2.045,4.72,0
8/18/2021,20:40:00,0,Piney Point,1.53,5.16,55316.5,2.069,15.18,6.67,49514.5,154.5,154.5,9.69,3.001,32.65,50097,6.5,26.78,32563,0.73,0,1.179,8.38,-100.2,30.455,2.069,4.73,0
8/18/2021,20:50:00,0,Piney Point,1.42,4.7,55319.7,2.092,14.7,6.5,49508.4,153.6,153.6,9.63,3.035,32.65,50091.9,5.45,23.21,32560,0.57,0,1.183,8.38,-100.2,30.464,2.094,4.73,0
8/18/2021,21:00:00,0,Piney Point,1.75,6.06,55235,2.109,14.89,6.57,49429.1,144.4,144.4,9.06,3.059,32.59,50012.1,9.83,38.07,32508,0.76,0,1.179,8.36,-98.8,30.468,2.11,4.72,0
8/18/2021,21:10:00,0,Piney Point,2.08,7.4,55196.3,2.122,14.94,6.59,49414.1,136.3,136.3,8.55,3.078,32.58,49994.6,8.14,32.34,32496,1.39,0,1.183,8.34,-97.7,30.447,2.12,4.72,0
8/18/2021,21:20:00,0,Piney Point,2.02,7.16,55098.5,2.132,15.11,6.64,49335.6,131.3,131.3,8.25,3.092,32.52,49914.1,5.67,23.97,32444,2.23,0,1.179,8.32,-96.7,30.438,2.133,4.72,0
8/18/2021,21:30:00,0,Piney Point,1.37,4.48,55118.4,2.144,15.29,6.7,49362.9,125.9,125.9,7.9,3.11,32.54,49940.6,6.11,25.46,32461,0.64,0,1.183,8.31,-95.9,30.428,2.145,4.73,0
8/18/2021,21:40:00,0,Piney Point,1.3,4.2,55061.3,2.162,15.01,6.61,49318.5,121,121,7.6,3.135,32.5,49894.8,5.71,24.08,32432,1.84,0,1.178,8.3,-95.1,30.421,2.162,4.73,0
8/18/2021,21:50:00,0,Piney Point,1.58,5.36,55059.9,2.179,15.16,6.66,49340.3,115.4,115.4,7.25,3.16,32.52,49914.1,6.63,27.21,32444,0.81,0,1.183,8.28,-94.2,30.397,2.181,4.72,0
8/18/2021,22:00:00,0,Piney Point,1.59,5.38,55036,2.209,15.4,6.74,49333.8,108,108,6.79,3.204,32.51,49905.9,5.09,21.98,32439,0.65,0,1.178,8.26,-93.2,30.382,2.208,4.73,0
8/18/2021,22:10:00,0,Piney Point,1.43,4.74,54868.2,2.236,15.17,6.66,49227.8,110.3,110.3,6.94,3.243,32.43,49793.3,5.23,22.45,32366,0.62,0,1.183,8.27,-93.5,30.336,2.237,4.72,0
8/18/2021,22:20:00,0,Piney Point,1.27,4.08,54497,2.262,13.7,6.17,49005.5,123.1,123.1,7.76,3.28,32.26,49555.4,7.6,30.52,32211,0.98,0,1.179,8.34,-97.5,30.221,2.262,4.72,0
8/18/2021,22:30:00,0,Piney Point,1.43,4.76,54383.8,2.286,13.08,5.97,48929,119.4,119.4,7.54,3.315,32.2,49475.1,3.66,17.15,32159,0.95,0,1.183,8.33,-97.2,30.194,2.287,4.73,0
8/18/2021,22:40:00,0,Piney Point,1.62,5.53,54225.4,2.307,12.61,5.81,48889,122,122,7.72,3.346,32.17,49422.6,5.75,24.21,32125,1.06,0,1.178,8.34,-97.9,30.088,2.308,4.72,0
8/18/2021,22:50:00,0,Piney Point,1.94,6.82,54259.2,2.326,12.6,5.81,48939,117.2,117.2,7.42,3.374,32.21,49470.9,5.67,23.95,32156,1.73,0,1.183,8.32,-96.6,30.068,2.326,4.72,0
8/18/2021,23:00:00,0,Piney Point,1.6,5.45,54242.5,2.338,11.9,5.57,48927.5,118.1,118.1,7.47,3.391,32.2,49458.8,3.82,17.67,32148,1.1,0,1.178,8.33,-96.9,30.064,2.338,4.72,0
8/18/2021,23:10:00,0,Piney Point,1.05,3.21,54258.5,2.351,12.04,5.62,48939,117.9,117.9,7.46,3.41,32.21,49470.7,3.16,15.44,32156,1.09,0,1.183,8.32,-96.8,30.067,2.352,4.72,0
8/18/2021,23:20:00,0,Piney Point,1.56,5.27,54279.7,2.352,11.94,5.58,48954.8,114.3,114.3,7.23,3.41,32.22,49487.2,5.49,23.33,32167,1.17,0,1.179,8.32,-96.3,30.07,2.352,4.72,0
8/18/2021,23:30:00,0,Piney Point,1.2,3.83,54281,2.354,11.51,5.44,48956.1,110.9,110.9,7.01,3.413,32.22,49488.5,3.78,17.55,32168,1.25,0,1.183,8.31,-95.8,30.07,2.354,4.72,0
8/18/2021,23:40:00,0,Piney Point,1.31,4.26,54286,2.351,11.59,5.47,48962,112.1,112.1,7.09,3.41,32.22,49494.2,3.7,17.27,32171,1.61,0,1.191,8.31,-96.1,30.069,2.353,4.72,0
8/18/2021,23:50:00,0,Piney Point,0.87,2.46,54297.4,2.347,11.24,5.35,48976.6,103.9,103.9,6.57,3.404,32.23,49508.5,2.68,13.8,32181,1.22,0,1.177,8.29,-94.5,30.064,2.345,4.71,0
8/19/2021,0:00:00,0,Piney Point,0.93,2.7,54282.4,2.34,11.24,5.35,48973.5,102.5,102.5,6.48,3.393,32.23,49504.1,4.19,18.95,32178,1.14,0,1.179,8.28,-94.3,30.054,2.34,4.72,0
8/19/2021,0:10:00,0,Piney Point,1.23,3.94,54234.4,2.333,12.1,5.64,48949.1,104.3,104.3,6.6,3.384,32.21,49477.3,3.45,16.43,32160,0.92,0,1.176,8.31,-96.1,30.034,2.332,4.72,0
8/19/2021,0:20:00,0,Piney Point,1.75,6.05,54216.7,2.334,11.6,5.47,48945.7,110,110,6.97,3.385,32.21,49472.3,4.49,19.95,32157,1.17,0,1.191,8.31,-95.9,30.021,2.333,4.72,0
8/19/2021,0:30:00,0,Piney Point,1.68,5.74,54181.8,2.333,11.98,5.6,48942.5,111.6,111.6,7.07,3.384,32.2,49465.8,5.5,23.37,32153,0.87,0,1.183,8.31,-96,29.992,2.334,4.72,0
8/19/2021,0:40:00,0,Piney Point,1.3,4.21,54195.6,2.326,11.58,5.47,48957.6,105.8,105.8,6.7,3.373,32.22,49480.7,3.97,18.17,32162,0.94,0,1.176,8.3,-95.2,29.989,2.326,4.73,0
8/19/2021,0:50:00,0,Piney Point,0.86,2.45,54168,2.317,11.87,5.56,48954.3,102.6,102.6,6.5,3.36,32.21,49474.9,2.62,13.59,32159,0.86,0,1.181,8.28,-94.3,29.966,2.317,4.73,0
8/19/2021,1:00:00,0,Piney Point,1.44,4.76,54140.9,2.311,12.32,5.71,48945.9,108.1,108.1,6.85,3.352,32.21,49464.5,6.08,25.35,32152,3.3,0,1.188,8.31,-95.7,29.95,2.312,4.72,0
8/19/2021,1:10:00,0,Piney Point,1.11,3.43,54119.2,2.301,11.88,5.56,48940.6,107.5,107.5,6.82,3.338,32.2,49457.6,3.46,16.45,32147,1.31,0,1.183,8.31,-95.7,29.935,2.302,4.73,0
8/19/2021,1:20:00,0,Piney Point,1.02,3.08,54127.1,2.288,12.01,5.61,48953.1,101.1,101.1,6.41,3.318,32.21,49469.5,4.32,19.38,32155,0.97,0,1.183,8.28,-94.3,29.929,2.288,4.71,0
8/19/2021,1:30:00,0,Piney Point,1.29,4.17,54093.2,2.28,11.81,5.54,48932.9,104.8,104.8,6.65,3.307,32.19,49447.9,3.85,17.78,32141,0.79,0,1.179,8.29,-94.9,29.919,2.279,4.72,0
8/19/2021,1:40:00,0,Piney Point,1.15,3.62,54104.6,2.279,12.07,5.63,48949,100.8,100.8,6.39,3.305,32.21,49463.5,3.57,16.84,32151,0.87,0,1.178,8.28,-93.8,29.912,2.278,4.72,0
8/19/2021,1:50:00,0,Piney Point,1.12,3.5,54125.8,2.272,12.67,5.83,48966.4,92.5,92.5,5.87,3.295,32.22,49481.3,3.35,16.08,32163,1.28,0,1.179,8.28,-93.8,29.914,2.272,4.72,0
8/19/2021,2:00:00,0,Piney Point,1.9,6.63,54091.8,2.263,11.78,5.53,48951.3,93.8,93.8,5.95,3.283,32.21,49464.2,5.85,24.56,32152,1.23,0,1.191,8.27,-93.2,29.898,2.262,4.72,0
8/19/2021,2:10:00,0,Piney Point,1.29,4.19,54076.9,2.257,11.74,5.52,48944.8,97.5,97.5,6.18,3.274,32.2,49456.9,4.73,20.76,32147,0.86,0,1.181,8.29,-94.4,29.891,2.256,4.72,0
8/19/2021,2:20:00,0,Piney Point,1.24,3.99,54091.4,2.249,12.72,5.84,48956.1,84.2,84.2,5.34,3.262,32.21,49468.5,4.13,18.75,32155,0.77,0,1.186,8.25,-92,29.893,2.248,4.71,0
8/19/2021,2:30:00,0,Piney Point,0.89,2.54,54114.7,2.238,12.17,5.66,48976.4,71,71,4.5,3.246,32.22,49489,2.93,14.65,32168,0.82,0,1.176,8.2,-89.3,29.894,2.238,4.72,0
8/19/2021,2:40:00,0,Piney Point,1.08,3.34,54119.4,2.235,12.59,5.8,48983.9,71.6,71.6,4.54,3.241,32.23,49496.3,4.92,21.41,32173,1.34,0,1.178,8.21,-89.6,29.89,2.235,4.71,0
8/19/2021,2:50:00,0,Piney Point,1.47,4.89,54012.9,2.23,12.57,5.79,48925.8,100.1,100.1,6.35,3.234,32.19,49433.1,5.08,21.96,32132,0.93,0,1.191,8.3,-95.4,29.851,2.229,4.72,0
8/19/2021,3:00:00,0,Piney Point,1.52,5.09,54019.5,2.221,12.27,5.7,48943.7,87.1,87.1,5.53,3.221,32.2,49449.8,3.77,17.52,32142,0.84,0,1.174,8.26,-92.8,29.838,2.22,4.72,0
8/19/2021,3:10:00,0,Piney Point,1.51,5.08,54050.1,2.217,12.78,5.87,48972.8,80.4,80.4,5.1,3.216,32.22,49479,4.25,19.13,32161,1.18,0,1.183,8.19,-88.4,29.837,2.216,4.71,0
8/19/2021,3:20:00,0,Piney Point,1.28,4.13,54090.3,2.214,13.05,5.95,49003.1,65.7,65.7,4.17,3.211,32.24,49510.4,4.55,20.15,32182,0.92,0,1.179,8.15,-86,29.843,2.214,4.71,0
8/19/2021,3:30:00,0,Piney Point,0.92,2.67,54084.7,2.209,13.23,6.02,48994.8,64.9,64.9,4.12,3.204,32.24,49502.4,4.89,21.3,32177,1.3,0,1.183,8.15,-86.4,29.847,2.21,4.71,0
8/19/2021,3:40:00,0,Piney Point,1.06,3.23,54066.4,2.204,11.96,5.59,48983.5,68.7,68.7,4.36,3.196,32.23,49490.3,5.23,22.46,32169,0.81,0,1.191,8.2,-89.1,29.841,2.204,4.72,0
8/19/2021,3:50:00,0,Piney Point,1.06,3.26,54070.4,2.199,12.14,5.65,48989.7,63.8,63.8,4.05,3.19,32.23,49496.3,3.24,15.7,32173,0.59,0,1.176,8.2,-89.1,29.838,2.198,4.72,0
8/19/2021,4:00:00,0,Piney Point,1.11,3.44,54077.8,2.189,12.26,5.69,49000.1,66.6,66.6,4.23,3.175,32.24,49506.4,3.48,16.52,32179,0.87,0,1.184,8.2,-89.3,29.835,2.19,4.71,0
8/19/2021,4:10:00,0,Piney Point,1.35,4.4,54052.4,2.183,13.28,6.03,48986.7,70.7,70.7,4.49,3.165,32.23,49491.8,4.19,18.94,32170,0.72,0,1.175,8.18,-88.2,29.825,2.184,4.71,0
8/19/2021,4:20:00,0,Piney Point,1.22,3.9,54023.8,2.181,13.69,6.17,48972.7,75.2,75.2,4.78,3.163,32.22,49476.2,4.2,18.96,32160,1.36,0,1.176,8.15,-86.4,29.812,2.18,4.71,0
8/19/2021,4:30:00,0,Piney Point,1.43,4.73,53977.8,2.182,13.19,6,48953.1,87.4,87.4,5.56,3.164,32.2,49453.8,4.68,20.6,32145,0.82,0,1.191,8.24,-91.9,29.789,2.181,4.71,0
8/19/2021,4:40:00,0,Piney Point,1.29,4.19,53978.8,2.186,13.35,6.05,48958.3,84.1,84.1,5.34,3.17,32.21,49458.6,3.9,17.95,32148,1.05,0,1.176,8.23,-91.2,29.785,2.186,4.72,0
8/19/2021,4:50:00,0,Piney Point,1.62,5.49,53972.6,2.194,13.49,6.1,48958.7,80.9,80.9,5.14,3.182,32.21,49458.3,5.53,23.47,32148,2.53,0,1.184,8.22,-90.3,29.779,2.194,4.71,0
8/19/2021,5:00:00,0,Piney Point,1.29,4.17,53920.4,2.206,13.25,6.02,48929.7,87.9,87.9,5.59,3.2,32.18,49426.9,2.94,14.68,32127,1.08,0,1.179,8.24,-91.4,29.76,2.207,4.71,0
8/19/2021,5:10:00,0,Piney Point,1.06,3.26,53877.4,2.223,13.31,6.04,48922.3,95.4,95.4,6.07,3.224,32.18,49415.8,3.11,15.27,32120,1.23,0,1.183,8.25,-92.2,29.727,2.223,4.71,0
8/19/2021,5:20:00,0,Piney Point,1.38,4.52,53880.9,2.236,13.39,6.07,48933.7,91.9,91.9,5.84,3.243,32.18,49426.3,5.09,21.99,32127,0.85,0,1.179,8.24,-91.3,29.719,2.235,4.71,0
8/19/2021,5:30:00,0,Piney Point,1.51,5.05,53878.9,2.254,13.07,5.96,48943.4,89.4,89.4,5.69,3.269,32.19,49434.8,4.74,20.8,32133,0.83,0,1.183,8.24,-91.5,29.707,2.255,4.72,0
8/19/2021,5:40:00,0,Piney Point,1.5,5.04,53859.6,2.272,12.87,5.89,48947.6,92.7,92.7,5.9,3.295,32.19,49436.6,5.22,22.44,32134,1.34,0,1.178,8.26,-92.7,29.684,2.271,4.71,0
8/19/2021,5:50:00,0,Piney Point,1.17,3.68,53850,2.288,12.95,5.92,48957.2,94.5,94.5,6.02,3.319,32.2,49444.1,3.86,17.81,32139,1.79,0,1.183,8.25,-92.3,29.665,2.287,4.71,0
8/19/2021,6:00:00,0,Piney Point,1.13,3.51,53842.1,2.308,12.94,5.92,48961,95,95,6.05,3.347,32.2,49446.7,5.06,21.9,32140,0.9,0,1.179,8.26,-92.8,29.654,2.307,4.71,0
8/19/2021,6:10:00,0,Piney Point,1.23,3.91,53848.6,2.312,12.83,5.88,48966.9,90.1,90.1,5.74,3.354,32.21,49452.6,4.42,19.71,32144,0.96,0,1.183,8.25,-92.2,29.654,2.312,4.71,0
8/19/2021,6:20:00,0,Piney Point,1.28,4.12,53841,2.324,12.63,5.82,48964.8,91.5,91.5,5.83,3.37,32.2,49449.9,5.5,23.4,32142,0.92,0,1.178,8.26,-92.6,29.649,2.324,4.71,0
8/19/2021,6:30:00,0,Piney Point,1.24,3.97,53840.6,2.34,12.72,5.84,48967.9,89.5,89.5,5.7,3.394,32.21,49452.7,3.64,17.06,32144,1.39,0,1.183,8.24,-91.7,29.646,2.339,4.71,0
8/19/2021,6:40:00,0,Piney Point,1.25,4.03,53808.1,2.37,13,5.94,48956.7,92.9,92.9,5.92,3.438,32.2,49439.3,5.55,23.55,32136,1.13,0,1.178,8.26,-92.5,29.627,2.371,4.71,0
8/19/2021,6:50:00,0,Piney Point,1.44,4.79,53758.3,2.395,12.91,5.91,48944.6,95,95,6.06,3.473,32.19,49423.3,4.7,20.67,32125,1.61,0,1.183,8.26,-92.6,29.592,2.393,4.71,0
8/19/2021,7:00:00,0,Piney Point,1.45,4.84,53755.9,2.426,13,5.94,48970.3,95.5,95.5,6.09,3.518,32.2,49446,6.62,27.17,32140,1.24,0,1.179,8.26,-92.6,29.564,2.426,4.71,0
8/19/2021,7:10:00,0,Piney Point,1.63,5.54,53817,2.454,12.5,5.77,49018.6,92.2,92.2,5.88,3.559,32.24,49495.6,5.22,22.43,32172,2.11,0,1.183,8.25,-91.9,29.571,2.453,4.71,0
8/19/2021,7:20:00,0,Piney Point,1.98,6.97,53844.1,2.479,12.75,5.86,49045.3,92.9,92.9,5.92,3.596,32.26,49522.3,4.76,20.88,32190,1.04,0,1.191,8.25,-92.1,29.569,2.479,4.71,0
8/19/2021,7:30:00,0,Piney Point,1.46,4.86,53891.9,2.502,13.41,6.08,49082.4,92.4,92.4,5.89,3.629,32.29,49560.5,6.88,28.06,32214,1.23,0,1.177,8.25,-92,29.576,2.503,4.71,0
8/19/2021,7:40:00,0,Piney Point,1.7,5.83,53946.6,2.521,13.3,6.04,49137.1,95.1,95.1,6.06,3.656,32.33,49615.2,4.73,20.76,32250,1.41,0,1.18,8.25,-92.4,29.571,2.521,4.71,0
8/19/2021,7:50:00,0,Piney Point,2.06,7.31,53900,2.542,7.02,3.95,49124.8,90.9,90.9,5.8,3.687,32.32,49599.3,8.23,32.66,32240,3.52,0,1.177,8.24,-91.6,29.54,2.543,4.71,0
8/19/2021,8:00:00,0,Piney Point,1.52,5.09,53913,2.564,14.75,6.52,49168.8,88.1,88.1,5.62,3.72,32.35,49640.1,3.93,18.06,32266,4.49,0,1.191,8.24,-91.3,29.507,2.565,4.71,0
8/19/2021,8:10:00,0,Piney Point,1.47,4.9,53849.4,2.581,12.17,5.66,49193.4,89.2,89.2,5.7,3.744,32.36,49655.5,2.92,14.61,32276,1.97,0,1.182,8.25,-91.9,29.422,2.58,4.71,0
8/19/2021,8:20:00,0,Piney Point,2.06,7.28,53846,2.596,12.26,5.69,49202.9,87.3,87.3,5.58,3.766,32.37,49663.6,8.27,32.8,32281,3.89,0,1.174,8.22,-90.5,29.409,2.596,4.71,0
8/19/2021,8:30:00,0,Piney Point,1.41,4.68,53868.3,2.611,12.09,5.64,49231.5,83.4,83.4,5.33,3.787,32.39,49691.5,5.26,22.58,32300,1.54,0,1.175,8.22,-90.5,29.401,2.609,4.71,0
8/19/2021,8:40:00,0,Piney Point,2.06,7.32,53893.3,2.632,12.17,5.66,49254.7,81.3,81.3,5.2,3.818,32.41,49714.9,8.36,33.1,32315,1.76,0,1.191,8.23,-90.8,29.4,2.63,4.71,0
8/19/2021,8:50:00,0,Piney Point,1.55,5.24,53895.4,2.651,11.81,5.54,49262.4,83.3,83.3,5.32,3.846,32.41,49722,8.03,31.98,32319,1.73,0,1.181,8.23,-91.2,29.394,2.651,4.71,0
8/19/2021,9:00:00,0,Piney Point,1.94,6.83,53894.6,2.667,12.6,5.8,49263.8,78.2,78.2,5,3.87,32.41,49723.2,6.6,27.11,32320,2,0,1.187,8.22,-90.1,29.392,2.667,4.71,0
8/19/2021,9:10:00,0,Piney Point,1.75,6.02,53909.8,2.682,12.17,5.66,49269.8,77.2,77.2,4.93,3.891,32.42,49730.1,5.47,23.29,32325,2.18,0,1.172,8.22,-90.3,29.4,2.682,4.71,0
8/19/2021,9:20:00,0,Piney Point,1.42,4.69,53962.1,2.696,11.72,5.51,49291.2,79.1,79.1,5.05,3.911,32.43,49754.7,3.87,17.84,32341,1.93,0,1.183,8.23,-91.2,29.427,2.698,4.71,0
8/19/2021,9:30:00,0,Piney Point,1.89,6.63,54050.7,2.698,11.56,5.46,49332.6,79.9,79.9,5.1,3.914,32.47,49801,6.32,26.17,32371,1.96,0,1.18,8.22,-90.6,29.468,2.698,4.71,0
8/19/2021,9:40:00,0,Piney Point,1.29,4.19,54102.7,2.705,11.52,5.45,49344.8,82.6,82.6,5.27,3.924,32.48,49817.4,10.27,39.56,32381,1.91,0,1.183,8.24,-91.6,29.504,2.705,4.71,0
8/19/2021,9:50:00,0,Piney Point,1.78,6.17,54155.7,2.706,13.72,6.18,49365.2,84.8,84.8,5.4,3.925,32.49,49841.2,7.15,28.98,32397,6.41,0,1.191,8.22,-90.6,29.532,2.708,4.7,0
8/19/2021,10:00:00,0,Piney Point,1.07,3.29,54211.2,2.707,11.58,5.47,49391.9,89.9,89.9,5.72,3.927,32.52,49870.9,6.78,27.73,32416,7.5,0,1.183,8.24,-91.5,29.557,2.705,4.71,0
8/19/2021,10:10:00,0,Piney Point,1.54,5.21,54251.5,2.705,13.13,5.98,49407.6,94.8,94.8,6.04,3.924,32.53,49889.2,5.83,24.51,32428,4.72,0,1.187,8.25,-92.2,29.578,2.704,4.71,0
8/19/2021,10:20:00,0,Piney Point,1.88,6.55,52842,2.703,10.91,5.24,48105.8,95.1,95.1,6.08,3.918,31.57,48576.7,6.31,26.14,31575,2.85,0,1.177,8.25,-92.1,29.597,2.702,4.71,0
8/19/2021,10:30:00,0,Piney Point,1.55,5.21,54310.6,2.692,11.18,5.33,49427.1,96.3,96.3,6.12,3.906,32.54,49912.8,4.72,20.73,32443,1.61,0,1.175,8.26,-92.8,29.613,2.695,4.72,0
8/19/2021,10:40:00,0,Piney Point,1.52,5.11,54337.2,2.682,11,5.27,49435.1,93.4,93.4,5.94,3.891,32.55,49922.7,5.1,22.04,32450,1.76,0,1.183,8.26,-93.1,29.63,2.683,4.71,0
8/19/2021,10:50:00,0,Piney Point,1.51,5.07,54354.4,2.675,11.38,5.4,49436.7,89.7,89.7,5.7,3.881,32.55,49925.9,5.56,23.57,32452,1.46,0,1.191,8.26,-92.9,29.644,2.675,4.72,0
8/19/2021,11:00:00,0,Piney Point,1.29,4.17,54364.9,2.663,11.59,5.47,49432.2,91.8,91.8,5.83,3.863,32.55,49923.1,4.74,20.79,32450,1.53,0,1.185,8.26,-92.6,29.658,2.663,4.71,0
8/19/2021,11:10:00,0,Piney Point,2,7.04,54383.4,2.651,11.27,5.36,49432.6,82.6,82.6,5.25,3.847,32.55,49925.4,7.44,29.96,32451,3.08,0,1.179,8.24,-91.7,29.675,2.652,4.72,0
8/19/2021,11:20:00,0,Piney Point,1.72,5.92,54403.9,2.638,11.8,5.54,49434,90.4,90.4,5.74,3.826,32.55,49928.7,6.74,27.6,32454,2.24,0,1.189,8.26,-93,29.693,2.637,4.72,0
8/19/2021,11:30:00,0,Piney Point,1.47,4.91,54429,2.625,10.77,5.19,49435.7,97.2,97.2,6.17,3.808,32.56,49932.9,4.57,20.24,32456,1.54,0,1.184,8.26,-93,29.714,2.626,4.71,0
8/19/2021,11:40:00,0,Piney Point,1.33,4.34,54454.7,2.599,11.07,5.29,49432.5,95.2,95.2,6.04,3.77,32.55,49932.7,5.16,22.22,32456,1.67,0,1.174,8.29,-94.8,29.741,2.598,4.72,0
8/19/2021,11:50:00,0,Piney Point,1.28,4.15,54483.3,2.581,11.32,5.38,49442.6,90.1,90.1,5.72,3.745,32.56,49944.7,6.04,25.2,32464,1.27,0,1.179,8.26,-92.6,29.758,2.582,4.71,0
8/19/2021,12:00:00,0,Piney Point,1.54,5.2,54496.2,2.562,11.67,5.5,49440.2,96,96,6.09,3.716,32.56,49943.9,4.45,19.8,32464,1.81,0,1.191,8.29,-94.7,29.772,2.561,4.72,0
8/19/2021,12:10:00,0,Piney Point,1.53,5.14,54523.1,2.537,10.73,5.18,49442.2,91.1,91.1,5.78,3.68,32.56,49948.6,4.84,21.13,32467,2.45,0,1.181,8.26,-92.7,29.795,2.535,4.72,0
8/19/2021,12:20:00,0,Piney Point,1.45,4.84,54556.9,2.509,14.35,6.39,49441.2,110.9,110.9,7.03,3.639,32.57,49951.3,4.18,18.91,32468,4.29,0,1.184,8.3,-95.4,29.827,2.506,4.71,0
8/19/2021,12:30:00,0,Piney Point,1.41,4.66,54572,2.482,10.61,5.14,49430.1,112.9,112.9,7.15,3.601,32.56,49942.9,3.36,16.11,32463,1.98,0,1.172,8.31,-95.8,29.853,2.481,4.71,0
8/19/2021,12:40:00,0,Piney Point,1.57,5.29,54589.7,2.457,10.89,5.23,49426,104.9,104.9,6.65,3.564,32.56,49941.1,5.91,24.78,32462,1.31,0,1.181,8.29,-94.6,29.873,2.457,4.71,0
8/19/2021,12:50:00,0,Piney Point,1.47,4.92,54586.3,2.428,10.68,5.16,49412.4,111,111,7.03,3.523,32.55,49928.6,3.49,16.55,32454,1.52,0,1.178,8.3,-95.3,29.884,2.429,4.71,0
8/19/2021,13:00:00,0,Piney Point,1.97,6.94,54588.3,2.4,13.54,6.12,49403.2,113.6,113.6,7.2,3.482,32.54,49920.6,6.94,28.28,32448,5.47,0,1.183,8.31,-95.9,29.895,2.401,4.71,0
8/19/2021,13:10:00,0,Piney Point,1.33,4.35,54603.9,2.37,14.81,6.54,49404.9,110.2,110.2,6.98,3.437,32.54,49923.7,5.12,22.09,32450,2.9,0,1.179,8.3,-95,29.908,2.369,4.71,0
8/19/2021,13:20:00,0,Piney Point,1.53,5.15,54602.9,2.336,12.47,5.76,49391.1,114.6,114.6,7.25,3.388,32.53,49911.3,4.98,21.62,32442,12.5,0,1.183,8.32,-96.2,29.921,2.334,4.71,0
8/19/2021,13:30:00,0,Piney Point,1.39,4.58,54612.4,2.299,11.08,5.3,49370.6,125,125,7.91,3.334,32.52,49893.9,4.01,18.33,32431,1.12,0,1.178,8.34,-97.7,29.951,2.296,4.71,0
8/19/2021,13:40:00,0,Piney Point,1.47,4.91,54632.6,2.26,13.53,6.12,49370.5,128.7,128.7,8.14,3.279,32.52,49896,5.67,23.96,32432,12.5,0,1.183,8.34,-97.6,29.97,2.26,4.72,0
8/19/2021,13:50:00,0,Piney Point,1.61,5.47,54635.8,2.225,14.87,6.56,49357.2,132,132,8.35,3.227,32.51,49884.5,4.37,19.55,32425,1.9,0,1.191,8.35,-98.1,29.987,2.224,4.72,0
8/19/2021,14:00:00,0,Piney Point,1.48,4.95,54662.4,2.192,10.09,4.97,49355.9,128,128,8.09,3.18,32.51,49886.1,8.9,34.92,32426,4.44,0,1.178,8.35,-98.2,30.013,2.19,4.71,0
8/19/2021,14:10:00,0,Piney Point,1.9,6.66,54727,2.157,14.43,6.41,49362.6,143.6,143.6,9.07,3.128,32.52,49898.9,6.75,27.63,32434,1.59,0,1.179,8.37,-99.8,30.066,2.155,4.72,0
8/19/2021,14:20:00,0,Piney Point,1.26,4.05,54783.7,2.124,11.84,5.55,49372.8,135,135,8.52,3.081,32.53,49914,4.24,19.1,32444,1.12,0,1.177,8.37,-99.4,30.108,2.123,4.71,0
8/19/2021,14:30:00,0,Piney Point,1.09,3.38,54822.8,2.089,11.81,5.54,49368,145,145,9.15,3.031,32.53,49913.8,4.01,18.34,32444,0.92,0,1.191,8.39,-100.9,30.149,2.088,4.71,0
8/19/2021,14:40:00,0,Piney Point,1.13,3.52,54842.8,2.057,12.24,5.68,49349.1,159.7,159.7,10.07,2.983,32.52,49899.1,5.27,22.59,32434,1.08,0,1.183,8.42,-102.7,30.187,2.057,4.72,0
8/19/2021,14:50:00,0,Piney Point,1.66,5.67,54863.1,2.022,12.32,5.71,49334.2,159.2,159.2,10.03,2.933,32.51,49887.8,6.82,27.86,32427,1.19,0,1.177,8.42,-102.8,30.221,2.022,4.71,0
8/19/2021,15:00:00,0,Piney Point,1.28,4.15,54891.6,1.988,13.01,5.94,49318.1,164.4,164.4,10.35,2.883,32.5,49876.5,3.15,15.4,32420,1.02,0,1.18,8.45,-104.4,30.264,1.987,4.72,0
8/19/2021,15:10:00,0,Piney Point,0.89,2.54,54921.5,1.955,13.47,6.1,49304,170.1,170.1,10.7,2.836,32.49,49867.1,3.83,17.71,32414,1.27,0,1.185,8.46,-104.9,30.307,1.955,4.71,0
8/19/2021,15:20:00,0,Piney Point,1.34,4.38,54948.2,1.922,12.79,5.87,49282.5,175.4,175.4,11.03,2.787,32.47,49850.7,6.69,27.41,32403,1.18,0,1.183,8.47,-105.5,30.354,1.919,4.72,0
8/19/2021,15:30:00,0,Piney Point,1.28,4.12,54975.3,1.892,12.98,5.93,49247.4,187.3,187.3,11.77,2.744,32.45,49822.2,2.91,14.58,32384,1.34,0,1.18,8.48,-106.3,30.415,1.891,4.71,0
8/19/2021,15:40:00,0,Piney Point,2.53,9.19,54982.2,1.861,13.28,6.03,49196.5,192.9,192.9,12.11,2.699,32.42,49777.4,8.6,33.92,32355,0.9,0,1.176,8.5,-107.2,30.474,1.861,4.71,0
8/19/2021,15:50:00,0,Piney Point,3.23,12.04,54962.8,1.833,13.37,6.06,49125.5,194.5,194.5,12.2,2.659,32.37,49712,5.03,21.77,32313,1.05,0,1.185,8.5,-107.6,30.53,1.833,4.71,0
8/19/2021,16:00:00,0,Piney Point,0.97,2.88,54971.8,1.804,13.94,6.25,49074.5,199.8,199.8,12.52,2.616,32.33,49667.5,4.01,18.33,32284,1.17,0,1.18,8.52,-108.4,30.592,1.803,4.71,0
8/19/2021,16:10:00,0,Piney Point,1.25,4.01,55010.2,1.776,13.37,6.06,49064.1,202.8,202.8,12.7,2.576,32.33,49662.2,4.67,20.56,32280,0.99,0,1.175,8.51,-108.3,30.638,1.775,4.72,0
8/19/2021,16:20:00,0,Piney Point,1.06,3.22,55035.1,1.753,13.83,6.22,49044.2,206.9,206.9,12.96,2.541,32.31,49647.1,4.86,21.19,32271,1.21,0,1.185,8.54,-109.8,30.682,1.752,4.72,0
8/19/2021,16:30:00,0,Piney Point,0.83,2.32,55021.1,1.729,13.94,6.25,48984.4,207.7,207.7,13,2.507,32.27,49592.3,4.32,19.38,32235,1.04,0,1.186,8.55,-110.4,30.731,1.728,4.71,0
8/19/2021,16:40:00,0,Piney Point,1.05,3.19,55039.4,1.707,13.67,6.16,48952.2,210.4,210.4,13.16,2.475,32.25,49565.5,3.54,16.71,32218,0.77,0,1.189,8.55,-110.3,30.782,1.706,4.72,0
8/19/2021,16:50:00,0,Piney Point,1.58,5.35,55038.8,1.684,18.3,7.71,48909.5,212.5,212.5,13.28,2.442,32.22,49527.3,6.21,25.81,32193,1.97,0,1.191,8.56,-110.9,30.826,1.683,4.71,0
8/19/2021,17:00:00,0,Piney Point,1.79,6.2,55078.7,1.665,14.18,6.33,48915.2,215.9,215.9,13.49,2.414,32.23,49536.7,4.79,20.96,32199,1.47,0,1.181,8.56,-111.2,30.857,1.665,4.72,0
8/19/2021,17:10:00,0,Piney Point,1.12,3.48,55113.8,1.649,14.43,6.42,48906.3,212.5,212.5,13.27,2.391,32.22,49532.4,5.05,21.87,32196,0.81,0,1.172,8.56,-111.4,30.899,1.65,4.72,0
8/19/2021,17:20:00,0,Piney Point,1.28,4.14,55086.5,1.635,16.33,7.05,48852,217.9,217.9,13.6,2.37,32.18,49481.1,3.65,17.09,32163,2.44,0,1.184,8.57,-111.7,30.931,1.633,4.72,0
8/19/2021,17:30:00,0,Piney Point,1.33,4.32,55103.9,1.624,17.05,7.29,48841.9,218.3,218.3,13.62,2.354,32.18,49473.9,5.36,22.9,32158,2.45,0,1.188,8.57,-111.6,30.958,1.62,4.72,0
8/19/2021,17:40:00,0,Piney Point,1.38,4.55,55122.6,1.613,16.29,7.03,48849.1,216.6,216.6,13.51,2.339,32.18,49482.4,3.81,17.64,32164,3.85,0,1.191,8.57,-111.6,30.968,1.612,4.71,0
8/19/2021,17:50:00,0,Piney Point,0.95,2.81,55148.1,1.609,17.16,7.33,48850.1,218.4,218.4,13.62,2.333,32.19,49486,2.84,14.35,32166,3.78,0,1.184,8.57,-111.9,30.99,1.61,4.72,0
8/19/2021,18:00:00,0,Piney Point,1.14,3.57,55166.1,1.607,17,7.27,48844,218.4,218.4,13.61,2.33,32.18,49482.5,4.78,20.95,32164,3.96,0,1.179,8.57,-111.9,31.014,1.606,4.72,0
8/19/2021,18:10:00,0,Piney Point,1.03,3.12,55169.4,1.61,16.8,7.21,48822.4,220,220,13.7,2.334,32.17,49463.6,2.91,14.59,32151,3.87,0,1.174,8.58,-112.2,31.039,1.611,4.72,0
8/19/2021,18:20:00,0,Piney Point,1.39,4.57,55179.8,1.62,17.19,7.34,48818.2,217.3,217.3,13.54,2.349,32.17,49461,4.63,20.43,32150,3.76,0,1.175,8.58,-112.1,31.053,1.621,4.72,0
8/19/2021,18:30:00,0,Piney Point,1.01,3.03,55200.3,1.633,17.05,7.29,48822.4,219.2,219.2,13.65,2.367,32.17,49466.9,4,18.3,32154,3.71,0,1.191,8.58,-112.1,31.068,1.63,4.71,0
8/19/2021,18:40:00,0,Piney Point,2.05,7.28,55181.2,1.648,17.48,7.43,48783.3,214.9,214.9,13.38,2.39,32.14,49430,5.31,22.75,32129,3.96,0,1.177,8.57,-111.7,31.092,1.646,4.72,0
8/19/2021,18:50:00,0,Piney Point,2.39,8.64,55173.8,1.668,17.86,7.56,48760.6,214.7,214.7,13.37,2.417,32.13,49408.9,7.08,28.76,32116,6.43,0,1.173,8.57,-111.7,31.109,1.668,4.72,0
8/19/2021,19:00:00,0,Piney Point,2,7.08,55129.3,1.689,17.46,7.42,48697.1,202.4,202.4,12.6,2.448,32.08,49347.5,6.36,26.29,32076,7.66,0,1.188,8.55,-110.5,31.134,1.687,4.71,0
8/19/2021,19:10:00,0,Piney Point,1.47,4.91,55055.2,1.706,19.98,8.27,48610.7,193.4,193.4,12.04,2.472,32.02,49262.5,5.03,21.77,32021,9.84,0,1.174,8.53,-109.3,31.156,1.704,4.72,0
8/19/2021,19:20:00,0,Piney Point,2.02,7.14,54867.7,1.722,28.48,11.1,48412.6,183.3,183.3,11.41,2.496,31.87,49065.7,7.06,28.67,31893,1.41,0,1.183,8.51,-108.5,31.191,1.721,4.72,0
8/19/2021,19:30:00,0,Piney Point,1.39,4.58,54926.8,1.742,15.8,6.87,48495.4,178.2,178.2,11.09,2.525,31.93,49145.9,5.51,23.43,31945,0.87,0,1.191,8.5,-107.5,31.158,1.741,4.72,0
8/19/2021,19:40:00,0,Piney Point,1.47,4.89,54894.8,1.77,15.95,6.92,48474.9,174.4,174.4,10.86,2.566,31.92,49124.2,4.37,19.54,31931,0.45,0,1.174,8.49,-107,31.15,1.77,4.72,0
8/19/2021,19:50:00,0,Piney Point,1.31,4.26,54813.3,1.798,15.37,6.73,48409.1,167.7,167.7,10.45,2.606,31.87,49056.8,5.71,24.09,31887,0.77,0,1.172,8.48,-106.4,31.144,1.796,4.72,0
8/19/2021,20:00:00,0,Piney Point,2.21,7.93,54710.3,1.825,14.3,6.37,48334.9,163.6,163.6,10.2,2.645,31.81,48979.6,5,21.69,31837,0.8,0,1.183,8.48,-106.3,31.126,1.824,4.72,0
8/19/2021,20:10:00,0,Piney Point,2.3,8.27,54703.3,1.855,13.87,6.23,48390.7,160.3,160.3,10,2.688,31.85,49028.6,6.27,26.01,31869,0.96,0,1.18,8.47,-105.9,31.06,1.855,4.72,0
8/19/2021,20:20:00,0,Piney Point,1.89,6.59,54706,1.886,13.76,6.19,48410.2,157.6,157.6,9.84,2.733,31.86,49046.3,4.5,20,31880,0.85,0,1.183,8.46,-105.2,31.042,1.882,4.72,0
8/19/2021,20:30:00,0,Piney Point,1.9,6.66,54732.8,1.915,13.65,6.16,48423.8,156.1,156.1,9.74,2.776,31.87,49061.2,4.64,20.45,31890,1.28,0,1.191,8.46,-104.9,31.052,1.915,4.73,0
8/19/2021,20:40:00,0,Piney Point,1.68,5.74,54749.8,1.937,13.54,6.12,48427,152.8,152.8,9.53,2.807,31.88,49065.9,5.42,23.11,31893,0.96,0,1.174,8.44,-104.2,31.065,1.934,4.71,0
8/19/2021,20:50:00,0,Piney Point,2.02,7.13,54747.4,1.963,13.43,6.08,48436.5,150,150,9.36,2.846,31.88,49074.2,4.23,19.07,31898,0.91,0,1.176,8.44,-103.9,31.053,1.961,4.72,0
8/19/2021,21:00:00,0,Piney Point,2.11,7.5,54703.1,1.992,13.53,6.11,48452.6,149.3,149.3,9.32,2.888,31.89,49083.8,3.15,15.41,31904,1.06,0,1.175,8.44,-103.7,30.994,1.991,4.72,0
8/19/2021,21:10:00,0,Piney Point,1.26,4.04,54709.6,2.018,13.32,6.05,48476.9,146.3,146.3,9.14,2.926,31.91,49106.2,4.62,20.38,31919,0.96,0,1.191,8.43,-103.3,30.974,2.018,4.73,0
8/19/2021,21:20:00,0,Piney Point,1.76,6.08,54750.9,2.049,13.3,6.04,48533.2,145.8,145.8,9.11,2.969,31.95,49160.8,4.92,21.41,31955,1.01,0,1.178,8.42,-102.9,30.953,2.048,4.71,0
8/19/2021,21:30:00,0,Piney Point,1.79,6.21,54797.1,2.077,13.1,5.97,48577.8,144.6,144.6,9.03,3.01,31.98,49205.5,5.01,21.72,31984,1.07,0,1.179,8.42,-102.8,30.95,2.075,4.72,0
8/19/2021,21:40:00,0,Piney Point,1.67,5.72,54816.8,2.107,13.08,5.96,48585,143.2,143.2,8.95,3.054,31.99,49214,7.54,30.3,31989,1.17,0,1.181,8.42,-102.7,30.96,2.104,4.73,0
8/19/2021,21:50:00,0,Piney Point,1.53,5.16,54819.2,2.135,13.16,5.99,48586.4,139.6,139.6,8.72,3.094,31.99,49215.5,5.08,21.96,31990,1.66,0,1.173,8.41,-102,30.961,2.133,4.71,0
8/19/2021,22:00:00,0,Piney Point,1.38,4.54,54814.1,2.16,13.17,6,48590.3,136.5,136.5,8.52,3.132,31.99,49218.5,4.62,20.39,31992,1.76,0,1.18,8.4,-101.8,30.952,2.157,4.71,0
8/19/2021,22:10:00,0,Piney Point,1.61,5.48,54818,2.184,13.03,5.95,48621.1,135.9,135.9,8.49,3.165,32.01,49246.3,5.05,21.87,32010,1.53,0,1.174,8.4,-101.6,30.923,2.182,4.71,0
8/19/2021,22:20:00,0,Piney Point,1.73,5.96,54861,2.209,12.91,5.91,48689.9,135.3,135.3,8.45,3.202,32.06,49312.3,4.93,21.45,32053,1.7,0,1.175,8.4,-101.4,30.891,2.206,4.72,0
8/19/2021,22:30:00,0,Piney Point,1.21,3.87,54879.7,2.238,12.86,5.89,48715.5,133.7,133.7,8.35,3.245,32.08,49337.2,5.03,21.78,32069,1.51,0,1.172,8.39,-101.1,30.882,2.238,4.71,0
8/19/2021,22:40:00,0,Piney Point,1.61,5.47,54909.8,2.262,12.74,5.85,48747.4,132,132,8.25,3.279,32.1,49368.9,4.01,18.31,32090,1.47,0,1.189,8.39,-100.8,30.876,2.259,4.71,0
8/19/2021,22:50:00,0,Piney Point,1.51,5.05,54933.1,2.285,12.77,5.86,48777.7,130.3,130.3,8.14,3.313,32.13,49398.4,6,25.07,32109,1.9,0,1.183,8.38,-100.5,30.866,2.287,4.71,0
8/19/2021,23:00:00,0,Piney Point,1.8,6.25,54948.2,2.309,12.63,5.82,48817.2,130.6,130.6,8.16,3.347,32.15,49435.3,4.77,20.89,32133,1.75,0,1.178,8.38,-100.4,30.839,2.304,4.71,0
8/19/2021,23:10:00,0,Piney Point,1.5,5.01,54949.2,2.324,12.52,5.78,48828.3,128.5,128.5,8.03,3.369,32.16,49445.3,4.35,19.49,32139,1.18,0,1.18,8.37,-100,30.828,2.321,4.72,0
8/19/2021,23:20:00,0,Piney Point,1.42,4.7,54953.3,2.337,12.44,5.75,48843,126.9,126.9,7.93,3.389,32.17,49458.9,4.39,19.6,32148,1.29,0,1.183,8.37,-99.8,30.816,2.336,4.71,0
8/19/2021,23:30:00,0,Piney Point,1.43,4.76,54941.3,2.35,12.42,5.74,48840.4,125.5,125.5,7.85,3.407,32.17,49455.2,4.59,20.3,32146,1.69,0,1.174,8.37,-99.6,30.808,2.345,4.71,0
8/19/2021,23:40:00,0,Piney Point,1.33,4.33,54904.6,2.355,12.47,5.76,48810.6,126.2,126.2,7.9,3.414,32.15,49424.7,3.94,18.07,32126,1.23,0,1.177,8.37,-99.8,30.805,2.355,4.71,0
8/19/2021,23:50:00,0,Piney Point,1.62,5.51,54880.1,2.358,12.52,5.78,48787.3,124.4,124.4,7.78,3.419,32.13,49401.3,3.91,17.98,32111,1.23,0,1.191,8.37,-99.6,30.806,2.35,4.71,0
8/20/2021,0:00:00,0,Piney Point,1.36,4.44,54871,2.356,12.58,5.8,48781.5,120.2,120.2,7.52,3.415,32.13,49395.1,3.94,18.09,32107,3.3,0,1.173,8.36,-98.8,30.804,2.354,4.71,0
8/20/2021,0:10:00,0,Piney Point,1.27,4.08,54868.6,2.354,12.71,5.84,48789.2,114.6,114.6,7.17,3.413,32.13,49401.7,3.56,16.79,32111,1.95,0,1.183,8.34,-97.7,30.794,2.352,4.71,0
8/20/2021,0:20:00,0,Piney Point,1.24,3.97,54854.7,2.347,12.68,5.83,48779.9,110.2,110.2,6.9,3.403,32.12,49392,4.3,19.29,32105,1.34,0,1.18,8.33,-97.4,30.791,2.346,4.71,0
8/20/2021,0:30:00,0,Piney Point,1.18,3.72,54848.6,2.339,12.95,5.92,48777.7,106.3,106.3,6.65,3.391,32.12,49389.4,3.54,16.71,32103,1.95,0,1.183,8.32,-96.5,30.787,2.339,4.71,0
8/20/2021,0:40:00,0,Piney Point,1.42,4.69,54829.2,2.332,13.13,5.98,48765.5,104.2,104.2,6.52,3.38,32.11,49376.4,3.65,17.09,32095,1.54,0,1.191,8.31,-96.3,30.782,2.328,4.71,0
8/20/2021,0:50:00,0,Piney Point,1.14,3.57,54810.2,2.325,12.87,5.9,48752.5,104.3,104.3,6.53,3.371,32.1,49362.8,3.77,17.49,32086,1.39,0,1.176,8.31,-96.1,30.778,2.321,4.71,0
8/20/2021,1:00:00,0,Piney Point,1.05,3.19,54829.2,2.316,12.95,5.92,48775.9,94.6,94.6,5.92,3.358,32.12,49385.7,2.91,14.59,32101,1.19,0,1.184,8.28,-94.3,30.771,2.314,4.71,0
8/20/2021,1:10:00,0,Piney Point,1.21,3.84,54792.9,2.308,13.05,5.96,48752.8,99.2,99.2,6.21,3.346,32.1,49361.2,3.76,17.46,32085,1.79,0,1.172,8.3,-95.5,30.761,2.307,4.71,0
8/20/2021,1:20:00,0,Piney Point,1.18,3.75,54773.2,2.3,12.97,5.93,48744.1,98.3,98.3,6.16,3.335,32.1,49351.3,3.64,17.07,32078,1.58,0,1.172,8.3,-95.2,30.752,2.3,4.71,0
8/20/2021,1:30:00,0,Piney Point,1.17,3.7,54733.8,2.292,12.98,5.93,48721.1,105,105,6.58,3.323,32.08,49326.6,3.55,16.74,32062,1.5,0,1.188,8.31,-96.2,30.739,2.29,4.71,0
8/20/2021,1:40:00,0,Piney Point,1.33,4.34,54722.8,2.294,13.14,5.98,48722.3,101.4,101.4,6.35,3.326,32.08,49326.6,4.34,19.46,32062,1.11,0,1.19,8.31,-95.9,30.728,2.299,4.71,0
8/20/2021,1:50:00,0,Piney Point,1.36,4.47,54699.1,2.289,13.18,6,48712.3,103.3,103.3,6.47,3.318,32.07,49315,4,18.29,32055,1.23,0,1.174,8.31,-96.3,30.716,2.291,4.71,0
8/20/2021,2:00:00,0,Piney Point,1.34,4.38,54681.3,2.281,13.23,6.01,48703.2,98.2,98.2,6.15,3.307,32.06,49305,5.9,24.74,32048,0.94,0,1.183,8.31,-96,30.709,2.281,4.71,0
8/20/2021,2:10:00,0,Piney Point,1.23,3.95,54675.2,2.272,13.23,6.02,48705.7,96.4,96.4,6.04,3.294,32.06,49306.6,3.58,16.87,32049,0.97,0,1.177,8.3,-95.2,30.701,2.271,4.71,0
8/20/2021,2:20:00,0,Piney Point,1,3,54661.6,2.252,13.28,6.03,48703.7,91.1,91.1,5.71,3.265,32.06,49303.4,3.01,14.91,32047,1.23,0,1.183,8.27,-93.8,30.69,2.253,4.71,0
8/20/2021,2:30:00,0,Piney Point,1.12,3.5,54697.5,2.23,13.41,6.08,48727.3,77.3,77.3,4.85,3.232,32.08,49328.3,3.66,17.12,32063,0.98,0,1.191,8.22,-90.8,30.699,2.227,4.71,0
8/20/2021,2:40:00,0,Piney Point,1.02,3.08,54675.7,2.213,13.28,6.03,48712.4,81.9,81.9,5.14,3.208,32.07,49312.6,3.66,17.13,32053,0.76,0,1.177,8.25,-92.2,30.694,2.213,4.71,0
8/20/2021,2:50:00,0,Piney Point,1.03,3.11,54677.5,2.192,13.42,6.08,48716.1,76.1,76.1,4.77,3.177,32.07,49316.1,3.18,15.49,32055,1.23,0,1.181,8.23,-91.4,30.692,2.187,4.71,0
8/20/2021,3:00:00,0,Piney Point,1.16,3.63,54681.5,2.171,13.29,6.03,48721.2,68,68,4.26,3.147,32.08,49321.1,3.23,15.67,32059,0.76,0,1.177,8.2,-89.6,30.69,2.168,4.71,0
8/20/2021,3:10:00,0,Piney Point,1.12,3.49,54670.3,2.156,13.41,6.07,48714.4,69.2,69.2,4.34,3.126,32.07,49313.9,3.7,17.28,32054,1.12,0,1.191,8.2,-89.7,30.687,2.153,4.71,0
8/20/2021,3:20:00,0,Piney Point,0.99,2.95,54673.1,2.132,13.12,5.98,48722.1,58.6,58.6,3.68,3.092,32.08,49321,3.44,16.39,32059,0.78,0,1.177,8.18,-87.9,30.681,2.13,4.71,0
8/20/2021,3:30:00,0,Piney Point,1.03,3.12,54668.5,2.115,13.27,6.03,48720.3,55.1,55.1,3.45,3.067,32.07,49319,3.16,15.43,32057,0.74,0,1.173,8.16,-87.3,30.679,2.114,4.71,0
8/20/2021,3:40:00,0,Piney Point,0.93,2.7,54667,2.1,13.44,6.09,48721.5,54.6,54.6,3.42,3.044,32.08,49319.8,2.69,13.84,32058,0.5,0,1.189,8.16,-86.7,30.676,2.099,4.7,0
8/20/2021,3:50:00,0,Piney Point,0.87,2.46,54665.6,2.083,13.52,6.11,48723.5,52.4,52.4,3.29,3.02,32.08,49321.5,3,14.9,32059,0.6,0,1.183,8.14,-86,30.673,2.084,4.71,0
8/20/2021,4:00:00,0,Piney Point,1.08,3.31,54659.9,2.069,13.04,5.95,48721.5,50.6,50.6,3.17,2.999,32.07,49319,3.66,17.14,32057,0.56,0,1.18,8.14,-85.8,30.67,2.066,4.71,0
8/20/2021,4:10:00,0,Piney Point,0.99,2.97,54607.9,2.06,13.25,6.02,48689.4,55.3,55.3,3.47,2.987,32.05,49284.8,3.1,15.22,32035,1.16,0,1.175,8.19,-88.9,30.655,2.059,4.71,0
8/20/2021,4:20:00,0,Piney Point,0.86,2.45,54619.6,2.055,13.44,6.09,48709.5,49.2,49.2,3.09,2.979,32.06,49304,3.11,15.28,32048,0.64,0,1.173,8.14,-85.6,30.645,2.054,4.71,0
8/20/2021,4:30:00,0,Piney Point,0.85,2.4,54582.9,2.054,13.77,6.19,48694.6,49.3,49.3,3.09,2.977,32.05,49286.8,4.09,18.61,32036,0.53,0,1.173,8.14,-86,30.626,2.051,4.7,0
8/20/2021,4:40:00,0,Piney Point,1,3.01,54533,2.051,14.11,6.31,48679.3,59.7,59.7,3.75,2.973,32.04,49267.9,3.44,16.38,32024,0.69,0,1.186,8.16,-87.3,30.595,2.047,4.71,0
8/20/2021,4:50:00,0,Piney Point,1.05,3.19,54472.9,2.057,13.82,6.21,48651,57.9,57.9,3.64,2.982,32.02,49236.2,3.41,16.3,32004,0.45,0,1.18,8.14,-86.1,30.569,2.054,4.7,0
8/20/2021,5:00:00,0,Piney Point,0.92,2.68,54489.5,2.057,13.22,6.01,48672.9,56,56,3.52,2.982,32.03,49257.6,4.12,18.71,32017,0.57,0,1.176,8.16,-87.2,30.561,2.053,4.71,0
8/20/2021,5:10:00,0,Piney Point,1.11,3.45,54479.1,2.063,13.79,6.2,48669.1,53.5,53.5,3.36,2.99,32.03,49253,3.93,18.06,32014,0.64,0,1.173,8.16,-86.9,30.555,2.062,4.71,0
8/20/2021,5:20:00,0,Piney Point,1.04,3.18,54465.4,2.059,13.69,6.17,48661.5,53.7,53.7,3.37,2.985,32.02,49244.8,3.75,17.43,32009,0.62,0,1.179,8.14,-85.8,30.551,2.057,4.7,0
8/20/2021,5:30:00,0,Piney Point,1.59,5.4,54450.8,2.067,13.46,6.09,48661.9,60.3,60.3,3.79,2.996,32.02,49243.6,5.5,23.38,32008,0.6,0,1.187,8.21,-90.3,30.536,2.07,4.7,0
8/20/2021,5:40:00,0,Piney Point,1.67,5.72,54348.6,2.074,13.5,6.11,48617.1,91.4,91.4,5.75,3.006,31.99,49192.7,4.95,21.51,31975,0.59,0,1.177,8.29,-94.7,30.487,2.073,4.71,0
8/20/2021,5:50:00,0,Piney Point,1.25,4.01,54412.1,2.087,14.26,6.36,48658.8,68.3,68.3,4.29,3.026,32.02,49236.7,3.31,15.95,32004,0.74,0,1.174,8.22,-90.6,30.503,2.088,4.71,0
8/20/2021,6:00:00,0,Piney Point,1.36,4.47,54371.1,2.104,13.36,6.06,48653.5,83.5,83.5,5.25,3.051,32.01,49227.7,4.04,18.44,31998,0.57,0,1.176,8.27,-93.6,30.47,2.103,4.71,0
8/20/2021,6:10:00,0,Piney Point,1.45,4.82,54370.9,2.122,13.67,6.16,48675,92.7,92.7,5.83,3.077,32.03,49246.8,5.33,22.82,32010,0.7,0,1.191,8.3,-95.1,30.448,2.122,4.7,0
8/20/2021,6:20:00,0,Piney Point,1.57,5.3,54380.6,2.143,13.43,6.08,48696.8,95.9,95.9,6.04,3.106,32.04,49267.3,5.18,22.31,32024,2.71,0,1.181,8.3,-95.5,30.434,2.144,4.7,0
8/20/2021,6:30:00,0,Piney Point,1.52,5.12,54389.3,2.164,15.4,6.74,48718.6,92.3,92.3,5.81,3.138,32.06,49287.7,5.57,23.62,32037,14.04,0,1.182,8.3,-95.2,30.419,2.162,4.71,0
8/20/2021,6:40:00,0,Piney Point,1.26,4.05,54402.1,2.188,13.3,6.04,48741.1,96,96,6.04,3.172,32.08,49309.1,4.08,18.57,32051,1.5,0,1.188,8.3,-95.2,30.408,2.185,4.7,0
8/20/2021,6:50:00,0,Piney Point,1.52,5.1,54410.1,2.214,13.17,6,48749.5,95.3,95.3,6,3.209,32.08,49317.5,4.19,18.93,32056,1.48,0,1.174,8.29,-94.7,30.406,2.215,4.71,0
8/20/2021,7:00:00,0,Piney Point,1.16,3.65,54411.6,2.235,13.14,5.99,48744,91.4,91.4,5.76,3.24,32.08,49312.7,3.61,16.96,32053,1.29,0,1.174,8.28,-94.4,30.414,2.238,4.71,0
8/20/2021,7:10:00,0,Piney Point,1.35,4.43,54408.2,2.25,13.74,6.19,48725.9,87.4,87.4,5.5,3.261,32.07,49296.2,4.37,19.54,32043,1.83,0,1.175,8.27,-93.5,30.429,2.253,4.71,0
8/20/2021,7:20:00,0,Piney Point,1.56,5.26,54410.4,2.269,13.66,6.16,48726.8,82.9,82.9,5.22,3.29,32.07,49297.3,5.44,23.18,32043,0.96,0,1.191,8.25,-92.6,30.43,2.266,4.71,0
8/20/2021,7:30:00,0,Piney Point,1.29,4.16,54394.4,2.292,13.37,6.06,48707.9,81.3,81.3,5.12,3.323,32.05,49278.6,4.44,19.77,32031,1.09,0,1.178,8.25,-92.3,30.435,2.291,4.71,0
8/20/2021,7:40:00,0,Piney Point,1.46,4.88,54373.6,2.321,13.82,6.21,48680.4,82.8,82.8,5.21,3.365,32.03,49252,6.85,27.96,32014,1.09,0,1.178,8.26,-92.8,30.444,2.318,4.7,0
8/20/2021,7:50:00,0,Piney Point,1.36,4.44,54354,2.347,16.57,7.13,48659,81,81,5.1,3.403,32.02,49230.7,5.69,24.02,32000,1.28,0,1.189,8.25,-92.4,30.449,2.346,4.71,0
8/20/2021,8:00:00,0,Piney Point,1.72,5.92,54344.7,2.37,13.47,6.1,48644.5,82.3,82.3,5.18,3.436,32.01,49216.8,4.49,19.96,31991,1.33,0,1.178,8.25,-92.4,30.455,2.373,4.71,0
8/20/2021,8:10:00,0,Piney Point,1.36,4.48,54334.3,2.396,15.49,6.77,48624.7,86.3,86.3,5.43,3.473,31.99,49198,5.3,22.71,31979,1.19,0,1.184,8.26,-92.9,30.466,2.396,4.71,0
8/20/2021,8:20:00,0,Piney Point,1.68,5.76,54299,2.42,16.72,7.18,48593.9,88,88,5.54,3.508,31.97,49166.8,4.69,20.62,31958,1.23,0,1.175,8.27,-93.5,30.465,2.42,4.71,0
8/20/2021,8:30:00,0,Piney Point,1.33,4.35,54313.5,2.445,15.69,6.83,48616,82.9,82.9,5.22,3.544,31.99,49188,4.38,19.58,31972,1.31,0,1.178,8.26,-92.8,30.456,2.444,4.71,0
8/20/2021,8:40:00,0,Piney Point,1.86,6.49,54384.3,2.469,14.57,6.46,48677.3,89.1,89.1,5.61,3.579,32.03,49250.2,6.73,27.56,32013,1.96,0,1.178,8.28,-93.9,30.458,2.473,4.71,0
8/20/2021,8:50:00,0,Piney Point,1.58,5.34,54526.5,2.496,14.62,6.48,48751.9,94.4,94.4,5.93,3.618,32.09,49332,6.5,26.79,32066,1.33,0,1.183,8.29,-94.6,30.513,2.498,4.71,0
8/20/2021,9:00:00,0,Piney Point,1.4,4.62,54608.1,2.522,15.24,6.69,48789.3,95.1,95.1,5.97,3.657,32.12,49374.1,4.59,20.28,32093,1.72,0,1.178,8.29,-94.6,30.55,2.519,4.71,0
